-3.531000000000000139e+00 -8.794260000000000410e-01 1.320000000000000062e-01 7.281000000000000227e+01 2.718064318853272709e-01 
-3.456644226416253129e+00 -8.376439202133503237e-01 1.289152763681778724e-01 7.747845544777275961e+01 1.527627390695439902e-01 
-3.386112808679592412e+00 -8.260167139044088946e-01 1.312582423662729814e-01 8.290581026944948917e+01 3.276435841366127921e-02 
-3.317611973942983461e+00 -8.046882041133198715e-01 1.314172036338445981e-01 7.824283967339735568e+01 2.444538232390854049e-02 
-2.946436957206663099e+00 -7.925693972568353951e-01 1.253268933405969066e-01 7.917674823695601560e+01 2.895186183329345742e-02 
-2.960011958435169177e+00 -8.365929766773045895e-01 1.290451985312333072e-01 7.941104575947353794e+01 2.273316042063123696e-02 
-3.073452176825656412e+00 -8.640895682561376967e-01 1.219895158789465195e-01 7.571265192303573599e+01 1.353038034220398547e-02 
-3.296065142804962100e+00 -8.901273962617360924e-01 1.206577154450593770e-01 7.092727309440428485e+01 3.598696500230027379e-02 
-3.345219681020931368e+00 -8.127315636541471155e-01 1.249332045468963120e-01 6.955598648374483162e+01 6.290674428433493115e-02 
-3.163408402414440435e+00 -8.030753454270074254e-01 1.260379090818820602e-01 6.526733715274724545e+01 1.242007044749501160e-02 
-2.847243335527353647e+00 -7.909281400990072486e-01 1.212091792963152226e-01 6.507831501403553887e+01 2.867648877262362478e-02 
-2.852457309394750062e+00 -7.436845990517908511e-01 1.359612632572733404e-01 6.072303760094956715e+01 3.226501664093116284e-02 
-3.076683212941529799e+00 -7.059529043096808287e-01 1.407836786569267029e-01 5.799171218204707401e+01 1.626614370063262510e-02 
-3.067447659073369692e+00 -7.281400287667884053e-01 1.412571097988141733e-01 5.676353580853934488e+01 2.278453532231746945e-02 
-3.145805307452357980e+00 -7.488626417486548004e-01 1.370033946350672494e-01 5.495080011836874689e+01 2.792749384961377285e-02 
-3.226017084733491025e+00 -7.384336446576333923e-01 1.425693148019221146e-01 5.128896895721638316e+01 4.951485781281060941e-03 
-3.177951328895857408e+00 -6.572659589840936789e-01 1.489801119127018292e-01 5.839518549622321331e+01 2.892183443449925645e-02 
-2.986596286009366885e+00 -6.907125214892100296e-01 1.519112061200324215e-01 5.811272477057089247e+01 3.448143298574239679e-02 
-2.813372655867572458e+00 -6.751496259203934036e-01 1.544225703526057869e-01 5.862840338519194461e+01 3.359139202042261269e-02 
-2.715731209982191086e+00 -7.278596694238959053e-01 1.581948064547534227e-01 5.938173725130450009e+01 3.348627271919109305e-02 
-2.683801674746757460e+00 -7.015615420165483007e-01 1.631068670029359735e-01 5.799072597853847810e+01 4.982345955099075352e-02 
-2.581135669700042712e+00 -7.416992065632832531e-01 1.667907629481223675e-01 6.230883525888746988e+01 1.482651471699938939e-02 
-2.764748460583863032e+00 -7.362476394968492377e-01 1.735047279204926796e-01 5.816294440832991341e+01 4.104229442524632426e-02 
-2.625335028963102335e+00 -7.272320876694493563e-01 1.592770137572808442e-01 5.589750193686342072e+01 2.619793745291230241e-02 
-2.856974476335453872e+00 -7.462434112882737614e-01 1.540963735881816232e-01 5.221148975722912411e+01 3.135284041093566731e-02 
-2.698372289435983618e+00 -7.252170008280858227e-01 1.533712690651898858e-01 5.253686884329158602e+01 8.090039083408340215e-02 
-2.784782160058118183e+00 -7.009470274128731804e-01 1.492867859723389923e-01 5.482723119785528354e+01 7.901557649281408177e-03 
-2.642937838929850791e+00 -7.208367745311200503e-01 1.435939464280038547e-01 6.024874319037930803e+01 2.188767367154482307e-02 
-2.545343456924245018e+00 -7.758544118837586989e-01 1.516475920326033067e-01 5.538175820161198715e+01 1.338422366372389316e-01 
-2.652058263623195966e+00 -7.255074200192971334e-01 1.521617566801879429e-01 5.650471276924228903e+01 5.577733011711395045e-02 
-2.931804558700492169e+00 -7.804101478279856785e-01 1.602695102393053572e-01 5.661849483117344306e+01 3.081759125886340128e-02 
-3.208286966497226445e+00 -8.587785702211091499e-01 1.551968501380148746e-01 5.491193615365214242e+01 5.065613606764387405e-02 
-3.235488347981075208e+00 -8.307403188761918189e-01 1.526024054179578315e-01 5.651144891108695845e+01 1.923941672845413259e-02 
-3.211916414288658927e+00 -8.372852813725519816e-01 1.577521171669521993e-01 5.856196373380004161e+01 3.111893032606717624e-02 
-3.095768125840595353e+00 -7.936993843912859559e-01 1.620778183787558169e-01 5.280501937671746049e+01 6.603955227510027726e-02 
-3.287486270553469758e+00 -7.772278323894038499e-01 1.557199218690523412e-01 5.203471926785547907e+01 1.665510493648577131e-02 
-3.493246254116044280e+00 -7.458629125575056973e-01 1.622455019899827489e-01 5.192274264859103283e+01 3.363247365734619021e-01 
-3.537882571560848621e+00 -7.616781047041595309e-01 1.759735965041591688e-01 5.527443236528234394e+01 3.318126356095985607e-01 
-3.431026432516118607e+00 -7.394933847711511188e-01 1.733782749753273456e-01 5.475490185653233510e+01 6.607633651277085296e-02 
-3.462519438861527465e+00 -6.991080315019323477e-01 1.632833300657372255e-01 5.768073447764059836e+01 3.364321424431169216e-01 
-3.468388735343251650e+00 -6.831178512596622898e-01 1.608426445042549224e-01 5.403795466014958038e+01 3.889014022358883715e-01 
-3.428249704003745180e+00 -6.850456630193386687e-01 1.589673656282034886e-01 4.798635898716553783e+01 3.953061992556842208e-01 
-3.517798615243720839e+00 -6.418231096444878547e-01 1.589145950424769305e-01 5.257672618698894240e+01 8.330007552641960356e-02 
-3.396680324362959524e+00 -6.357829319611429941e-01 1.542046678557464912e-01 5.293161243137544858e+01 8.211268402858395987e-02 
-3.490976180132056239e+00 -6.606159718336649389e-01 1.686802772366087499e-01 4.613738333440858952e+01 4.105995130607872912e-01 
-3.483563593716215046e+00 -6.494980500948343005e-01 1.581889308904471936e-01 5.189768182157516918e+01 3.583400283532260922e-01 
-3.441117736905941360e+00 -6.822905849568021708e-01 1.458917672450739389e-01 5.131883582050242154e+01 3.832099668760504119e-01 
-3.403851987340979157e+00 -7.188553097331500386e-01 1.387042605793033234e-01 4.400882902485791703e+01 2.950495901329547310e-01 
-3.385718054567385504e+00 -6.923949937501281404e-01 1.403614670897115058e-01 4.457459991111809217e+01 1.578081247976729218e-01 
-3.083524433635568496e+00 -6.459573879624923576e-01 1.374024330772359581e-01 4.962470715854220771e+01 1.835642253839164795e-02 
-2.906258383102124032e+00 -5.814846086850792295e-01 1.244870377741875839e-01 4.654992899571146125e+01 2.348373148384137743e-02 
-3.093311128815291688e+00 -5.736723029632431192e-01 1.177016717149547143e-01 4.232795028111669211e+01 1.743665841198871469e-02 
-2.969957361898785564e+00 -6.155762453426547598e-01 1.134797003655019371e-01 3.582813599208466826e+01 2.236907642022289977e-02 
-3.120306700173228087e+00 -5.963948086398617177e-01 1.139803717085994816e-01 3.337061124333717999e+01 2.193158003658069247e-02 
-2.997597173177974916e+00 -6.133299937064674578e-01 1.052669694927577393e-01 3.246452772271305776e+01 2.797062801407408997e-02 
-2.930145769615543294e+00 -5.919685814687098979e-01 1.064687736378849003e-01 2.947167268365815573e+01 4.773798355784886899e-02 
