-3.531000000000000139e+00 -8.794260000000000410e-01 1.320000000000000062e-01 7.281000000000000227e+01 3.546859498152572510e-01 
-3.468233905248898186e+00 -8.901039346189921764e-01 1.363509244247711472e-01 7.862233393764732625e+01 8.722007630846273507e-02 
-3.190094002785795801e+00 -8.637006124834534226e-01 1.359669249454835971e-01 7.730880032976773464e+01 3.419610041317550780e-02 
-3.200591037871709510e+00 -9.765298872060961255e-01 1.287485742805963285e-01 8.081606490128407927e+01 1.954507228258847706e-02 
-3.217644729932696901e+00 -1.055141601281597730e+00 1.172605257435795356e-01 8.321971481117506642e+01 1.772726749384757883e-02 
-3.226082947612544771e+00 -1.064939380279425585e+00 1.154832102716645548e-01 8.831674461132180909e+01 1.356938088125993029e-02 
-3.102709473282094788e+00 -1.004529099428673300e+00 1.145529056888273944e-01 8.372527208300564894e+01 1.659365055304305725e-02 
-3.285174536706314541e+00 -1.003599314610744475e+00 9.618185425973005409e-02 8.456914391546982301e+01 1.269829897232488403e-02 
-3.391112158241708752e+00 -1.000671057966043831e+00 8.813036915833266649e-02 8.790981253619746383e+01 5.715265683398983859e-03 
-3.449268295718625144e+00 -1.023147388661152180e+00 9.327090504460719411e-02 8.942850149967817686e+01 2.261798436636349233e-02 
-3.276476437187049395e+00 -1.023348553419166196e+00 1.002854214876189587e-01 9.401386289734516311e+01 3.075201599669552185e-02 
-3.480943042718641411e+00 -1.053224384895612209e+00 1.140110244948482482e-01 8.594045656859452720e+01 1.334409941802849192e-02 
-3.411101390064907868e+00 -1.041097681991935309e+00 1.227196821784214964e-01 8.234203850921474555e+01 3.261148998589694092e-02 
-3.546510171305397030e+00 -1.050640107754177155e+00 1.295952147736061655e-01 8.112028243350899004e+01 1.716624958535885592e-01 
-3.494955282757086668e+00 -1.019001756969218242e+00 1.268438047395098744e-01 7.856067932137325727e+01 2.430423241916025434e-01 
-3.509303628298214850e+00 -1.072904778718679397e+00 1.265335132432842402e-01 7.183742406360045152e+01 1.460859600581044249e-01 
-3.542656662889249741e+00 -1.066015065421426655e+00 1.120506736354651006e-01 7.172569509299601975e+01 3.846789869670068640e-01 
-3.445153780586507786e+00 -1.101060618349352982e+00 1.116304170663882656e-01 7.195238578544342545e+01 2.114092692977782156e-02 
-3.292316227723993904e+00 -1.104012685870947585e+00 1.159335531122706597e-01 7.178546070708303262e+01 3.494587103368090863e-02 
-2.801411152766801305e+00 -1.052949534924820574e+00 1.179025879560628570e-01 6.682577747773601118e+01 2.630775924954236941e-02 
-3.043879957420092541e+00 -1.075210544056609097e+00 1.245261476217881941e-01 6.868518139179813886e+01 2.230409500948105778e-02 
-2.740005832823268150e+00 -1.096256956847126984e+00 1.183633532242849840e-01 7.252959913254149171e+01 1.788898099484717563e-02 
-2.721454127100128240e+00 -1.151946301246493221e+00 1.172975872872976111e-01 7.313114139780022072e+01 1.487900592687393941e-02 
-2.548535902332205616e+00 -1.153996992030624336e+00 1.257706673277115550e-01 7.213958373958344339e+01 9.385118760029887569e-03 
-2.299587699516525863e+00 -1.162779531987869319e+00 1.347214143138197318e-01 7.842593086153043203e+01 1.594317346665094504e-02 
-2.167614091683570443e+00 -1.275191141271283968e+00 1.381196257077921263e-01 7.794572734168201578e+01 2.010637304587883575e-02 
-2.329244388582294878e+00 -1.233112735291260753e+00 1.470611425185304466e-01 7.463834992066482243e+01 3.641625755375356432e-02 
-2.143146102710562495e+00 -1.204564286361113012e+00 1.460867540701431544e-01 7.477484094477568988e+01 2.929480544223194566e-02 
-1.996385442489791773e+00 -1.157653855315044611e+00 1.507720077079131860e-01 7.850787484576925124e+01 2.449699804316617102e-02 
-1.616900702753959251e+00 -1.143640999418906290e+00 1.560041743715756546e-01 7.825007381925098571e+01 2.141230314366791149e-02 
-2.031121259774108179e+00 -1.174565311348086949e+00 1.534208763590597380e-01 7.311453228017451522e+01 2.332550486413947910e-02 
-1.997591986883687332e+00 -1.187622237839017547e+00 1.624992465572079603e-01 7.208335176954125245e+01 1.360811820524549659e-02 
-2.290984072966302243e+00 -1.145993799759157827e+00 1.747921666210432712e-01 7.776223775917144110e+01 5.304192234973297004e-02 
-1.940485415198538011e+00 -1.164936530860065211e+00 1.761984094568080639e-01 7.744485965473532474e+01 3.051586280992691844e-02 
-1.978383950371320532e+00 -1.123203543452970576e+00 1.700990107222326020e-01 6.944523242482090097e+01 2.368669601308541137e-02 
-2.129457546901641241e+00 -1.103515353466347326e+00 1.686749541448821221e-01 7.163027919747253236e+01 1.441250654146199010e-02 
-1.914109145279615287e+00 -1.098210890532633099e+00 1.691734118116677565e-01 7.382485553644184506e+01 1.422785733148618920e-02 
-1.633286447771717276e+00 -1.068241913436059676e+00 1.614060791989048171e-01 7.373010120466356909e+01 2.794952753954812324e-02 
-1.609200270532660459e+00 -1.036617946195475204e+00 1.539657710732651175e-01 8.161288544031651782e+01 1.045376364129301135e-02 
-1.664985599750795853e+00 -1.069472321825661654e+00 1.573463486649070708e-01 8.209638905322822211e+01 2.757699072146538311e-02 
-1.698006564477843261e+00 -1.043341812121108436e+00 1.554817599550302187e-01 7.890073062409568649e+01 4.522651357892780444e-02 
-1.459029182985400297e+00 -1.043002676342143165e+00 1.551416900597152038e-01 7.668823633125630579e+01 2.282778020776438793e-02 
-1.251903063556524476e+00 -1.004794800951557043e+00 1.600438557562964270e-01 7.447471837599091771e+01 1.866655862691541171e-02 
-1.270153728232255919e+00 -9.615092982068254024e-01 1.572004214022334756e-01 7.546295733981691001e+01 1.193571177941331329e-02 
-1.352296888102739514e+00 -9.354624773605916266e-01 1.499222643017320833e-01 7.506978355461072283e+01 1.333254692680348880e-02 
-1.359952879427974270e+00 -1.043494578744302848e+00 1.524460753795459089e-01 7.594543631383133686e+01 6.154408481608916043e-02 
-1.382454082287054797e+00 -1.006435545327316827e+00 1.481039224826329603e-01 7.182399219929959600e+01 4.672583731580938482e-02 
-1.399431203030329085e+00 -9.383675934249484651e-01 1.636234064381719144e-01 6.609808873673399887e+01 5.458071692103194650e-02 
-1.428542055762765717e+00 -9.263893181778795061e-01 1.626120595839642413e-01 6.381747483547243860e+01 2.203023319819234077e-02 
-1.474952048758413348e+00 -9.849684037736403663e-01 1.680406811614302831e-01 5.757839162150388290e+01 2.227701189417930633e-02 
-1.417678136094938424e+00 -9.370857118549477116e-01 1.708634768124902836e-01 6.044126886780055941e+01 7.742468628718204848e-02 
-1.610935019128057588e+00 -9.577898938109458138e-01 1.779718345578192862e-01 6.002070250540194252e+01 2.658132808995083626e-02 
-1.846720693828973969e+00 -9.729730827363975987e-01 1.792834418902095328e-01 6.108066144011495879e+01 3.983574429460143285e-02 
-1.947549542651429766e+00 -9.599476789216381256e-01 1.846031520265231651e-01 5.908955103842234990e+01 2.646302880108076030e-02 
-2.000235940001038326e+00 -9.580054102949281392e-01 1.896561789324044678e-01 6.018799107252646508e+01 4.799965292930942484e-02 
-2.072907495412783074e+00 -9.400173617114918612e-01 1.876071919890442141e-01 5.551869711847069766e+01 9.724132251804074034e-03 
-1.995681312078311676e+00 -9.017374004996565606e-01 1.894240583419094515e-01 5.506732317280354749e+01 2.493498446605985075e-02 
-1.852744180893845405e+00 -8.945522897397530926e-01 1.819560678987796609e-01 5.276964563172791856e+01 3.121738556823122276e-02 
