-3.531000000000000139e+00 -8.794260000000000410e-01 1.320000000000000062e-01 7.281000000000000227e+01 3.280356498381411523e-01 
-3.463851749994899532e+00 -9.293136919893651982e-01 1.411973299972254514e-01 6.927571360370389186e+01 8.439634253037917033e-02 
-3.495226885861996369e+00 -9.647755284186149138e-01 1.259699243068626018e-01 7.490256394030740239e+01 1.648597636268366307e-01 
-3.519643629122544137e+00 -9.374910020538226307e-01 1.225739030824673642e-01 7.605334665537527883e+01 3.761215544005375166e-01 
-3.469756329233834258e+00 -9.623999385053640943e-01 1.257089658422685663e-01 7.649676075258724950e+01 1.109680606546649961e-01 
-3.512566890770764783e+00 -9.173732097822574483e-01 1.190954869952824541e-01 7.035910303836342905e+01 4.497082752574511622e-01 
-3.451284448885354017e+00 -8.654051228344292745e-01 1.161870627726814820e-01 7.234048172438278357e+01 1.301053681653138450e-01 
-3.485479064449862996e+00 -7.818436244395556844e-01 1.138809854830479251e-01 7.214331160460267256e+01 4.206003643956579552e-01 
-3.478938863501436884e+00 -7.973380464462813677e-01 1.201074758030386130e-01 7.162712373464341908e+01 3.310727189745200083e-01 
-3.573098924903350238e+00 -8.361706970992641708e-01 1.177558319421883326e-01 7.208253089139063263e+01 3.037246939091468589e-01 
-3.460733916685733824e+00 -8.159528826269154544e-01 1.257093803224580142e-01 7.230626956105500369e+01 2.636895794909564494e-01 
-3.456254728314229752e+00 -8.013569074156641214e-01 1.266977183977707755e-01 7.361144240034977315e+01 2.075468097089716857e-01 
-3.469578213649389120e+00 -8.626108401835538286e-01 1.271381888732372734e-01 7.205003176999002790e+01 2.926802689858890583e-01 
-3.566361063363123307e+00 -8.853158646706247303e-01 1.243737163815136770e-01 7.844488870478939191e+01 2.526166016016033744e-01 
-3.490264686626711743e+00 -8.415452166942285483e-01 1.297509881508595864e-01 8.398469018317952361e+01 3.004690787836116206e-01 
-3.526893646529071447e+00 -8.359408985079758159e-01 1.289375268675121422e-01 8.270777508379707399e+01 3.570000451205356251e-01 
-3.589186802499416906e+00 -9.406255467671059689e-01 1.305410915980441400e-01 8.637433804237120683e+01 2.360836172008026757e-01 
-3.579733401406310911e+00 -1.039591438678536095e+00 1.354249229144254552e-01 8.501387321026159327e+01 2.870669046658271828e-01 
-3.594536928028537748e+00 -1.013423666497187625e+00 1.380236603360247005e-01 8.607605921450011977e+01 3.037211735028407245e-01 
-3.532483097888239776e+00 -9.617836907372394606e-01 1.426763980639768059e-01 8.356638091395468848e+01 3.133363981812253840e-01 
-3.554451041952559454e+00 -9.660051648043409545e-01 1.437227299099357869e-01 8.898284663527535088e+01 3.798056507963563089e-01 
-3.578071451220341093e+00 -9.846184793515692091e-01 1.469414475136397169e-01 8.921989311743857343e+01 4.074098283493605144e-01 
-3.604646399691755043e+00 -1.007948507876465394e+00 1.609303819970741845e-01 9.207241437537096829e+01 3.539784333834997687e-01 
-3.520601828087762009e+00 -9.689273180423769727e-01 1.574943534729665029e-01 9.116167814715008433e+01 9.078182381308270987e-02 
-3.552329368139217181e+00 -1.044924655345541797e+00 1.540339680656865884e-01 9.008475863142891171e+01 4.358347749915225666e-01 
-3.566035266931268044e+00 -1.031580725850121061e+00 1.547383864068322123e-01 8.509209986885265664e+01 2.295756302620449163e-01 
-3.588364351950169784e+00 -1.095090477241295490e+00 1.542907198123373291e-01 8.130606744553762155e+01 2.115755020193904878e-01 
-3.506222664589186078e+00 -1.111469156407284498e+00 1.506615386852147020e-01 8.843921557096142294e+01 9.149935641495210437e-02 
-3.527581548466274253e+00 -1.123628386247661703e+00 1.590422207613763073e-01 8.789990955787150995e+01 8.710871728054958574e-02 
-3.524718231799719881e+00 -1.126583830080348569e+00 1.647315459461536902e-01 8.859361879391376249e+01 1.571956979483793981e-01 
-3.589301754955267931e+00 -1.166998770368003147e+00 1.651628101811684068e-01 8.627709016115832696e+01 3.363033621998127165e-01 
-3.578865612158053988e+00 -1.148393426022855657e+00 1.626624004728577100e-01 8.323734945496771331e+01 3.011720944157677549e-01 
