-3.531000000000000139e+00 -8.794260000000000410e-01 1.320000000000000062e-01 7.281000000000000227e+01 3.165526398437208400e-01 
-2.993137553219015867e+00 -7.957853364973459520e-01 1.722094308905615101e-01 6.950556291779643914e+01 2.377726519250359521e-02 
-3.049533961559481199e+00 -7.994058373133832163e-01 1.645048502012874392e-01 5.904997717553823122e+01 1.678378923376432075e-02 
-2.831708505990044866e+00 -7.532519766861784927e-01 1.643085725594904123e-01 6.317951181587800846e+01 3.513062603088259322e-02 
-2.563284468121702186e+00 -7.547360046745724693e-01 1.703952794750412114e-01 5.722970660583246882e+01 1.864848097444695568e-02 
-2.257819817353910352e+00 -7.994289983918163589e-01 1.647917600012709372e-01 6.045390233905029476e+01 1.080300755150027416e-02 
-2.059567841986223780e+00 -7.085233813819140636e-01 1.641439607952042690e-01 6.044384941360909380e+01 2.365609718176391735e-02 
-1.931660773300518885e+00 -7.710825747213657655e-01 1.648878406230473159e-01 5.477726117399468819e+01 1.942395584644079909e-02 
-1.664972309379694426e+00 -7.249297697346205327e-01 1.549826358392532022e-01 5.074662241199845170e+01 2.565840829630254907e-02 
-1.419122275324478544e+00 -7.568982195888321884e-01 1.515163122896336922e-01 5.072779061979355930e+01 2.387161665578071967e-02 
-1.267570496786276424e+00 -7.662044789926034660e-01 1.470159612660454640e-01 5.360582472158387191e+01 1.880593177274586178e-02 
-1.202190644195294977e+00 -8.009110537813250996e-01 1.504957175321961771e-01 5.373496224170274616e+01 1.850207951736660555e-02 
-1.125948914931144795e+00 -8.991518672930177702e-01 1.569424179435291444e-01 5.718491896539099173e+01 3.754178749821174277e-02 
-1.134519634383624132e+00 -8.526775075390017333e-01 1.642951265593274313e-01 5.073135622832194258e+01 3.439873465747216030e-02 
-1.095451731515491911e+00 -8.347729987843043320e-01 1.595953940752413980e-01 5.395290550288142128e+01 2.459143254223817437e-02 
-8.792886744396563037e-01 -8.330278289651754653e-01 1.660126823461498535e-01 5.121829866823991040e+01 3.481704941083080262e-02 
-1.382465593722827624e+00 -7.788071341353144383e-01 1.748760894352391349e-01 4.890528845288260129e+01 1.945631492345433616e-02 
-1.478125947934705753e+00 -8.400688076308289176e-01 1.728563022873358390e-01 4.655418037838271061e+01 3.968097481866092457e-02 
-1.661788639539566237e+00 -8.054974310564657625e-01 1.758392216760828464e-01 4.500512360993704419e+01 3.884776550398563733e-02 
-1.587899782068811216e+00 -7.085259721366560237e-01 1.842446186915199791e-01 4.688106000585931099e+01 2.517974122932951225e-02 
-1.526757872105861225e+00 -7.072674144100192795e-01 1.929059029350209398e-01 4.777729087914136130e+01 1.436854619908044944e-02 
-1.749178954203720826e+00 -7.682814043844220508e-01 1.929648439107706503e-01 5.047511586788755267e+01 4.774648884469095966e-02 
-1.778474861017925512e+00 -7.974767010334588013e-01 1.858066945968591399e-01 4.867518713928269847e+01 2.218236246514083965e-02 
-2.042673433675497474e+00 -7.912114378520949121e-01 1.783858736530376798e-01 5.586288298315295009e+01 4.845120356928863531e-02 
-2.311290978905971016e+00 -7.693283341482486382e-01 1.963790691552712575e-01 5.204274864615555174e+01 2.541657456135590354e-02 
-2.098417046281046083e+00 -7.244235359395551077e-01 2.055591626237038005e-01 5.729677478346924602e+01 1.817463701404501558e-02 
-1.875988187896797887e+00 -7.595760820880000930e-01 2.016765638531344551e-01 5.737510795336613256e+01 2.282694930889730967e-02 
-1.473954893401885347e+00 -7.608602070694926445e-01 2.078520808214040783e-01 5.953289326324576081e+01 6.022673348064070710e-03 
-1.931156404742983002e+00 -7.174883606394908409e-01 2.116871899427273662e-01 5.625045511575508073e+01 2.429635014314438651e-02 
-1.997401879653596390e+00 -7.129030723378797507e-01 2.097444803136058189e-01 5.836546236035384538e+01 7.907345320238402808e-02 
-2.112840305009477504e+00 -7.332126906808259514e-01 2.139454513241272615e-01 5.362818825384677979e+01 6.716019681657572904e-02 
-2.246235608995538868e+00 -7.090990845567990419e-01 2.019716879556040512e-01 5.149428632955362417e+01 2.551387582599982246e-02 
-2.153549090568920743e+00 -6.853072144060237125e-01 1.980694239645637289e-01 5.334233385479144829e+01 1.912960457221217145e-02 
-2.474940581743831025e+00 -7.047829390777663461e-01 1.959736176861155976e-01 5.626984735681635641e+01 2.291614351269063987e-02 
-2.658918030514641817e+00 -7.410886134640309875e-01 1.862235430522600488e-01 5.523665104591540853e+01 2.786508460355261591e-02 
-2.788649727488938801e+00 -7.784386382124535153e-01 1.906698480676168317e-01 5.763590739209481484e+01 1.945823784915774735e-02 
-2.572141528060077231e+00 -8.004994120329672613e-01 1.807221451785170074e-01 5.282594443719914068e+01 1.140621405106017477e-02 
-2.677493191944150475e+00 -7.965586004840379264e-01 1.695492287581475133e-01 5.167090309011605598e+01 4.002411302481648225e-02 
-2.802040570751409110e+00 -8.019003765010525031e-01 1.678037561859749283e-01 4.826051766135986298e+01 2.990340521325446366e-02 
-2.894099102711563898e+00 -8.371701333911496512e-01 1.658480131383273937e-01 4.759995093989910231e+01 2.393155415130999303e-02 
-2.849028657522415742e+00 -8.007449655571958758e-01 1.666397469481677440e-01 5.334316896937883712e+01 2.259533707308640851e-02 
-3.026416281868031799e+00 -7.924197129335333045e-01 1.644839251759176724e-01 5.991941395520882452e+01 4.095249629380127293e-02 
-3.092265617425654867e+00 -8.342992351299480802e-01 1.584798289207512423e-01 5.414446472948200295e+01 4.813926652533719042e-02 
-3.174648423565924915e+00 -8.256837033913200230e-01 1.699652926713526024e-01 5.601991564057568951e+01 2.451639988807920167e-02 
-3.268128443172408026e+00 -8.314651672914140645e-01 1.784328195761243352e-01 5.830933996574822942e+01 4.672933386490248781e-02 
-3.244782837689359045e+00 -9.073462604396673736e-01 1.709920758043694256e-01 6.023650844372157565e+01 2.534355422771808822e-02 
-3.222992703971905737e+00 -8.904558920153929913e-01 1.635031500786666703e-01 6.982190528518819406e+01 3.357685440841797625e-02 
-3.343261644110844255e+00 -9.351573528796769397e-01 1.558511905126130359e-01 6.824562011256253413e+01 5.611451000568447312e-02 
-3.460980557173095828e+00 -8.887801398643007111e-01 1.571978269375116644e-01 6.208927287779481929e+01 1.744173712978856761e-01 
-3.388207626739668132e+00 -9.169367794651873682e-01 1.546787969198547275e-01 6.833650095414508030e+01 6.288535448641116576e-02 
-3.559000442805972497e+00 -9.707373525802690528e-01 1.582384564534844718e-01 7.244347915968356233e+01 2.625639059993672975e-01 
-3.567102319679847255e+00 -1.048222604967705474e+00 1.535116058958623797e-01 7.292222909296611988e+01 3.293035197786199353e-01 
-3.582549956794735646e+00 -1.042857555430088290e+00 1.642165836404111956e-01 6.620173170903623827e+01 2.997278844379658302e-01 
-3.354400297004773712e+00 -1.016705467037758437e+00 1.616816103493037282e-01 5.976683423518427674e+01 1.603812736107862458e-02 
-3.590825608347044895e+00 -1.003663595140744214e+00 1.572756402689394761e-01 6.213091588202566840e+01 1.833997102566271853e-01 
-3.453293972316383798e+00 -9.913861196114098773e-01 1.535410846626227843e-01 5.834363163761874915e+01 6.797898240090098632e-02 
-3.361799213851052404e+00 -9.907506884447949691e-01 1.428174919633373730e-01 6.142326960894292398e+01 6.374512474722347777e-02 
-3.317695487764400930e+00 -9.748874406183716257e-01 1.434484999500456881e-01 6.625595239781971202e+01 1.995735911206595117e-02 
-3.536120024177729526e+00 -9.828167745229351437e-01 1.446565578244315697e-01 7.121061386420082329e+01 2.393393300402818502e-01 
-3.538990150639625742e+00 -9.611369089150083589e-01 1.495474326989454927e-01 7.391697585894962685e+01 3.700525650551259038e-01 
-3.544874745515447678e+00 -1.030234211934400124e+00 1.395325108529859581e-01 7.128556332637079151e+01 2.528895174950406832e-01 
-3.512465440842477360e+00 -1.011228464934722515e+00 1.561257059769727285e-01 7.001636618245153443e+01 2.706101985824996836e-01 
-3.464576224308307584e+00 -9.068479294481891495e-01 1.508103553052605739e-01 7.498216688723682921e+01 8.258042137642732095e-02 
-3.598392532481660133e+00 -9.226408085426902606e-01 1.593594211163764374e-01 6.293311083547893503e+01 1.856687481094804193e-01 
-3.522562627789714629e+00 -9.421905550582733158e-01 1.509364915667308904e-01 6.526343826930958869e+01 4.773672256449346674e-01 
-3.537974037878188760e+00 -9.306286365673943628e-01 1.561351944883175025e-01 7.257228208288664462e+01 1.887324586192506981e-01 
-3.500625672552077461e+00 -9.626514885569906754e-01 1.527232572998337423e-01 6.892944645739399334e+01 1.871032242891907116e-01 
-3.509991368955090785e+00 -9.390151799135244559e-01 1.508665447011948157e-01 6.948458816810388328e+01 4.414231698334523252e-02 
-3.440537602863006583e+00 -9.681490591452694972e-01 1.562843904899686998e-01 7.342180230020714760e+01 1.781847018771641478e-02 
-3.330056280567181837e+00 -9.873848205403410461e-01 1.573497128429192926e-01 7.989866958629508531e+01 2.631655704527990219e-02 
-3.460938264014768340e+00 -9.976013024759756709e-01 1.528717500906879023e-01 8.039505135203660302e+01 1.719638606276250453e-02 
-3.069306673516404960e+00 -9.446052823098984863e-01 1.491934708344228866e-01 7.977441191307096346e+01 2.193203425815611063e-02 
-3.400859194812729580e+00 -9.026081416068686414e-01 1.501696469351182783e-01 8.021199289029387103e+01 1.969532029315511357e-02 
-3.471513376510645621e+00 -7.915219493427141373e-01 1.390922736435581397e-01 7.386193536774716506e+01 1.373534742491749339e-01 
-3.545260375202488490e+00 -8.710811286498514328e-01 1.364476430088490677e-01 7.211104750004943753e+01 3.728908867366033664e-01 
-3.533553083941283202e+00 -7.922013476852082237e-01 1.297848477249548826e-01 7.509659982679580992e+01 3.152026597583348355e-01 
-3.527423646965247794e+00 -7.422038967450949043e-01 1.379575652731268309e-01 7.436851407306211570e+01 4.415527688360025849e-01 
-3.419660596182694690e+00 -7.397099318911082300e-01 1.455379586072266807e-01 7.157030704446107450e+01 3.613348591841809149e-02 
-3.387599323985528876e+00 -8.395809653796428851e-01 1.484369592417635608e-01 6.563706791795017637e+01 1.794790350266774887e-02 
-3.393980557487821237e+00 -8.291903911547910955e-01 1.573134266379040691e-01 6.307076710505875639e+01 1.086832955373302941e-02 
-3.391991564959172756e+00 -8.107770889979337703e-01 1.488468733633974694e-01 6.131187787377709952e+01 3.025259095824648151e-02 
-3.426032858189413943e+00 -7.475973455889541874e-01 1.455840327876831986e-01 6.470102751534481911e+01 1.218392228809405120e-01 
-3.318199911896688725e+00 -7.822256022991113111e-01 1.498707184123351244e-01 6.685354914935217607e+01 4.684218683778353098e-02 
-3.250928438879671756e+00 -8.403864611120790418e-01 1.484911271257421950e-01 7.192489256627817440e+01 4.254893904333684196e-02 
-3.238776406086550264e+00 -8.278298853489114428e-01 1.422147453440040787e-01 6.616045314763799468e+01 7.525392101020297875e-02 
-3.175856896217033931e+00 -7.631488749610217948e-01 1.448137963834738029e-01 6.900626560969462275e+01 2.423213239225835425e-02 
