-3.531000000000000139e+00 -8.794260000000000410e-01 1.320000000000000062e-01 7.281000000000000227e+01 2.632329808769013901e-01 
-3.468585692239320117e+00 -8.871126429094794430e-01 1.344918756637790425e-01 7.269494018979521854e+01 2.471678360025300614e-01 
-3.344471348387240806e+00 -8.765655496883649755e-01 1.463324878133040186e-01 7.183350956387955932e+01 6.209911284083516336e-02 
-3.408575529980328866e+00 -8.965238658998019305e-01 1.434549092226354849e-01 7.678899856866718210e+01 2.165096459823572655e-02 
-3.313761427626356060e+00 -9.845874099267286628e-01 1.474452522476521199e-01 8.049811602856188131e+01 1.773549476091556068e-02 
-3.289389797666592674e+00 -1.010594927447165947e+00 1.437738674920917559e-01 8.308506931153972630e+01 1.283029325821427417e-02 
-3.543393561028777228e+00 -1.040543886172064392e+00 1.437287359007573262e-01 8.108206334388626146e+01 4.669083626128660569e-01 
-3.527834571867105140e+00 -1.017464368142790399e+00 1.399385629870879000e-01 8.667607231661455103e+01 3.506674340561753422e-01 
-3.553205211361547544e+00 -1.027520541721623548e+00 1.345762975886436175e-01 9.138191886636207073e+01 4.135535881285765103e-01 
-3.636364407837503698e+00 -1.083214151909130285e+00 1.320911316497588306e-01 9.406145634238143316e+01 8.671845993157791810e-01 
-3.544971890112680768e+00 -1.067310351726293849e+00 1.297156298804287844e-01 9.860811304000068844e+01 3.972336358195729389e-01 
-3.552870985616829014e+00 -1.090479324134253192e+00 1.401155413154042406e-01 9.358000955538882693e+01 3.414379961551557985e-01 
-3.422163531163408656e+00 -1.034897007584573592e+00 1.334796076092795158e-01 9.593967204180789565e+01 2.325334875154426439e-02 
-3.256741324990128472e+00 -1.002676094345617441e+00 1.354229826602979248e-01 9.901327647708819768e+01 3.528741774424555555e-02 
-3.349445219195259060e+00 -1.050161281474959685e+00 1.467219355606428632e-01 1.009470805101923219e+02 4.054300081578438714e-03 
-3.369128056748902811e+00 -1.005212277582819613e+00 1.432921545746727032e-01 1.008384408610619403e+02 1.422739461551109780e-02 
-3.536553613218449410e+00 -1.034038115913638700e+00 1.374567327666040284e-01 9.673027515937046417e+01 3.244246426665605698e-01 
-3.566931567875076592e+00 -9.895988857078302781e-01 1.318796068506513652e-01 9.166299559934401486e+01 3.964775212000544724e-01 
-3.588146998584932579e+00 -1.031269306829835086e+00 1.344941555990605830e-01 9.140324853105666136e+01 3.490524695931568333e-01 
-3.605178624351470518e+00 -9.285258037762242900e-01 1.235201887887589778e-01 9.702701668965733006e+01 2.827620347999815209e-02 
-3.576605946299715733e+00 -9.962709351390626189e-01 1.155723532912577567e-01 9.264311547917367307e+01 3.037246895407976766e-01 
-3.552985774160863475e+00 -9.511523967109745126e-01 1.203106077119171641e-01 9.480706794456843056e+01 3.401892541692594918e-01 
-3.634406771048539930e+00 -9.947457912193624630e-01 1.233095673539720410e-01 9.913874771271885322e+01 3.037074101139822790e-01 
-3.563863637230548775e+00 -9.273852826801024518e-01 1.271048530957776812e-01 1.011577437900864140e+02 4.039281018113806132e-01 
-3.567663062288603637e+00 -9.346146318423262933e-01 1.334171986418400402e-01 9.376752494976169316e+01 3.317132239760838264e-01 
-3.519391208103304525e+00 -9.263816400048053845e-01 1.196731059234760058e-01 9.210302423076609557e+01 3.983755396717814645e-01 
-3.542003282676220000e+00 -9.117046672406037278e-01 1.159655145712580188e-01 9.683542479220690780e+01 3.248921170580020834e-01 
-3.535500684535416660e+00 -9.411095782666263343e-01 1.186891781564161918e-01 9.822322754189073635e+01 3.974694130741132092e-01 
-3.537750880568312439e+00 -9.361402620653596074e-01 1.139139624220192881e-01 9.842849190741861776e+01 4.455466777757096097e-01 
-3.563121555271173246e+00 -9.304963706257773914e-01 1.128893914104756868e-01 1.004535989913907912e+02 3.485346247950210641e-01 
-3.569084000396066880e+00 -9.347603406611731947e-01 1.218536034838825777e-01 9.979974886909700160e+01 3.789777032190820849e-01 
-3.582832983457734155e+00 -9.172055690964173724e-01 1.100226452435825869e-01 9.946198233994395821e+01 1.918522478416287702e-01 
-3.486669449186900582e+00 -8.815738302750182331e-01 1.037510941129373143e-01 1.004029193903237029e+02 2.143282546248092557e-01 
-3.590500973455623690e+00 -8.930829716120938233e-01 1.017345186920761146e-01 9.867257579929250255e+01 3.037246939089832676e-01 
-3.517925164781970704e+00 -8.794320441186410653e-01 1.121585300163760457e-01 1.068106221510365401e+02 3.127612664440496681e-01 
-3.583461928258552920e+00 -8.461821859415511460e-01 1.209200151856345412e-01 1.124612097926814585e+02 8.749797852716052760e-02 
-3.404197179188592770e+00 -8.421641521266427510e-01 1.205100449370863497e-01 1.150213049187242262e+02 9.112486510186921726e-03 
-3.387625277387479539e+00 -8.640592781316870363e-01 1.202925346416427732e-01 1.159025928404609544e+02 2.585535192968180587e-02 
-3.503876619508829560e+00 -8.508597548896682516e-01 1.053639220419497896e-01 1.166051666882326998e+02 1.903784502363739528e-01 
-3.555483873937454575e+00 -9.460091970494564073e-01 1.077505603754425334e-01 1.176413180475258429e+02 4.882939281632572293e-01 
-3.552615130226750129e+00 -9.026256509646930493e-01 9.994356341828623813e-02 1.181093289719290311e+02 4.234087966705426531e-01 
-3.516449135431725548e+00 -8.984139153958095037e-01 9.783521926509242128e-02 1.236165995391793899e+02 2.650924895253854441e-01 
-3.552413191381701640e+00 -9.695072860116544788e-01 8.185835975328301095e-02 1.259141343106627744e+02 2.660141331419041411e-01 
-3.500010482260936140e+00 -9.385948334601468268e-01 8.510724991843185427e-02 1.230789472202722692e+02 8.954894076152378202e-02 
