-3.531000000000000139e+00 -8.794260000000000410e-01 1.320000000000000062e-01 7.281000000000000227e+01 3.252541860543927132e-01 
-3.195058973016146719e+00 -8.863273965241706964e-01 1.440735268101119848e-01 8.122891440984950862e+01 2.492203329151687630e-02 
-3.443690420138822095e+00 -9.477850019896733036e-01 1.446387536374149352e-01 9.111504199291600514e+01 3.368886519164190126e-03 
-3.336535012491820051e+00 -9.705899455181593583e-01 1.338019764798488165e-01 8.798077210862000186e+01 1.406127001630314705e-02 
-3.642456047895479720e+00 -1.035851835034041990e+00 1.377911090786894110e-01 8.717782079904451109e+01 1.856537345835655717e-01 
-3.646794467018993124e+00 -1.071703917727829136e+00 1.410011137693015781e-01 8.440812963871225350e+01 2.398440671220988529e-01 
-3.584881889894940610e+00 -1.018286880729626587e+00 1.442258291469462050e-01 8.791170607150421290e+01 4.457794103195316104e-01 
-3.542865866619394843e+00 -1.058527107373682163e+00 1.443125339880649560e-01 8.527842106302489356e+01 4.080393918577275292e-01 
-3.549422008327689504e+00 -1.045835948467803922e+00 1.323318127569386993e-01 8.493381287543063252e+01 4.486400422255931164e-01 
-3.561445163101372380e+00 -1.074880718966025217e+00 1.401069472411431982e-01 8.203894684369819856e+01 4.458329552114315142e-01 
-3.480787828806757744e+00 -1.108076329847001329e+00 1.427209218445754935e-01 8.749493997834240133e+01 2.766429739786498143e-02 
-3.490199308947602663e+00 -1.158254544369638817e+00 1.473476505311766549e-01 8.327412414123540430e+01 1.736928851058908846e-02 
-3.526848465510481923e+00 -1.137934962196040400e+00 1.446336704491125169e-01 8.156283112512817013e+01 3.181863374291128421e-01 
-3.553936321325183556e+00 -1.178379562437302353e+00 1.507960262110239202e-01 8.449697213503786486e+01 1.322753596985419555e-01 
-3.503381475953177393e+00 -1.124127164246351285e+00 1.538512950927900524e-01 8.510841423005629736e+01 9.765550931983363325e-02 
-3.649113384600727983e+00 -1.141794120869297879e+00 1.621818079562680204e-01 8.646605742794791638e+01 3.037246939091468589e-01 
-3.561486479619819789e+00 -1.162608133979364133e+00 1.571040034850584299e-01 8.493211965040677569e+01 2.702469198123881311e-01 
-3.547263790530297722e+00 -1.016582137514713491e+00 1.493186851354777467e-01 8.580708787144889982e+01 3.721915266401177869e-01 
-3.516466278464565498e+00 -9.474385269723023528e-01 1.407612544601137550e-01 8.475642665097653605e+01 3.050265414530180519e-01 
-3.522925094231143639e+00 -9.816916489735527662e-01 1.453236650379446937e-01 8.757459845143642951e+01 1.585916780581433927e-01 
-3.530516552829112253e+00 -9.510634880975555872e-01 1.343692444877311876e-01 8.003031757925427314e+01 2.175038493370543002e-01 
-3.492323818229941867e+00 -9.871419538737248311e-01 1.425248213808469611e-01 8.108443624642907821e+01 1.949684866122347593e-01 
-3.531510883508039544e+00 -9.856286645068457197e-01 1.355024098539299726e-01 8.032309871102287957e+01 2.747599645250313749e-01 
-3.520835029520169801e+00 -1.043762448235139306e+00 1.414444898440988807e-01 7.722285655168603569e+01 3.576826943667420489e-01 
-3.138515515712502868e+00 -1.101207383128528505e+00 1.433020721798555774e-01 7.824015967191309073e+01 1.120171375787508694e-01 
-3.339506394345340912e+00 -1.121413877359820344e+00 1.404177420464054749e-01 7.582832928367021452e+01 1.337965511758026742e-02 
-3.404222096423898059e+00 -1.098034486841503732e+00 1.315118660790555449e-01 7.160530896793372335e+01 1.874021979981012331e-02 
-3.445445208441682894e+00 -1.131716840113539124e+00 1.242501751752896344e-01 7.812673384475031924e+01 1.468863280554773970e-02 
-3.531442047603190471e+00 -1.116032702476287941e+00 1.254844999024908592e-01 7.886097772686446206e+01 3.531509750000196013e-02 
-3.540562927781814917e+00 -1.127262401530890301e+00 1.261448107525824369e-01 8.174275203289478497e+01 1.165937361454221777e-01 
