-3.531000000000000139e+00 -8.794260000000000410e-01 1.320000000000000062e-01 7.281000000000000227e+01 3.674241515879376752e-01 
-3.586177244783025131e+00 -9.800960320604653608e-01 1.160280638874378045e-01 6.962064540920889044e+01 6.330126652712862734e-02 
-3.572818222641415353e+00 -9.691767055752825710e-01 1.269112546188534973e-01 7.290182251894376009e+01 2.630503778439247098e-01 
-3.563210093810986745e+00 -9.403476747854825346e-01 1.347615075190809475e-01 7.743603670376047887e+01 3.034931269180367597e-01 
-3.537043764669818735e+00 -1.009859589772982735e+00 1.331347917030782368e-01 7.904899008642210845e+01 5.066629019452690841e-01 
-3.546509871080103071e+00 -1.061110823684096038e+00 1.335081320767145252e-01 7.925476521711581768e+01 2.795218477706962745e-01 
-3.546633303990886166e+00 -1.010894983976184047e+00 1.262620996274622653e-01 7.711335873894810788e+01 3.862763379024347632e-01 
-3.569044113915700756e+00 -1.050044207740641111e+00 1.221767829657282312e-01 7.517206895925950505e+01 5.382830067418731268e-01 
-3.551851142603133837e+00 -1.079765388803364923e+00 1.174547509736906803e-01 6.936102723514025570e+01 3.324993204709895123e-01 
-3.547991934042280082e+00 -1.115631441509853827e+00 1.300668648662206550e-01 7.489473435070311780e+01 1.385442655565268522e-01 
-3.567103032363670323e+00 -1.121404437699467849e+00 1.243479918881398028e-01 7.878646762811582960e+01 1.508641606566291093e-01 
-3.523302503088236559e+00 -1.112598143118390448e+00 1.239323027750327960e-01 7.658751741705070515e+01 4.352330367479823048e-01 
-3.587474902132445909e+00 -1.086491600174223526e+00 1.166732793250577077e-01 8.258658915205614903e+01 2.941509169371075982e-01 
-3.569897443882811938e+00 -1.085616168663713133e+00 1.090271884118255014e-01 8.390611442685948873e+01 2.818795639946921061e-01 
-3.510728963307638395e+00 -1.128636795996981856e+00 1.201855819241610113e-01 7.910867025433773847e+01 4.114340765014344869e-01 
-3.605955891064732022e+00 -1.183870177506166410e+00 1.146800950863385987e-01 7.770802657180274764e+01 3.037108873200475290e-01 
-3.524103485825925475e+00 -1.195565923751778392e+00 1.102925020827816155e-01 7.965238070656093328e+01 4.517325722757511430e-01 
-3.531987087649707480e+00 -1.143824076295613779e+00 1.220611330323022048e-01 7.733675405311373652e+01 3.065657766567979059e-01 
-3.586407246234257773e+00 -1.124259699018566483e+00 1.167879626699769857e-01 7.434675947678978503e+01 1.833997102566271020e-01 
-3.484533702223334473e+00 -1.111125944857290770e+00 1.255519029146143772e-01 7.507118801198085123e+01 2.512737174378549820e-01 
-3.500424866313143646e+00 -1.032219245334487612e+00 1.193130719175629212e-01 7.413395731268749955e+01 3.718882714231852016e-01 
-3.480546627881875743e+00 -1.011286595357788309e+00 1.037609002954214682e-01 7.088863143600852368e+01 1.869209150699204236e-01 
-3.565654421655150230e+00 -9.889275424829699901e-01 1.119406354180461083e-01 6.576484435694857211e+01 3.037246939091468589e-01 
-3.538391491952364465e+00 -9.586588086091532013e-01 1.122853791961572339e-01 6.854773351364556788e+01 4.224077914663058042e-01 
-3.562949187973798892e+00 -1.042938260610916545e+00 1.231200043373698455e-01 6.749145531591305769e+01 4.272091978480536678e-01 
-3.581972220124959083e+00 -1.128648339694743097e+00 1.150014848963345493e-01 6.889717558890218640e+01 3.037246939091469145e-01 
-3.479970092344192523e+00 -1.092953375618450629e+00 1.156798844052293745e-01 7.219347976926664501e+01 2.681131156960219752e-01 
-3.474507330913612524e+00 -1.154603478300989972e+00 1.203783675509426110e-01 7.331934459767603585e+01 1.408283834219251351e-01 
-3.517945285509927800e+00 -1.159204620436150357e+00 1.205683414450134938e-01 7.320172681165173856e+01 1.758063075492774241e-01 
-3.539450329392393790e+00 -1.176714625356519717e+00 1.213019262151750349e-01 7.271259885524334265e+01 4.350659584971270921e-01 
-3.511400282830664299e+00 -1.004376550528625955e+00 1.228632967192768988e-01 7.539648062476992152e+01 4.071137590644452464e-01 
-3.514037898681463101e+00 -9.710553708030439379e-01 1.243736481598050059e-01 7.921726158678301033e+01 3.481191406422745049e-01 
