-3.773472914032932835e+00 -8.741635658787931806e-01 1.293888181758769684e-01 7.303364047986138985e+01 7.709455207255380867e-03 
-4.089581316941626632e+00 -8.122843269166198921e-01 1.274311578505056830e-01 7.504427977657647375e+01 9.010203205735275653e-03 
-3.966683185235273523e+00 -8.087876276613248372e-01 1.221181215528071434e-01 7.192171363502798442e+01 6.958240538867528809e-03 
-4.003913005732314900e+00 -8.440089343496202101e-01 1.267720831187232333e-01 6.874954358666408893e+01 -2.461871088791783846e-03 
-3.670823068946960976e+00 -8.654691156310034827e-01 1.159632970009619179e-01 6.096383290469312755e+01 5.164359285548567741e-03 
-4.236845135982390431e+00 -8.305432988954879470e-01 1.155522316221540974e-01 5.430224416068281812e+01 -2.333351997689275814e-02 
-4.246086979556731755e+00 -8.293061997820042608e-01 1.054972735614772700e-01 4.744464537678820903e+01 1.317416858417255754e-02 
-4.246086979556731755e+00 -8.293061997820042608e-01 1.054972735614772700e-01 4.744464537678820903e+01 1.317416858417255754e-02 
-4.246086979556731755e+00 -8.293061997820042608e-01 1.054972735614772700e-01 4.744464537678820903e+01 1.317416858417255754e-02 
-4.185456268436817950e+00 -7.861953001484330850e-01 1.005493696936836517e-01 4.928333478481922469e+01 1.040830505987796681e-02 
-4.185456268436817950e+00 -7.861953001484330850e-01 1.005493696936836517e-01 4.928333478481922469e+01 1.040830505987796681e-02 
-4.056425350803992025e+00 -7.291368304302855430e-01 9.855142962146343222e-02 4.899977184587823587e+01 8.202639998986323636e-03 
-4.056425350803992025e+00 -7.291368304302855430e-01 9.855142962146343222e-02 4.899977184587823587e+01 8.202639998986323636e-03 
-4.056425350803992025e+00 -7.291368304302855430e-01 9.855142962146343222e-02 4.899977184587823587e+01 8.202639998986323636e-03 
-4.056425350803992025e+00 -7.291368304302855430e-01 9.855142962146343222e-02 4.899977184587823587e+01 8.202639998986323636e-03 
-4.149920760781160567e+00 -7.136158708721447308e-01 1.026403316053869086e-01 5.547687994482225093e+01 5.983820118949404084e-03 
-4.149920760781160567e+00 -7.136158708721447308e-01 1.026403316053869086e-01 5.547687994482225093e+01 5.983820118949404084e-03 
-4.301093428983127964e+00 -7.599722653286583585e-01 9.374948425197852930e-02 5.000676733420686304e+01 8.854852025740246602e-03 
-4.301093428983127964e+00 -7.599722653286583585e-01 9.374948425197852930e-02 5.000676733420686304e+01 8.854852025740246602e-03 
-4.495337558529186595e+00 -8.562487509969294308e-01 9.328708770052859811e-02 4.835275124150040682e+01 7.432949685894498643e-03 
-4.523166678363284454e+00 -9.602512028532915744e-01 9.285712640719538669e-02 4.871704438771669743e+01 1.031165663867928198e-02 
-4.319841131528002975e+00 -9.381578249693593996e-01 8.549903934084608637e-02 4.525644770315446408e+01 7.288090179994963919e-03 
-4.040175749404363970e+00 -9.835454925929617565e-01 9.718616747015927648e-02 4.431403317713543544e+01 8.928822118696951027e-03 
-4.304741828623670941e+00 -9.470824560602071340e-01 9.346904044359193031e-02 4.224565997522807237e+01 9.236639374728374680e-03 
-4.384793693900602918e+00 -9.519241958781596846e-01 8.167269229115348139e-02 4.208933097949809365e+01 1.442238447086285902e-02 
-4.414668145466354332e+00 -8.926315349060400806e-01 9.333980970687105749e-02 3.594695929471300389e+01 2.278657535686363228e-02 
-4.172100372228593201e+00 -8.853764092906029060e-01 9.402676958498713822e-02 4.293231815775833127e+01 2.666929444469397226e-02 
-3.909828141344321217e+00 -8.018137471145104778e-01 8.518367275315613663e-02 4.176420018751967689e+01 1.451651423978085262e-02 
-4.104137937039114448e+00 -7.408133465803312667e-01 8.669909293086736080e-02 4.378838311730623190e+01 1.053936570547192586e-02 
-4.104137937039114448e+00 -7.408133465803312667e-01 8.669909293086736080e-02 4.378838311730623190e+01 1.053936570547192586e-02 
-4.159402992562969636e+00 -7.589521061275209535e-01 8.744450033943908240e-02 4.174994681083737902e+01 5.392178682829028638e-03 
-4.159402992562969636e+00 -7.589521061275209535e-01 8.744450033943908240e-02 4.174994681083737902e+01 5.392178682829028638e-03 
-4.159402992562969636e+00 -7.589521061275209535e-01 8.744450033943908240e-02 4.174994681083737902e+01 5.392178682829028638e-03 
-4.159402992562969636e+00 -7.589521061275209535e-01 8.744450033943908240e-02 4.174994681083737902e+01 5.392178682829028638e-03 
-4.159402992562969636e+00 -7.589521061275209535e-01 8.744450033943908240e-02 4.174994681083737902e+01 5.392178682829028638e-03 
-4.159402992562969636e+00 -7.589521061275209535e-01 8.744450033943908240e-02 4.174994681083737902e+01 5.392178682829028638e-03 
-4.253715059639173290e+00 -7.923281184837569491e-01 9.692913644325996947e-02 4.343082522440030147e+01 9.225477737369142464e-03 
-4.253715059639173290e+00 -7.923281184837569491e-01 9.692913644325996947e-02 4.343082522440030147e+01 9.225477737369142464e-03 
-4.421700176099117918e+00 -7.381871917126492377e-01 8.888269325722275571e-02 4.942856438175386558e+01 9.243645178829813791e-03 
-4.215332130064217253e+00 -7.200896907403293579e-01 8.428277442668616337e-02 5.503435528215722172e+01 1.243093882010213799e-02 
-4.215332130064217253e+00 -7.200896907403293579e-01 8.428277442668616337e-02 5.503435528215722172e+01 1.243093882010213799e-02 
-4.098126514258184194e+00 -7.661231266380906790e-01 8.454787238430210017e-02 5.536818457692465500e+01 7.947194049771223040e-03 
-3.807311466171986680e+00 -7.283017845484129893e-01 6.991955055871285074e-02 5.904393998065013704e+01 7.286936013006511600e-03 
-3.807311466171986680e+00 -7.283017845484129893e-01 6.991955055871285074e-02 5.904393998065013704e+01 7.286936013006511600e-03 
-3.807311466171986680e+00 -7.283017845484129893e-01 6.991955055871285074e-02 5.904393998065013704e+01 7.286936013006511600e-03 
-3.709986723558033272e+00 -7.601453555697590403e-01 7.158020839090577236e-02 6.263227241271735579e+01 6.429764652876642644e-03 
-3.709986723558033272e+00 -7.601453555697590403e-01 7.158020839090577236e-02 6.263227241271735579e+01 6.429764652876642644e-03 
-4.005383960553340117e+00 -7.470433552300932423e-01 7.679417326902210350e-02 6.105402912443296515e+01 2.878745408554860344e-03 
-4.005383960553340117e+00 -7.470433552300932423e-01 7.679417326902210350e-02 6.105402912443296515e+01 2.878745408554860344e-03 
-4.005383960553340117e+00 -7.470433552300932423e-01 7.679417326902210350e-02 6.105402912443296515e+01 2.878745408554860344e-03 
-4.005383960553340117e+00 -7.470433552300932423e-01 7.679417326902210350e-02 6.105402912443296515e+01 2.878745408554860344e-03 
-4.005383960553340117e+00 -7.470433552300932423e-01 7.679417326902210350e-02 6.105402912443296515e+01 2.878745408554860344e-03 
-4.005383960553340117e+00 -7.470433552300932423e-01 7.679417326902210350e-02 6.105402912443296515e+01 2.878745408554860344e-03 
-4.005383960553340117e+00 -7.470433552300932423e-01 7.679417326902210350e-02 6.105402912443296515e+01 2.878745408554860344e-03 
-4.005383960553340117e+00 -7.470433552300932423e-01 7.679417326902210350e-02 6.105402912443296515e+01 2.878745408554860344e-03 
-4.005383960553340117e+00 -7.470433552300932423e-01 7.679417326902210350e-02 6.105402912443296515e+01 2.878745408554860344e-03 
-4.005383960553340117e+00 -7.470433552300932423e-01 7.679417326902210350e-02 6.105402912443296515e+01 2.878745408554860344e-03 
-4.005383960553340117e+00 -7.470433552300932423e-01 7.679417326902210350e-02 6.105402912443296515e+01 2.878745408554860344e-03 
-4.005383960553340117e+00 -7.470433552300932423e-01 7.679417326902210350e-02 6.105402912443296515e+01 2.878745408554860344e-03 
-4.005383960553340117e+00 -7.470433552300932423e-01 7.679417326902210350e-02 6.105402912443296515e+01 2.878745408554860344e-03 
-4.005383960553340117e+00 -7.470433552300932423e-01 7.679417326902210350e-02 6.105402912443296515e+01 2.878745408554860344e-03 
-4.109310019193739727e+00 -7.649482900813591169e-01 8.224270749378670420e-02 5.828885960558265822e+01 -3.007336099200355606e-03 
-4.246565397324661539e+00 -7.749502905738666625e-01 7.792898611648800544e-02 5.410792418452997765e+01 1.619776150104442966e-02 
-4.168330522733833199e+00 -8.148972590048010334e-01 7.989931896327891192e-02 4.726846387950316597e+01 7.919330973523030018e-03 
-3.959509501533185816e+00 -7.361225986554255085e-01 8.402392717563154922e-02 4.633958437412820075e+01 9.503689417981801141e-03 
-3.694734192123307004e+00 -7.617653816947407286e-01 7.992820779461852487e-02 4.341399148871124680e+01 9.213005948881643203e-03 
-3.686353557420156690e+00 -7.435033346892091499e-01 8.410321158520152329e-02 3.698782294358021261e+01 1.421456439036655750e-02 
-3.957556610053759805e+00 -7.599474367456032775e-01 9.605446670139637655e-02 3.352978482677745120e+01 1.125478917489868523e-02 
-3.957556610053759805e+00 -7.599474367456032775e-01 9.605446670139637655e-02 3.352978482677745120e+01 1.125478917489868523e-02 
-3.986284109562868938e+00 -7.682764693230118569e-01 9.593625457921452215e-02 3.698401609777627641e+01 9.732504696171513994e-03 
-3.986284109562868938e+00 -7.682764693230118569e-01 9.593625457921452215e-02 3.698401609777627641e+01 9.732504696171513994e-03 
-3.986284109562868938e+00 -7.682764693230118569e-01 9.593625457921452215e-02 3.698401609777627641e+01 9.732504696171513994e-03 
-3.986284109562868938e+00 -7.682764693230118569e-01 9.593625457921452215e-02 3.698401609777627641e+01 9.732504696171513994e-03 
-3.986284109562868938e+00 -7.682764693230118569e-01 9.593625457921452215e-02 3.698401609777627641e+01 9.732504696171513994e-03 
-3.986284109562868938e+00 -7.682764693230118569e-01 9.593625457921452215e-02 3.698401609777627641e+01 9.732504696171513994e-03 
-3.986284109562868938e+00 -7.682764693230118569e-01 9.593625457921452215e-02 3.698401609777627641e+01 9.732504696171513994e-03 
-4.564973929463584490e+00 -7.530898223484671083e-01 1.021048904324097784e-01 4.108650847362430625e+01 1.088011635782874451e-02 
-4.909899223741223118e+00 -7.479786308004445772e-01 1.166851796352426640e-01 3.697366416131203692e+01 1.012491086096387397e-02 
-4.909899223741223118e+00 -7.479786308004445772e-01 1.166851796352426640e-01 3.697366416131203692e+01 1.012491086096387397e-02 
-4.909899223741223118e+00 -7.479786308004445772e-01 1.166851796352426640e-01 3.697366416131203692e+01 1.012491086096387397e-02 
-4.909899223741223118e+00 -7.479786308004445772e-01 1.166851796352426640e-01 3.697366416131203692e+01 1.012491086096387397e-02 
-4.795971636252408743e+00 -7.454601809490817299e-01 1.152287347096740133e-01 4.233080979170387792e+01 1.418839368966880350e-03 
-4.795971636252408743e+00 -7.454601809490817299e-01 1.152287347096740133e-01 4.233080979170387792e+01 1.418839368966880350e-03 
-4.795971636252408743e+00 -7.454601809490817299e-01 1.152287347096740133e-01 4.233080979170387792e+01 1.418839368966880350e-03 
-5.016145382687904331e+00 -7.462513567768385148e-01 1.243498787198554223e-01 3.978924064429318008e+01 -2.798030749679679755e-02 
-4.898583851933468125e+00 -8.389097486337958598e-01 1.288540833997740831e-01 4.075023275810278278e+01 1.091854016379820852e-02 
-4.898583851933468125e+00 -8.389097486337958598e-01 1.288540833997740831e-01 4.075023275810278278e+01 1.091854016379820852e-02 
-5.142386717127185314e+00 -8.826916236490246481e-01 1.304635231765407799e-01 3.783731715036925181e+01 1.200183764515504528e-02 
-5.330280681133690912e+00 -8.063731121460089302e-01 1.228483274980252671e-01 3.307189859419185041e+01 1.200183764515504528e-02 
-5.373170203995163874e+00 -7.512450902805777320e-01 1.256077813029646550e-01 3.324085906170085991e+01 1.200183764515504528e-02 
-5.373170203995163874e+00 -7.512450902805777320e-01 1.256077813029646550e-01 3.324085906170085991e+01 1.200183764515504528e-02 
-5.506599919474786553e+00 -7.759565215874817401e-01 1.277797745045740896e-01 3.083788318928127836e+01 1.954211085458289199e-02 
-5.392660953990629835e+00 -7.452652086006382737e-01 1.202003601109782188e-01 3.170728633592657175e+01 8.480348302159761154e-03 
-5.350230092208821731e+00 -7.586573329161571122e-01 1.184441555794718132e-01 3.473513557090149817e+01 1.035543324720038239e-02 
-5.214011389040174471e+00 -7.294562137551608982e-01 1.259336242484230262e-01 4.095413173860051614e+01 6.394267100006023781e-04 
-5.214011389040174471e+00 -7.294562137551608982e-01 1.259336242484230262e-01 4.095413173860051614e+01 6.394267100006023781e-04 
-5.214011389040174471e+00 -7.294562137551608982e-01 1.259336242484230262e-01 4.095413173860051614e+01 6.394267100006023781e-04 
-5.214011389040174471e+00 -7.294562137551608982e-01 1.259336242484230262e-01 4.095413173860051614e+01 6.394267100006023781e-04 
-5.214011389040174471e+00 -7.294562137551608982e-01 1.259336242484230262e-01 4.095413173860051614e+01 6.394267100006023781e-04 
-5.214011389040174471e+00 -7.294562137551608982e-01 1.259336242484230262e-01 4.095413173860051614e+01 6.394267100006023781e-04 
-5.214011389040174471e+00 -7.294562137551608982e-01 1.259336242484230262e-01 4.095413173860051614e+01 6.394267100006023781e-04 
-5.214011389040174471e+00 -7.294562137551608982e-01 1.259336242484230262e-01 4.095413173860051614e+01 6.394267100006023781e-04 
-5.214011389040174471e+00 -7.294562137551608982e-01 1.259336242484230262e-01 4.095413173860051614e+01 6.394267100006023781e-04 
-5.214011389040174471e+00 -7.294562137551608982e-01 1.259336242484230262e-01 4.095413173860051614e+01 6.394267100006023781e-04 
-5.214011389040174471e+00 -7.294562137551608982e-01 1.259336242484230262e-01 4.095413173860051614e+01 6.394267100006023781e-04 
-5.214011389040174471e+00 -7.294562137551608982e-01 1.259336242484230262e-01 4.095413173860051614e+01 6.394267100006023781e-04 
-5.214011389040174471e+00 -7.294562137551608982e-01 1.259336242484230262e-01 4.095413173860051614e+01 6.394267100006023781e-04 
-5.214011389040174471e+00 -7.294562137551608982e-01 1.259336242484230262e-01 4.095413173860051614e+01 6.394267100006023781e-04 
-5.214011389040174471e+00 -7.294562137551608982e-01 1.259336242484230262e-01 4.095413173860051614e+01 6.394267100006023781e-04 
-5.214011389040174471e+00 -7.294562137551608982e-01 1.259336242484230262e-01 4.095413173860051614e+01 6.394267100006023781e-04 
-5.214011389040174471e+00 -7.294562137551608982e-01 1.259336242484230262e-01 4.095413173860051614e+01 6.394267100006023781e-04 
-5.214011389040174471e+00 -7.294562137551608982e-01 1.259336242484230262e-01 4.095413173860051614e+01 6.394267100006023781e-04 
-5.214011389040174471e+00 -7.294562137551608982e-01 1.259336242484230262e-01 4.095413173860051614e+01 6.394267100006023781e-04 
-5.214011389040174471e+00 -7.294562137551608982e-01 1.259336242484230262e-01 4.095413173860051614e+01 6.394267100006023781e-04 
-5.214011389040174471e+00 -7.294562137551608982e-01 1.259336242484230262e-01 4.095413173860051614e+01 6.394267100006023781e-04 
-5.214011389040174471e+00 -7.294562137551608982e-01 1.259336242484230262e-01 4.095413173860051614e+01 6.394267100006023781e-04 
-5.214011389040174471e+00 -7.294562137551608982e-01 1.259336242484230262e-01 4.095413173860051614e+01 6.394267100006023781e-04 
-5.214011389040174471e+00 -7.294562137551608982e-01 1.259336242484230262e-01 4.095413173860051614e+01 6.394267100006023781e-04 
-5.214011389040174471e+00 -7.294562137551608982e-01 1.259336242484230262e-01 4.095413173860051614e+01 6.394267100006023781e-04 
-5.214011389040174471e+00 -7.294562137551608982e-01 1.259336242484230262e-01 4.095413173860051614e+01 6.394267100006023781e-04 
-5.108201932572183246e+00 -7.533235453344595545e-01 1.303160970779603522e-01 4.839892631108326526e+01 -1.830052258203419130e-03 
-5.280812388125425194e+00 -6.875152919414686536e-01 1.374590254211539297e-01 5.172943627378379716e+01 4.057335903928450949e-02 
-5.314684473977459689e+00 -7.064702149720071267e-01 1.401168701728725263e-01 4.886025930177022758e+01 1.898634673805987827e-02 
-5.089987718314882059e+00 -6.769988442359680114e-01 1.409464056068614191e-01 4.423148778607826159e+01 1.545569691536537865e-02 
-5.089987718314882059e+00 -6.769988442359680114e-01 1.409464056068614191e-01 4.423148778607826159e+01 1.545569691536537865e-02 
-5.089987718314882059e+00 -6.769988442359680114e-01 1.409464056068614191e-01 4.423148778607826159e+01 1.545569691536537865e-02 
-5.421805987046445452e+00 -6.751494770447898919e-01 1.446505273751428622e-01 4.800630956139592342e+01 1.719416570739221856e-02 
-5.440508618864605239e+00 -6.364560613650168674e-01 1.437784229408462788e-01 4.649106197108263672e+01 1.170474921554492606e-02 
-4.980989092359315862e+00 -6.449736327679558290e-01 1.658509995542339632e-01 5.591741404736802679e+01 -9.790089259777280672e-02 
-4.981458741621855424e+00 -6.300490177917164036e-01 1.694899965532529473e-01 5.685551933121806201e+01 3.304405938697527190e-02 
-4.818141550120810912e+00 -6.086290312040836259e-01 1.580569304600448755e-01 6.280517127523951615e+01 1.632230761272761982e-02 
-4.634789303849658815e+00 -6.090359067080876043e-01 1.437348299880944202e-01 6.634533169334952163e+01 8.568554484824447010e-03 
-4.542838375175056953e+00 -5.825457145964167971e-01 1.450718065482762553e-01 6.927695235763002302e+01 1.324773241498848272e-02 
-4.701834592649899669e+00 -5.767628825399835346e-01 1.476791390939392878e-01 6.467474328745215928e+01 1.188189514799771127e-02 
-4.701834592649899669e+00 -5.767628825399835346e-01 1.476791390939392878e-01 6.467474328745215928e+01 1.188189514799771127e-02 
-4.715281864191384287e+00 -5.854336403859323745e-01 1.461240190897428182e-01 6.514653994365394851e+01 1.128613986131250108e-02 
-4.500216262240799736e+00 -5.246889550234268285e-01 1.478142726214065061e-01 6.317657329877280148e+01 9.993265972927829754e-03 
-4.397571699215179208e+00 -5.543766976061923479e-01 1.470305180610381734e-01 6.745566833214016356e+01 7.154229834771949278e-03 
-4.399835601387861672e+00 -5.155365814791281753e-01 1.415654728425980724e-01 6.964836888703224815e+01 9.464710676064342840e-03 
-4.399835601387861672e+00 -5.155365814791281753e-01 1.415654728425980724e-01 6.964836888703224815e+01 9.464710676064342840e-03 
-4.184963857942568310e+00 -5.254109503640619350e-01 1.320502418492397190e-01 6.585962767358233805e+01 1.020394152616819344e-02 
-4.433889144396606419e+00 -6.133176115223200053e-01 1.285984742072524556e-01 6.650986328790614266e+01 4.923224464136298321e-03 
-4.433889144396606419e+00 -6.133176115223200053e-01 1.285984742072524556e-01 6.650986328790614266e+01 4.923224464136298321e-03 
-4.724698048956374130e+00 -5.897197394026009176e-01 1.343656589378557642e-01 6.080219360538166029e+01 8.899905553144750112e-03 
-4.871348952813047362e+00 -5.448232999019216871e-01 1.324409232727323527e-01 6.882367916161871335e+01 1.175584403862464482e-02 
-4.827915257322102249e+00 -5.148451049628431919e-01 1.308050714253978231e-01 6.913469509672701463e+01 8.877520240517685485e-03 
-4.930476946877966782e+00 -5.169721332933776559e-01 1.162710220613764195e-01 6.356018231365643345e+01 1.115132561915086612e-02 
-4.930476946877966782e+00 -5.169721332933776559e-01 1.162710220613764195e-01 6.356018231365643345e+01 1.115132561915086612e-02 
-4.673232855602742930e+00 -5.664695092867937376e-01 1.176816439102919970e-01 6.067875626607968798e+01 1.775826422743951097e-02 
-4.736380533896869416e+00 -4.976698600753998725e-01 1.231943156646142373e-01 6.267590213485340911e+01 1.623045511674807428e-02 
-4.844248258471107960e+00 -4.773022621925869791e-01 1.246509129191135934e-01 6.499056739277135364e+01 1.294527290928592853e-02 
-4.744000719276834310e+00 -4.246957656912012102e-01 1.282093445510930629e-01 6.678841721143589893e+01 8.271184175402318539e-03 
-4.744000719276834310e+00 -4.246957656912012102e-01 1.282093445510930629e-01 6.678841721143589893e+01 8.271184175402318539e-03 
-4.775268662840542078e+00 -4.344391676095668564e-01 1.307686331211025399e-01 6.807299769923628219e+01 7.966665752261990058e-03 
-5.018324533336239845e+00 -4.098080422703750392e-01 1.375969342371991533e-01 6.814104866382261605e+01 8.393377546210400303e-03 
-5.018324533336239845e+00 -4.098080422703750392e-01 1.375969342371991533e-01 6.814104866382261605e+01 8.393377546210400303e-03 
-5.018324533336239845e+00 -4.098080422703750392e-01 1.375969342371991533e-01 6.814104866382261605e+01 8.393377546210400303e-03 
-5.207967761550947650e+00 -3.602999481327752163e-01 1.342081694169206529e-01 6.940092417599666419e+01 7.443024326833398360e-03 
-5.207967761550947650e+00 -3.602999481327752163e-01 1.342081694169206529e-01 6.940092417599666419e+01 7.443024326833398360e-03 
-5.207967761550947650e+00 -3.602999481327752163e-01 1.342081694169206529e-01 6.940092417599666419e+01 7.443024326833398360e-03 
-5.207967761550947650e+00 -3.602999481327752163e-01 1.342081694169206529e-01 6.940092417599666419e+01 7.443024326833398360e-03 
-5.207967761550947650e+00 -3.602999481327752163e-01 1.342081694169206529e-01 6.940092417599666419e+01 7.443024326833398360e-03 
-5.209533625396495893e+00 -3.526080962786317108e-01 1.472106228202959832e-01 6.859536956777819228e+01 6.973342827264709422e-03 
-4.912144903305112109e+00 -4.172341192145396227e-01 1.367979141204057614e-01 6.505306953292962646e+01 1.068359517238452391e-02 
-5.084502448547889131e+00 -3.808181767353295277e-01 1.356967927708323807e-01 6.252948990227832837e+01 1.213896214514610834e-02 
-5.170921262617595104e+00 -3.934850094000247878e-01 1.377028264849231298e-01 6.576530491038344906e+01 1.147838048355767290e-02 
-5.170921262617595104e+00 -3.934850094000247878e-01 1.377028264849231298e-01 6.576530491038344906e+01 1.147838048355767290e-02 
-5.373351932408651166e+00 -4.431430433349757836e-01 1.315512976158124125e-01 7.059526935662948688e+01 7.755463802552051492e-03 
-5.618948079339961765e+00 -3.796649328622268005e-01 1.310443424542262758e-01 6.614395956766185236e+01 1.252003219391757682e-02 
-5.310637835840950061e+00 -4.530302707188951783e-01 1.384965545633027872e-01 7.110152097318420772e+01 1.569593047100699065e-02 
-5.262262887951603574e+00 -4.229076485291385357e-01 1.251724837658703682e-01 8.053901360407429877e+01 9.270546003599944296e-03 
-5.341518780902879016e+00 -3.983043581584555515e-01 1.114104685017207053e-01 8.114230413841967504e+01 -4.541214692443676371e-02 
-5.399998717023509975e+00 -4.553247749687653334e-01 1.136529831646491129e-01 8.678707960277832001e+01 6.394936251511718073e-03 
-5.849414837471868189e+00 -4.664181608267350954e-01 1.095214819100046033e-01 8.734158321012536419e+01 6.683108885139153049e-03 
-5.849414837471868189e+00 -4.664181608267350954e-01 1.095214819100046033e-01 8.734158321012536419e+01 6.683108885139153049e-03 
-5.607384420102889067e+00 -4.936819331578801706e-01 1.042361199369341851e-01 8.920913036506439653e+01 3.846679603551373360e-03 
-5.283808603551254812e+00 -3.897442194214471578e-01 1.109844204624501895e-01 8.715961047407371609e+01 3.657307034991754552e-03 
-5.283808603551254812e+00 -3.897442194214471578e-01 1.109844204624501895e-01 8.715961047407371609e+01 3.657307034991754552e-03 
-5.283808603551254812e+00 -3.897442194214471578e-01 1.109844204624501895e-01 8.715961047407371609e+01 3.657307034991754552e-03 
-5.283808603551254812e+00 -3.897442194214471578e-01 1.109844204624501895e-01 8.715961047407371609e+01 3.657307034991754552e-03 
-5.283808603551254812e+00 -3.897442194214471578e-01 1.109844204624501895e-01 8.715961047407371609e+01 3.657307034991754552e-03 
-5.283808603551254812e+00 -3.897442194214471578e-01 1.109844204624501895e-01 8.715961047407371609e+01 3.657307034991754552e-03 
-5.283808603551254812e+00 -3.897442194214471578e-01 1.109844204624501895e-01 8.715961047407371609e+01 3.657307034991754552e-03 
-5.283808603551254812e+00 -3.897442194214471578e-01 1.109844204624501895e-01 8.715961047407371609e+01 3.657307034991754552e-03 
-5.283808603551254812e+00 -3.897442194214471578e-01 1.109844204624501895e-01 8.715961047407371609e+01 3.657307034991754552e-03 
-5.283808603551254812e+00 -3.897442194214471578e-01 1.109844204624501895e-01 8.715961047407371609e+01 3.657307034991754552e-03 
-5.283808603551254812e+00 -3.897442194214471578e-01 1.109844204624501895e-01 8.715961047407371609e+01 3.657307034991754552e-03 
-5.283808603551254812e+00 -3.897442194214471578e-01 1.109844204624501895e-01 8.715961047407371609e+01 3.657307034991754552e-03 
-5.283808603551254812e+00 -3.897442194214471578e-01 1.109844204624501895e-01 8.715961047407371609e+01 3.657307034991754552e-03 
-5.283808603551254812e+00 -3.897442194214471578e-01 1.109844204624501895e-01 8.715961047407371609e+01 3.657307034991754552e-03 
-5.283808603551254812e+00 -3.897442194214471578e-01 1.109844204624501895e-01 8.715961047407371609e+01 3.657307034991754552e-03 
-5.283808603551254812e+00 -3.897442194214471578e-01 1.109844204624501895e-01 8.715961047407371609e+01 3.657307034991754552e-03 
-5.283808603551254812e+00 -3.897442194214471578e-01 1.109844204624501895e-01 8.715961047407371609e+01 3.657307034991754552e-03 
-5.431300386907567557e+00 -4.020048654540833710e-01 1.157068627710068631e-01 8.777137575503925859e+01 4.759889041169048859e-03 
-5.226539686476460389e+00 -4.319665187137124995e-01 1.087362408190635232e-01 8.673510983698562882e+01 4.300441592899244790e-03 
-5.226539686476460389e+00 -4.319665187137124995e-01 1.087362408190635232e-01 8.673510983698562882e+01 4.300441592899244790e-03 
-5.226539686476460389e+00 -4.319665187137124995e-01 1.087362408190635232e-01 8.673510983698562882e+01 4.300441592899244790e-03 
-5.226539686476460389e+00 -4.319665187137124995e-01 1.087362408190635232e-01 8.673510983698562882e+01 4.300441592899244790e-03 
-5.333221183159585266e+00 -4.211444730977501605e-01 1.111207967794084206e-01 8.952343975858441638e+01 2.999010777037306764e-03 
-5.270514539988061742e+00 -3.900028198267932456e-01 1.182255260315061701e-01 8.455401203971810276e+01 4.897755356129235640e-03 
