-3.243091070079352267e+00 -9.423967292448356403e-01 1.312690156389872131e-01 7.138924416002312512e+01 1.553603637258054240e-02 
-3.364227917495567155e+00 -8.956003377840486834e-01 1.360726921356810726e-01 6.586138039281190970e+01 -1.714623883322061865e-02 
-3.208861865363481947e+00 -8.791990157590123811e-01 1.412238146323892829e-01 6.696454802862599820e+01 1.107500726824538553e-02 
-3.177638712722760328e+00 -8.752928067589103023e-01 1.395017021548507763e-01 6.314749322585645075e+01 1.161740936466977570e-02 
-3.475720659595331608e+00 -9.537100195555129334e-01 1.449538370782055829e-01 6.468992257023757020e+01 8.011386967198119019e-03 
-3.811841630926469104e+00 -1.014936246380247153e+00 1.405118337931977601e-01 6.664040936622046729e+01 5.992516011229648970e-03 
-3.811841630926469104e+00 -1.014936246380247153e+00 1.405118337931977601e-01 6.664040936622046729e+01 5.992516011229648970e-03 
-3.811841630926469104e+00 -1.014936246380247153e+00 1.405118337931977601e-01 6.664040936622046729e+01 5.992516011229648970e-03 
-3.811841630926469104e+00 -1.014936246380247153e+00 1.405118337931977601e-01 6.664040936622046729e+01 5.992516011229648970e-03 
-3.811841630926469104e+00 -1.014936246380247153e+00 1.405118337931977601e-01 6.664040936622046729e+01 5.992516011229648970e-03 
-3.811841630926469104e+00 -1.014936246380247153e+00 1.405118337931977601e-01 6.664040936622046729e+01 5.992516011229648970e-03 
-3.811841630926469104e+00 -1.014936246380247153e+00 1.405118337931977601e-01 6.664040936622046729e+01 5.992516011229648970e-03 
-3.811841630926469104e+00 -1.014936246380247153e+00 1.405118337931977601e-01 6.664040936622046729e+01 5.992516011229648970e-03 
-3.836536922629784740e+00 -1.010835448797095415e+00 1.389912326084136451e-01 7.109299245169830783e+01 3.339906860169156513e-03 
-3.963824839832585045e+00 -1.046852179864469878e+00 1.346477290181612996e-01 6.866118618181462807e+01 3.200392852538125419e-03 
-3.963824839832585045e+00 -1.046852179864469878e+00 1.346477290181612996e-01 6.866118618181462807e+01 3.200392852538125419e-03 
-3.963824839832585045e+00 -1.046852179864469878e+00 1.346477290181612996e-01 6.866118618181462807e+01 3.200392852538125419e-03 
-3.963824839832585045e+00 -1.046852179864469878e+00 1.346477290181612996e-01 6.866118618181462807e+01 3.200392852538125419e-03 
-3.963824839832585045e+00 -1.046852179864469878e+00 1.346477290181612996e-01 6.866118618181462807e+01 3.200392852538125419e-03 
-3.963824839832585045e+00 -1.046852179864469878e+00 1.346477290181612996e-01 6.866118618181462807e+01 3.200392852538125419e-03 
-3.676105240988936984e+00 -1.105505489772332872e+00 1.185126879910183700e-01 6.884538657000783246e+01 4.620600890178089976e-03 
-3.474164986516604436e+00 -1.095570157204835970e+00 1.221442539752006368e-01 7.007796434386222018e+01 5.066079723751693367e-03 
-3.474164986516604436e+00 -1.095570157204835970e+00 1.221442539752006368e-01 7.007796434386222018e+01 5.066079723751693367e-03 
-3.474164986516604436e+00 -1.095570157204835970e+00 1.221442539752006368e-01 7.007796434386222018e+01 5.066079723751693367e-03 
-3.360532771378926142e+00 -1.090696902177528127e+00 1.216657633087005613e-01 6.463986408107292903e+01 7.410374066964875439e-03 
-3.360532771378926142e+00 -1.090696902177528127e+00 1.216657633087005613e-01 6.463986408107292903e+01 7.410374066964875439e-03 
-3.759480376148894187e+00 -1.010536607060944503e+00 1.219982711400575126e-01 6.265512454689661581e+01 3.946300458352990786e-03 
-3.759480376148894187e+00 -1.010536607060944503e+00 1.219982711400575126e-01 6.265512454689661581e+01 3.946300458352990786e-03 
-3.759480376148894187e+00 -1.010536607060944503e+00 1.219982711400575126e-01 6.265512454689661581e+01 3.946300458352990786e-03 
-3.759480376148894187e+00 -1.010536607060944503e+00 1.219982711400575126e-01 6.265512454689661581e+01 3.946300458352990786e-03 
-3.796780806900962535e+00 -8.999585089181758590e-01 1.323985896949551877e-01 6.600620824441229217e+01 4.401015237577412045e-03 
-3.796780806900962535e+00 -8.999585089181758590e-01 1.323985896949551877e-01 6.600620824441229217e+01 4.401015237577412045e-03 
-3.796780806900962535e+00 -8.999585089181758590e-01 1.323985896949551877e-01 6.600620824441229217e+01 4.401015237577412045e-03 
-3.933964728537825195e+00 -9.750126255916703455e-01 1.351733396440532586e-01 7.511576120588375716e+01 6.851684552284239421e-03 
-4.060179499857970775e+00 -8.947922192726946999e-01 1.314401164978352965e-01 7.544715833442236885e+01 7.836592267192866654e-03 
-4.060179499857970775e+00 -8.947922192726946999e-01 1.314401164978352965e-01 7.544715833442236885e+01 7.836592267192866654e-03 
-4.060179499857970775e+00 -8.947922192726946999e-01 1.314401164978352965e-01 7.544715833442236885e+01 7.836592267192866654e-03 
-4.060179499857970775e+00 -8.947922192726946999e-01 1.314401164978352965e-01 7.544715833442236885e+01 7.836592267192866654e-03 
-3.973948728741252268e+00 -8.852567382325187140e-01 1.261508083345613263e-01 7.634752301470089719e+01 8.379883858561145218e-03 
-3.902547019237581960e+00 -8.584779006363747467e-01 1.201176875505156755e-01 8.087103018629970563e+01 1.239018856048842640e-02 
-3.815153812144772782e+00 -8.967275512137060645e-01 1.127519288316546631e-01 7.734788958389667357e+01 5.859858922322434480e-03 
-3.747670505227620907e+00 -8.215828863155276718e-01 1.089644808904266932e-01 7.859152989170085846e+01 5.389518569219348132e-03 
-3.889197899154898330e+00 -8.598012854208900713e-01 9.588012132247208941e-02 8.162761296367928310e+01 5.663582860655590537e-03 
-3.889197899154898330e+00 -8.598012854208900713e-01 9.588012132247208941e-02 8.162761296367928310e+01 5.663582860655590537e-03 
-3.889197899154898330e+00 -8.598012854208900713e-01 9.588012132247208941e-02 8.162761296367928310e+01 5.663582860655590537e-03 
-3.889197899154898330e+00 -8.598012854208900713e-01 9.588012132247208941e-02 8.162761296367928310e+01 5.663582860655590537e-03 
-3.711576888501945337e+00 -8.675448536514347442e-01 8.749195184760479027e-02 8.433819437792786289e+01 -7.949035322155170724e-03 
-3.973180612585586857e+00 -8.947143841997542424e-01 8.729430863932186035e-02 8.556689142460331254e+01 4.529936385411170892e-03 
-3.973180612585586857e+00 -8.947143841997542424e-01 8.729430863932186035e-02 8.556689142460331254e+01 4.529936385411170892e-03 
-3.973180612585586857e+00 -8.947143841997542424e-01 8.729430863932186035e-02 8.556689142460331254e+01 4.529936385411170892e-03 
-4.058107930144846165e+00 -9.288610856089997148e-01 7.898942468385265758e-02 8.483295808852163589e+01 2.980365547875366179e-03 
-4.014443587686161052e+00 -9.170327904758801552e-01 7.365204807687983357e-02 8.203423972457538582e+01 5.127307350164709079e-03 
-4.014443587686161052e+00 -9.170327904758801552e-01 7.365204807687983357e-02 8.203423972457538582e+01 5.127307350164709079e-03 
-3.877645205592936684e+00 -9.296050723165470986e-01 8.614847636558020660e-02 8.299416439516701871e+01 4.412461533125237867e-03 
-3.901347914683802820e+00 -9.148145109417260556e-01 8.401158521287073466e-02 8.067617957903196668e+01 4.035450937457173842e-03 
-3.832689644623185732e+00 -9.441285104072051348e-01 9.104896720694710677e-02 8.316569939925544475e+01 -1.130780237438656494e-01 
-3.926483312831528849e+00 -9.843064627312981818e-01 9.195472721003691841e-02 8.211029813103888841e+01 2.426746908420866766e-03 
-3.926483312831528849e+00 -9.843064627312981818e-01 9.195472721003691841e-02 8.211029813103888841e+01 2.426746908420866766e-03 
-3.926483312831528849e+00 -9.843064627312981818e-01 9.195472721003691841e-02 8.211029813103888841e+01 2.426746908420866766e-03 
-3.926483312831528849e+00 -9.843064627312981818e-01 9.195472721003691841e-02 8.211029813103888841e+01 2.426746908420866766e-03 
-3.698549343107006671e+00 -9.635205207266663852e-01 1.043411223101353702e-01 8.277145791680759146e+01 -1.305569328707797440e-03 
-3.698503607166122809e+00 -1.064176674701362124e+00 1.005664295889664994e-01 7.586161568493226071e+01 1.011913959531334298e-02 
-3.438916503862937457e+00 -1.153744178967090805e+00 1.021945684935707810e-01 7.483264419501183795e+01 6.692268929846235948e-03 
-3.577959815307624858e+00 -1.136967281882191871e+00 1.049153891822595386e-01 6.978427337899397287e+01 4.289511312052121314e-03 
-3.577959815307624858e+00 -1.136967281882191871e+00 1.049153891822595386e-01 6.978427337899397287e+01 4.289511312052121314e-03 
-3.706162279424964456e+00 -1.213674024456462996e+00 9.894543996553986642e-02 6.771534042095299810e+01 4.313162598751989554e-03 
-3.817462344834720245e+00 -1.178719707374159986e+00 1.001025486960409050e-01 6.573661732991077145e+01 4.718779113028172094e-03 
-3.817462344834720245e+00 -1.178719707374159986e+00 1.001025486960409050e-01 6.573661732991077145e+01 4.718779113028172094e-03 
-3.876421342635111067e+00 -1.193959907114970687e+00 9.785523108383342716e-02 7.049764243737635638e+01 3.883003220264413802e-03 
-3.876421342635111067e+00 -1.193959907114970687e+00 9.785523108383342716e-02 7.049764243737635638e+01 3.883003220264413802e-03 
-3.876421342635111067e+00 -1.193959907114970687e+00 9.785523108383342716e-02 7.049764243737635638e+01 3.883003220264413802e-03 
-3.926104743100023331e+00 -1.191804504422791400e+00 1.002498601684224527e-01 7.335002591469547895e+01 5.644348606472541011e-03 
-3.926104743100023331e+00 -1.191804504422791400e+00 1.002498601684224527e-01 7.335002591469547895e+01 5.644348606472541011e-03 
-4.224987974074439379e+00 -1.138159737297300689e+00 1.098033127109188933e-01 7.586702109933888494e+01 4.827573598545511699e-03 
-4.224987974074439379e+00 -1.138159737297300689e+00 1.098033127109188933e-01 7.586702109933888494e+01 4.827573598545511699e-03 
-3.896884359907123674e+00 -1.157684753569173663e+00 1.129647901910535573e-01 8.030485586193188396e+01 4.594694733946553568e-03 
-3.896884359907123674e+00 -1.157684753569173663e+00 1.129647901910535573e-01 8.030485586193188396e+01 4.594694733946553568e-03 
-3.896884359907123674e+00 -1.157684753569173663e+00 1.129647901910535573e-01 8.030485586193188396e+01 4.594694733946553568e-03 
-3.896884359907123674e+00 -1.157684753569173663e+00 1.129647901910535573e-01 8.030485586193188396e+01 4.594694733946553568e-03 
-3.774213634981304022e+00 -1.103057275307073537e+00 1.084070969027371711e-01 8.325685653358986826e+01 5.506924220074836673e-03 
-3.733520509940250420e+00 -1.065674768049876597e+00 9.922439167336521981e-02 8.076332744683466558e+01 5.522649213626507243e-03 
-3.698925441614487220e+00 -9.868402969557016347e-01 1.003164741852048264e-01 8.078338184584335124e+01 5.110457068757538399e-03 
-4.001981296483006822e+00 -9.924322532328532231e-01 1.029648616380238052e-01 7.826431348875247807e+01 5.063991254147325906e-03 
-4.001981296483006822e+00 -9.924322532328532231e-01 1.029648616380238052e-01 7.826431348875247807e+01 5.063991254147325906e-03 
-3.860174329836756790e+00 -1.053820346477388092e+00 1.083071037478387233e-01 7.385127489497401143e+01 6.731887990402408289e-03 
-3.920447191251289709e+00 -9.811727562099538114e-01 1.052997033688764239e-01 7.354344699763676374e+01 6.547404219834554798e-03 
-3.920447191251289709e+00 -9.811727562099538114e-01 1.052997033688764239e-01 7.354344699763676374e+01 6.547404219834554798e-03 
-3.920447191251289709e+00 -9.811727562099538114e-01 1.052997033688764239e-01 7.354344699763676374e+01 6.547404219834554798e-03 
-4.073234083499523983e+00 -9.669732732899155581e-01 1.074591412574998212e-01 7.588560273081851903e+01 6.421250008828610460e-03 
-4.073234083499523983e+00 -9.669732732899155581e-01 1.074591412574998212e-01 7.588560273081851903e+01 6.421250008828610460e-03 
-4.073234083499523983e+00 -9.669732732899155581e-01 1.074591412574998212e-01 7.588560273081851903e+01 6.421250008828610460e-03 
-4.073234083499523983e+00 -9.669732732899155581e-01 1.074591412574998212e-01 7.588560273081851903e+01 6.421250008828610460e-03 
-3.954531795882876732e+00 -9.970298468928032731e-01 1.049873602619607466e-01 7.386686137605471458e+01 4.301306723825396722e-03 
-3.954531795882876732e+00 -9.970298468928032731e-01 1.049873602619607466e-01 7.386686137605471458e+01 4.301306723825396722e-03 
-3.865196750049142427e+00 -9.211990711661375286e-01 1.086102034832124169e-01 7.576931560480240080e+01 4.926576484519236583e-03 
-4.226109322144848690e+00 -9.104741232284152552e-01 1.050570941612850862e-01 8.449817480950471804e+01 4.250513350665893059e-03 
-4.226109322144848690e+00 -9.104741232284152552e-01 1.050570941612850862e-01 8.449817480950471804e+01 4.250513350665893059e-03 
-4.226109322144848690e+00 -9.104741232284152552e-01 1.050570941612850862e-01 8.449817480950471804e+01 4.250513350665893059e-03 
-4.226109322144848690e+00 -9.104741232284152552e-01 1.050570941612850862e-01 8.449817480950471804e+01 4.250513350665893059e-03 
-4.226109322144848690e+00 -9.104741232284152552e-01 1.050570941612850862e-01 8.449817480950471804e+01 4.250513350665893059e-03 
-4.323865512157018642e+00 -8.795880087246378265e-01 1.014147880671120161e-01 8.360568678314170654e+01 4.873763764787736319e-03 
-4.323865512157018642e+00 -8.795880087246378265e-01 1.014147880671120161e-01 8.360568678314170654e+01 4.873763764787736319e-03 
-4.295200488160637597e+00 -8.608560097206551243e-01 1.082986407455176214e-01 8.346893577371038475e+01 6.087276488380841816e-03 
-4.607203222352794114e+00 -8.156194076528648917e-01 1.025467569207136193e-01 8.851579923115991733e+01 7.708574029576011066e-03 
-4.607203222352794114e+00 -8.156194076528648917e-01 1.025467569207136193e-01 8.851579923115991733e+01 7.708574029576011066e-03 
-4.607203222352794114e+00 -8.156194076528648917e-01 1.025467569207136193e-01 8.851579923115991733e+01 7.708574029576011066e-03 
-4.607203222352794114e+00 -8.156194076528648917e-01 1.025467569207136193e-01 8.851579923115991733e+01 7.708574029576011066e-03 
-4.607203222352794114e+00 -8.156194076528648917e-01 1.025467569207136193e-01 8.851579923115991733e+01 7.708574029576011066e-03 
-4.607203222352794114e+00 -8.156194076528648917e-01 1.025467569207136193e-01 8.851579923115991733e+01 7.708574029576011066e-03 
-4.607203222352794114e+00 -8.156194076528648917e-01 1.025467569207136193e-01 8.851579923115991733e+01 7.708574029576011066e-03 
-4.355627074333864535e+00 -8.413540760054142309e-01 1.020352982754059168e-01 9.432605876930921340e+01 7.724534582138994909e-03 
-3.980148727983756185e+00 -8.376174309079669200e-01 8.981806114754103954e-02 9.855016725886262918e+01 6.337197700424453822e-03 
-3.949982856727020319e+00 -6.872962691745616581e-01 7.647771315799624381e-02 1.064615507671087045e+02 3.828128408387684867e-03 
-3.949982856727020319e+00 -6.872962691745616581e-01 7.647771315799624381e-02 1.064615507671087045e+02 3.828128408387684867e-03 
-3.949982856727020319e+00 -6.872962691745616581e-01 7.647771315799624381e-02 1.064615507671087045e+02 3.828128408387684867e-03 
-3.949982856727020319e+00 -6.872962691745616581e-01 7.647771315799624381e-02 1.064615507671087045e+02 3.828128408387684867e-03 
-3.949982856727020319e+00 -6.872962691745616581e-01 7.647771315799624381e-02 1.064615507671087045e+02 3.828128408387684867e-03 
-3.949982856727020319e+00 -6.872962691745616581e-01 7.647771315799624381e-02 1.064615507671087045e+02 3.828128408387684867e-03 
-3.913978969691592535e+00 -7.888739661806757342e-01 7.417561279978282518e-02 1.028771617153324627e+02 2.841468514829632690e-03 
-3.913978969691592535e+00 -7.888739661806757342e-01 7.417561279978282518e-02 1.028771617153324627e+02 2.841468514829632690e-03 
-3.913978969691592535e+00 -7.888739661806757342e-01 7.417561279978282518e-02 1.028771617153324627e+02 2.841468514829632690e-03 
-3.913978969691592535e+00 -7.888739661806757342e-01 7.417561279978282518e-02 1.028771617153324627e+02 2.841468514829632690e-03 
-3.913978969691592535e+00 -7.888739661806757342e-01 7.417561279978282518e-02 1.028771617153324627e+02 2.841468514829632690e-03 
-3.913978969691592535e+00 -7.888739661806757342e-01 7.417561279978282518e-02 1.028771617153324627e+02 2.841468514829632690e-03 
-3.913978969691592535e+00 -7.888739661806757342e-01 7.417561279978282518e-02 1.028771617153324627e+02 2.841468514829632690e-03 
-3.913978969691592535e+00 -7.888739661806757342e-01 7.417561279978282518e-02 1.028771617153324627e+02 2.841468514829632690e-03 
-3.913978969691592535e+00 -7.888739661806757342e-01 7.417561279978282518e-02 1.028771617153324627e+02 2.841468514829632690e-03 
-3.765803300983896484e+00 -7.954732656571126270e-01 7.452715413181264237e-02 1.009462584277731452e+02 4.840890966072147229e-03 
-3.815374004378410344e+00 -8.316208981100045028e-01 6.778538134143027860e-02 1.086138440035837647e+02 6.737525364698067169e-03 
-3.900654262168120834e+00 -8.128331124360232973e-01 7.339267243862263035e-02 1.070499881967594433e+02 6.910063211501527372e-03 
-3.652583394530211525e+00 -7.711715622908977830e-01 7.106762966908510004e-02 1.064787964786482348e+02 9.977026942241191271e-03 
-3.994179024205113837e+00 -7.844163790305481720e-01 6.602025048309689836e-02 1.114459938023977656e+02 6.954234566134113657e-03 
-3.886374251981604022e+00 -8.027817893003721395e-01 6.409807684314565435e-02 1.110230995426307459e+02 4.597455747267999507e-03 
-3.886374251981604022e+00 -8.027817893003721395e-01 6.409807684314565435e-02 1.110230995426307459e+02 4.597455747267999507e-03 
-4.009870098147422901e+00 -8.150516084834704689e-01 5.737884058100103934e-02 1.117856690413012757e+02 3.766481306610590558e-03 
-4.009870098147422901e+00 -8.150516084834704689e-01 5.737884058100103934e-02 1.117856690413012757e+02 3.766481306610590558e-03 
-4.009870098147422901e+00 -8.150516084834704689e-01 5.737884058100103934e-02 1.117856690413012757e+02 3.766481306610590558e-03 
-4.039130138770399725e+00 -7.967334630641395021e-01 4.869327460367216254e-02 1.121981178692031733e+02 5.656703442071865130e-03 
-3.985459614340495449e+00 -8.314689671860047149e-01 5.171883052227487648e-02 1.157720562383475027e+02 5.559623988632082098e-03 
-4.070720798479111835e+00 -7.684713145254153943e-01 4.190488034861974964e-02 1.142935622336713095e+02 4.730395700313730703e-03 
-4.062745764628409972e+00 -7.923419636499112739e-01 4.198163887379770254e-02 1.126387793577330427e+02 4.686656361703385974e-03 
-4.062745764628409972e+00 -7.923419636499112739e-01 4.198163887379770254e-02 1.126387793577330427e+02 4.686656361703385974e-03 
-4.232253071125910537e+00 -8.019136472306488406e-01 3.948280338174598586e-02 1.140843434855112264e+02 4.451676219725315964e-03 
-3.970175559926026665e+00 -8.248791988369346129e-01 4.199356962682244954e-02 1.088021751522847040e+02 5.478785984740840859e-03 
-3.970175559926026665e+00 -8.248791988369346129e-01 4.199356962682244954e-02 1.088021751522847040e+02 5.478785984740840859e-03 
-4.049171107124729829e+00 -8.589803267111322249e-01 4.089405914911412726e-02 1.046311659855530962e+02 5.662992295232307724e-03 
-3.893635106013199731e+00 -8.755212903537386016e-01 3.807608248926913630e-02 1.075674691558312190e+02 6.499117824563638290e-03 
-3.783084716444095275e+00 -9.199778015489461502e-01 3.585196763810375581e-02 1.118183992890134846e+02 6.574515044885988549e-03 
-3.742006019185861732e+00 -8.911355265365741296e-01 2.802862971312066603e-02 1.103959671618655278e+02 1.029417375492423792e-02 
-3.742006019185861732e+00 -8.911355265365741296e-01 2.802862971312066603e-02 1.103959671618655278e+02 1.029417375492423792e-02 
-3.757253004721031964e+00 -8.969158627879622037e-01 3.041178896721710365e-02 1.066397852554620584e+02 8.120617283480444093e-03 
-3.743761675670545852e+00 -9.088887232457003584e-01 3.156486530493632370e-02 1.087582449530138291e+02 8.835910544948494955e-03 
-3.641704293221212030e+00 -9.641348439058635700e-01 1.896757009455527984e-02 1.075800362479454151e+02 1.168387968067184299e-02 
-3.641704293221212030e+00 -9.641348439058635700e-01 1.896757009455527984e-02 1.075800362479454151e+02 1.168387968067184299e-02 
-3.750374017447726693e+00 -9.577428469566314773e-01 1.269489078289997956e-02 1.082328544313560883e+02 1.230857276035469787e-02 
-3.704678321115914663e+00 -1.019618522910555436e+00 1.069508234746211102e-02 1.102505798156974208e+02 1.265489407749980852e-02 
-4.090298076979912878e+00 -1.023063950140943534e+00 1.209224423559615569e-02 1.112817617226152436e+02 1.329800664976317839e-02 
-4.223289635980693291e+00 -1.071998261525304530e+00 1.488810598119864187e-02 1.154688993463156947e+02 1.071413692204011003e-02 
-4.249359743469193873e+00 -1.078362431348794503e+00 1.390916654310144288e-02 1.129370004594116494e+02 1.324943729794117973e-02 
-4.100636690814154939e+00 -1.116535490813987730e+00 1.405351166877538346e-02 1.134194227116165052e+02 1.163478963256805131e-02 
-4.084826666085981550e+00 -1.102059418767316057e+00 2.541540860933342444e-02 1.105490482671050358e+02 7.901873324064383197e-03 
-4.084826666085981550e+00 -1.102059418767316057e+00 2.541540860933342444e-02 1.105490482671050358e+02 7.901873324064383197e-03 
-3.934174079258058843e+00 -1.048053714033774675e+00 2.500214830856375622e-02 1.180250299248412205e+02 7.016041574420872617e-03 
-3.934174079258058843e+00 -1.048053714033774675e+00 2.500214830856375622e-02 1.180250299248412205e+02 7.016041574420872617e-03 
-3.975220080312083404e+00 -1.134829128753173100e+00 1.120876219397713876e-02 1.188988511999073836e+02 1.100669357057174752e-02 
-3.773245808380642607e+00 -1.169710630249143346e+00 6.990291660869976838e-03 1.214673286090783080e+02 1.350903189807417006e-02 
-3.850371488868916892e+00 -1.199902886503797061e+00 1.340845969680811399e-02 1.219877017548841991e+02 1.141109964226800014e-02 
-4.030341858283312817e+00 -1.207359036332277702e+00 8.295813803691976657e-03 1.152389874512442844e+02 1.390489251691042448e-02 
-4.106380433976240418e+00 -1.188122296572148073e+00 4.852474603501693781e-03 1.118723428316022819e+02 1.382394810880203245e-02 
-3.948814887698880227e+00 -1.149762381222284136e+00 1.145474137154654966e-02 1.147031134170310906e+02 1.178888412214005449e-02 
-4.011742247673890205e+00 -1.210270636800700572e+00 8.323846250964484633e-03 1.149403871289734269e+02 1.293954091310160238e-02 
-4.097156885135520454e+00 -1.191293032221387271e+00 4.388575882660250907e-03 1.170203513754464808e+02 1.391596749556048805e-02 
-3.932623195189377974e+00 -1.163918880191391780e+00 7.428280005620263582e-03 1.162457209049995868e+02 1.382864739850261752e-02 
-3.808205897657048311e+00 -1.118787830263167749e+00 4.402824634253103657e-03 1.156099150859513003e+02 1.322834185672282573e-02 
-3.710476484661741736e+00 -1.120888526150578768e+00 6.604830949936959725e-03 1.140236561419690275e+02 1.320816443936296061e-02 
-3.777680128303913865e+00 -1.094071576513433897e+00 8.657915408829033529e-03 1.145670169437117352e+02 1.581663247467696154e-02 
-3.855784318592647253e+00 -1.027322627192915450e+00 9.318566815721135085e-03 1.101702165125250872e+02 1.351757555983775991e-02 
-3.900638941072565480e+00 -1.110982492730499871e+00 2.141329013720560948e-02 1.122346737094035092e+02 1.633757251658987664e-02 
-3.744511061212441927e+00 -1.078920999082647603e+00 2.583993848162277965e-02 1.183112916992005808e+02 9.592531363973019753e-03 
-3.744511061212441927e+00 -1.078920999082647603e+00 2.583993848162277965e-02 1.183112916992005808e+02 9.592531363973019753e-03 
-3.733875500242869627e+00 -1.116088245563752634e+00 3.077399105664992834e-02 1.163670629684968532e+02 6.927816292575097665e-03 
-3.844650603000141498e+00 -1.200635740791477168e+00 3.995700222742605556e-02 1.173253910884389768e+02 4.380793596099578566e-03 
-3.844650603000141498e+00 -1.200635740791477168e+00 3.995700222742605556e-02 1.173253910884389768e+02 4.380793596099578566e-03 
-3.805861801389743171e+00 -1.273702152968783974e+00 3.229626803508408445e-02 1.204885697182844666e+02 4.790554865739950034e-03 
-3.805861801389743171e+00 -1.273702152968783974e+00 3.229626803508408445e-02 1.204885697182844666e+02 4.790554865739950034e-03 
-3.805861801389743171e+00 -1.273702152968783974e+00 3.229626803508408445e-02 1.204885697182844666e+02 4.790554865739950034e-03 
-3.805861801389743171e+00 -1.273702152968783974e+00 3.229626803508408445e-02 1.204885697182844666e+02 4.790554865739950034e-03 
-3.805861801389743171e+00 -1.273702152968783974e+00 3.229626803508408445e-02 1.204885697182844666e+02 4.790554865739950034e-03 
-3.856160163113879769e+00 -1.288156054511458093e+00 4.439470129820380362e-02 1.199362565887743841e+02 4.490348704338778182e-03 
-3.856160163113879769e+00 -1.288156054511458093e+00 4.439470129820380362e-02 1.199362565887743841e+02 4.490348704338778182e-03 
-3.856160163113879769e+00 -1.288156054511458093e+00 4.439470129820380362e-02 1.199362565887743841e+02 4.490348704338778182e-03 
-3.618063856015496960e+00 -1.291116512808813566e+00 4.016292638553367600e-02 1.175066190913980222e+02 6.150547891484350882e-03 
-3.723326980057509061e+00 -1.357900165679917004e+00 4.894649854138852230e-02 1.211563676868081103e+02 4.283460111700167564e-03 
-3.723326980057509061e+00 -1.357900165679917004e+00 4.894649854138852230e-02 1.211563676868081103e+02 4.283460111700167564e-03 
-3.648994195744090785e+00 -1.405356029351402025e+00 5.242795981085736357e-02 1.260166404148992711e+02 6.136388586256143890e-03 
-3.368961556479501684e+00 -1.514662958335395437e+00 4.591604506533489283e-02 1.271482640209086838e+02 4.862937176079322465e-03 
-3.488212898054596334e+00 -1.487615613734052378e+00 3.270207020802631120e-02 1.291701580634760944e+02 6.153115721597084836e-03 
-3.488212898054596334e+00 -1.487615613734052378e+00 3.270207020802631120e-02 1.291701580634760944e+02 6.153115721597084836e-03 
-3.488212898054596334e+00 -1.487615613734052378e+00 3.270207020802631120e-02 1.291701580634760944e+02 6.153115721597084836e-03 
-3.478382179062393664e+00 -1.533995122920631671e+00 2.970832903806813405e-02 1.244460666138306948e+02 7.048879724865867932e-03 
