-3.414579995567233794e+00 -9.702388306025241382e-01 1.489672526950665266e-01 7.220090133773776131e+01 1.410664919676042628e-02 
-3.260428141593051610e+00 -8.369717738762318948e-01 1.777159651405482155e-01 8.081290836485132445e+01 3.340441781855866057e-03 
-3.223076451977852308e+00 -7.979021694401627895e-01 1.911030789706894273e-01 8.405845778114756683e+01 3.214088553776173283e-03 
-3.223076451977852308e+00 -7.979021694401627895e-01 1.911030789706894273e-01 8.405845778114756683e+01 3.214088553776173283e-03 
-3.223076451977852308e+00 -7.979021694401627895e-01 1.911030789706894273e-01 8.405845778114756683e+01 3.214088553776173283e-03 
-3.223076451977852308e+00 -7.979021694401627895e-01 1.911030789706894273e-01 8.405845778114756683e+01 3.214088553776173283e-03 
-2.907992288330577324e+00 -9.007816187675223851e-01 1.880538911217276288e-01 8.569923122032898277e+01 6.362914042554297656e-03 
-2.907992288330577324e+00 -9.007816187675223851e-01 1.880538911217276288e-01 8.569923122032898277e+01 6.362914042554297656e-03 
-2.963782553783231410e+00 -9.502396901535006268e-01 1.854941333728393482e-01 8.598491665789903493e+01 7.554461807936253652e-03 
-2.875097293060500547e+00 -1.001867456692600244e+00 1.915902511987091217e-01 8.363229329307451110e+01 -3.971438318617327712e-03 
-2.761341224964509955e+00 -9.581049027407289032e-01 2.000957803996299134e-01 7.816138088044559140e+01 1.195067502924128215e-02 
-3.065379144191626271e+00 -9.294289668501226620e-01 1.926148399078673190e-01 7.610614577174594331e+01 9.599124370046129701e-03 
-3.017671408922701026e+00 -9.400615892259158723e-01 1.951199567521208211e-01 8.048838518223820415e+01 7.549185749676251556e-03 
-3.017671408922701026e+00 -9.400615892259158723e-01 1.951199567521208211e-01 8.048838518223820415e+01 7.549185749676251556e-03 
-3.074655252751577361e+00 -8.456035198628961691e-01 1.875869519373063454e-01 8.632395411830570708e+01 -4.142119181103086183e-03 
-3.166077034886277897e+00 -8.481207980053158124e-01 1.741254563943974154e-01 8.527397964029952959e+01 2.267240535459162654e-02 
-3.342102499472384469e+00 -7.669994825913394321e-01 1.558634687752430414e-01 8.162316998520539357e+01 3.643286758132198433e-03 
-3.342102499472384469e+00 -7.669994825913394321e-01 1.558634687752430414e-01 8.162316998520539357e+01 3.643286758132198433e-03 
-3.342102499472384469e+00 -7.669994825913394321e-01 1.558634687752430414e-01 8.162316998520539357e+01 3.643286758132198433e-03 
-3.235581584443607550e+00 -8.329984183052662194e-01 1.581089337539184347e-01 8.329199653252739211e+01 6.279632091519577776e-03 
-3.235581584443607550e+00 -8.329984183052662194e-01 1.581089337539184347e-01 8.329199653252739211e+01 6.279632091519577776e-03 
-3.235581584443607550e+00 -8.329984183052662194e-01 1.581089337539184347e-01 8.329199653252739211e+01 6.279632091519577776e-03 
-2.826779042774362427e+00 -7.959490201222721995e-01 1.527201568708499713e-01 8.278598889574016084e+01 5.099355590083582551e-03 
-2.826779042774362427e+00 -7.959490201222721995e-01 1.527201568708499713e-01 8.278598889574016084e+01 5.099355590083582551e-03 
-2.826779042774362427e+00 -7.959490201222721995e-01 1.527201568708499713e-01 8.278598889574016084e+01 5.099355590083582551e-03 
-2.826779042774362427e+00 -7.959490201222721995e-01 1.527201568708499713e-01 8.278598889574016084e+01 5.099355590083582551e-03 
-2.826779042774362427e+00 -7.959490201222721995e-01 1.527201568708499713e-01 8.278598889574016084e+01 5.099355590083582551e-03 
-2.641377091744992800e+00 -8.076286956778675474e-01 1.693446805267371513e-01 7.800593732649211631e+01 7.572979795182468131e-03 
-2.818964306767359762e+00 -8.535921953797331874e-01 1.646953839806986897e-01 7.765569199426073510e+01 3.749246959615576587e-03 
-2.818964306767359762e+00 -8.535921953797331874e-01 1.646953839806986897e-01 7.765569199426073510e+01 3.749246959615576587e-03 
-2.818964306767359762e+00 -8.535921953797331874e-01 1.646953839806986897e-01 7.765569199426073510e+01 3.749246959615576587e-03 
-2.818964306767359762e+00 -8.535921953797331874e-01 1.646953839806986897e-01 7.765569199426073510e+01 3.749246959615576587e-03 
-2.818964306767359762e+00 -8.535921953797331874e-01 1.646953839806986897e-01 7.765569199426073510e+01 3.749246959615576587e-03 
-2.818964306767359762e+00 -8.535921953797331874e-01 1.646953839806986897e-01 7.765569199426073510e+01 3.749246959615576587e-03 
-2.818964306767359762e+00 -8.535921953797331874e-01 1.646953839806986897e-01 7.765569199426073510e+01 3.749246959615576587e-03 
-2.818964306767359762e+00 -8.535921953797331874e-01 1.646953839806986897e-01 7.765569199426073510e+01 3.749246959615576587e-03 
-2.668073855013559204e+00 -7.803329636724233298e-01 1.634502836154819727e-01 7.971081002448376296e+01 5.504808854788548894e-03 
-2.668073855013559204e+00 -7.803329636724233298e-01 1.634502836154819727e-01 7.971081002448376296e+01 5.504808854788548894e-03 
-2.668073855013559204e+00 -7.803329636724233298e-01 1.634502836154819727e-01 7.971081002448376296e+01 5.504808854788548894e-03 
-2.668073855013559204e+00 -7.803329636724233298e-01 1.634502836154819727e-01 7.971081002448376296e+01 5.504808854788548894e-03 
-2.416198820437525097e+00 -7.482785459128423744e-01 1.646681014126726295e-01 7.373801717248262833e+01 2.314336763964005075e-03 
-2.416198820437525097e+00 -7.482785459128423744e-01 1.646681014126726295e-01 7.373801717248262833e+01 2.314336763964005075e-03 
-2.416198820437525097e+00 -7.482785459128423744e-01 1.646681014126726295e-01 7.373801717248262833e+01 2.314336763964005075e-03 
-2.416198820437525097e+00 -7.482785459128423744e-01 1.646681014126726295e-01 7.373801717248262833e+01 2.314336763964005075e-03 
-2.416198820437525097e+00 -7.482785459128423744e-01 1.646681014126726295e-01 7.373801717248262833e+01 2.314336763964005075e-03 
-2.416198820437525097e+00 -7.482785459128423744e-01 1.646681014126726295e-01 7.373801717248262833e+01 2.314336763964005075e-03 
-2.416198820437525097e+00 -7.482785459128423744e-01 1.646681014126726295e-01 7.373801717248262833e+01 2.314336763964005075e-03 
-2.416198820437525097e+00 -7.482785459128423744e-01 1.646681014126726295e-01 7.373801717248262833e+01 2.314336763964005075e-03 
-2.416198820437525097e+00 -7.482785459128423744e-01 1.646681014126726295e-01 7.373801717248262833e+01 2.314336763964005075e-03 
-2.416198820437525097e+00 -7.482785459128423744e-01 1.646681014126726295e-01 7.373801717248262833e+01 2.314336763964005075e-03 
-2.416198820437525097e+00 -7.482785459128423744e-01 1.646681014126726295e-01 7.373801717248262833e+01 2.314336763964005075e-03 
-2.416198820437525097e+00 -7.482785459128423744e-01 1.646681014126726295e-01 7.373801717248262833e+01 2.314336763964005075e-03 
-2.416198820437525097e+00 -7.482785459128423744e-01 1.646681014126726295e-01 7.373801717248262833e+01 2.314336763964005075e-03 
-2.416198820437525097e+00 -7.482785459128423744e-01 1.646681014126726295e-01 7.373801717248262833e+01 2.314336763964005075e-03 
-2.416198820437525097e+00 -7.482785459128423744e-01 1.646681014126726295e-01 7.373801717248262833e+01 2.314336763964005075e-03 
-2.416198820437525097e+00 -7.482785459128423744e-01 1.646681014126726295e-01 7.373801717248262833e+01 2.314336763964005075e-03 
-2.416198820437525097e+00 -7.482785459128423744e-01 1.646681014126726295e-01 7.373801717248262833e+01 2.314336763964005075e-03 
-2.416198820437525097e+00 -7.482785459128423744e-01 1.646681014126726295e-01 7.373801717248262833e+01 2.314336763964005075e-03 
-2.291653204397971599e+00 -8.492357717185399224e-01 1.695594789692104754e-01 7.455947106895574450e+01 -6.643745623729378422e-04 
-2.274380098328468325e+00 -7.777620935650086942e-01 1.687245800917036020e-01 7.921218820193729471e+01 1.027014747548280968e-02 
-2.274380098328468325e+00 -7.777620935650086942e-01 1.687245800917036020e-01 7.921218820193729471e+01 1.027014747548280968e-02 
-2.220890541833495213e+00 -8.144297853439410595e-01 1.792797714977426293e-01 7.571064723781414330e+01 1.144019894630690648e-02 
-2.175048686456218405e+00 -8.617897112945985816e-01 1.860458693269092523e-01 7.414151357513871687e+01 7.138969080268954895e-03 
-2.081548102413275370e+00 -8.169352433108729716e-01 1.859858992826914914e-01 7.154303914593803881e+01 1.023704430518994173e-02 
-2.251877099089703904e+00 -7.317444053032553519e-01 1.855204125726830355e-01 7.167430179044971794e+01 2.549873323012846749e-03 
-2.251877099089703904e+00 -7.317444053032553519e-01 1.855204125726830355e-01 7.167430179044971794e+01 2.549873323012846749e-03 
-2.251877099089703904e+00 -7.317444053032553519e-01 1.855204125726830355e-01 7.167430179044971794e+01 2.549873323012846749e-03 
-2.251877099089703904e+00 -7.317444053032553519e-01 1.855204125726830355e-01 7.167430179044971794e+01 2.549873323012846749e-03 
-2.251877099089703904e+00 -7.317444053032553519e-01 1.855204125726830355e-01 7.167430179044971794e+01 2.549873323012846749e-03 
-2.251877099089703904e+00 -7.317444053032553519e-01 1.855204125726830355e-01 7.167430179044971794e+01 2.549873323012846749e-03 
-2.251877099089703904e+00 -7.317444053032553519e-01 1.855204125726830355e-01 7.167430179044971794e+01 2.549873323012846749e-03 
-2.251877099089703904e+00 -7.317444053032553519e-01 1.855204125726830355e-01 7.167430179044971794e+01 2.549873323012846749e-03 
-2.371677377038465373e+00 -6.853433864160347611e-01 1.896185526489814754e-01 7.166010730259287698e+01 -8.749538856323707536e-05 
-2.389091907471864396e+00 -7.060772039797745814e-01 1.860981417500158219e-01 7.514214270736836454e+01 3.381273993269465206e-02 
-2.452076017700503208e+00 -7.795998589263045675e-01 1.815783584980802667e-01 7.605925500034550168e+01 1.027924227014781478e-02 
-2.376143261119637806e+00 -8.242811362401345487e-01 1.787597984222943914e-01 7.567562937057044792e+01 5.998438276009161740e-03 
-2.525954767055632377e+00 -9.132181142791164774e-01 1.755750364859096635e-01 7.470529892005460226e+01 7.936974255618456375e-04 
-2.525954767055632377e+00 -9.132181142791164774e-01 1.755750364859096635e-01 7.470529892005460226e+01 7.936974255618456375e-04 
-2.525954767055632377e+00 -9.132181142791164774e-01 1.755750364859096635e-01 7.470529892005460226e+01 7.936974255618456375e-04 
-2.525954767055632377e+00 -9.132181142791164774e-01 1.755750364859096635e-01 7.470529892005460226e+01 7.936974255618456375e-04 
-2.525954767055632377e+00 -9.132181142791164774e-01 1.755750364859096635e-01 7.470529892005460226e+01 7.936974255618456375e-04 
-2.525954767055632377e+00 -9.132181142791164774e-01 1.755750364859096635e-01 7.470529892005460226e+01 7.936974255618456375e-04 
-2.525954767055632377e+00 -9.132181142791164774e-01 1.755750364859096635e-01 7.470529892005460226e+01 7.936974255618456375e-04 
-2.525954767055632377e+00 -9.132181142791164774e-01 1.755750364859096635e-01 7.470529892005460226e+01 7.936974255618456375e-04 
-2.525954767055632377e+00 -9.132181142791164774e-01 1.755750364859096635e-01 7.470529892005460226e+01 7.936974255618456375e-04 
-2.525954767055632377e+00 -9.132181142791164774e-01 1.755750364859096635e-01 7.470529892005460226e+01 7.936974255618456375e-04 
-2.525954767055632377e+00 -9.132181142791164774e-01 1.755750364859096635e-01 7.470529892005460226e+01 7.936974255618456375e-04 
-2.525954767055632377e+00 -9.132181142791164774e-01 1.755750364859096635e-01 7.470529892005460226e+01 7.936974255618456375e-04 
-2.525954767055632377e+00 -9.132181142791164774e-01 1.755750364859096635e-01 7.470529892005460226e+01 7.936974255618456375e-04 
-2.525954767055632377e+00 -9.132181142791164774e-01 1.755750364859096635e-01 7.470529892005460226e+01 7.936974255618456375e-04 
-2.525954767055632377e+00 -9.132181142791164774e-01 1.755750364859096635e-01 7.470529892005460226e+01 7.936974255618456375e-04 
-2.525954767055632377e+00 -9.132181142791164774e-01 1.755750364859096635e-01 7.470529892005460226e+01 7.936974255618456375e-04 
-2.525954767055632377e+00 -9.132181142791164774e-01 1.755750364859096635e-01 7.470529892005460226e+01 7.936974255618456375e-04 
-2.525954767055632377e+00 -9.132181142791164774e-01 1.755750364859096635e-01 7.470529892005460226e+01 7.936974255618456375e-04 
-2.525954767055632377e+00 -9.132181142791164774e-01 1.755750364859096635e-01 7.470529892005460226e+01 7.936974255618456375e-04 
-2.525954767055632377e+00 -9.132181142791164774e-01 1.755750364859096635e-01 7.470529892005460226e+01 7.936974255618456375e-04 
-2.525954767055632377e+00 -9.132181142791164774e-01 1.755750364859096635e-01 7.470529892005460226e+01 7.936974255618456375e-04 
-2.525954767055632377e+00 -9.132181142791164774e-01 1.755750364859096635e-01 7.470529892005460226e+01 7.936974255618456375e-04 
-2.525954767055632377e+00 -9.132181142791164774e-01 1.755750364859096635e-01 7.470529892005460226e+01 7.936974255618456375e-04 
-2.525954767055632377e+00 -9.132181142791164774e-01 1.755750364859096635e-01 7.470529892005460226e+01 7.936974255618456375e-04 
-2.525954767055632377e+00 -9.132181142791164774e-01 1.755750364859096635e-01 7.470529892005460226e+01 7.936974255618456375e-04 
-2.525954767055632377e+00 -9.132181142791164774e-01 1.755750364859096635e-01 7.470529892005460226e+01 7.936974255618456375e-04 
-2.525954767055632377e+00 -9.132181142791164774e-01 1.755750364859096635e-01 7.470529892005460226e+01 7.936974255618456375e-04 
-2.525954767055632377e+00 -9.132181142791164774e-01 1.755750364859096635e-01 7.470529892005460226e+01 7.936974255618456375e-04 
-2.406774533893742962e+00 -9.302909286995950655e-01 1.792437573730160105e-01 7.378902506863030908e+01 -1.758470659572929085e-03 
-2.480814937382742169e+00 -9.881181217637766689e-01 1.787057249786074553e-01 7.354165472590337060e+01 1.543552021637297107e-02 
-2.371695485893371647e+00 -9.607708209763838880e-01 1.688307344063467996e-01 7.087083212945181288e+01 3.231577780813569417e-03 
-2.371695485893371647e+00 -9.607708209763838880e-01 1.688307344063467996e-01 7.087083212945181288e+01 3.231577780813569417e-03 
-2.371695485893371647e+00 -9.607708209763838880e-01 1.688307344063467996e-01 7.087083212945181288e+01 3.231577780813569417e-03 
-2.371695485893371647e+00 -9.607708209763838880e-01 1.688307344063467996e-01 7.087083212945181288e+01 3.231577780813569417e-03 
-2.371695485893371647e+00 -9.607708209763838880e-01 1.688307344063467996e-01 7.087083212945181288e+01 3.231577780813569417e-03 
-2.371695485893371647e+00 -9.607708209763838880e-01 1.688307344063467996e-01 7.087083212945181288e+01 3.231577780813569417e-03 
-2.371695485893371647e+00 -9.607708209763838880e-01 1.688307344063467996e-01 7.087083212945181288e+01 3.231577780813569417e-03 
-2.371695485893371647e+00 -9.607708209763838880e-01 1.688307344063467996e-01 7.087083212945181288e+01 3.231577780813569417e-03 
-2.371695485893371647e+00 -9.607708209763838880e-01 1.688307344063467996e-01 7.087083212945181288e+01 3.231577780813569417e-03 
-2.371695485893371647e+00 -9.607708209763838880e-01 1.688307344063467996e-01 7.087083212945181288e+01 3.231577780813569417e-03 
-2.371695485893371647e+00 -9.607708209763838880e-01 1.688307344063467996e-01 7.087083212945181288e+01 3.231577780813569417e-03 
-2.371695485893371647e+00 -9.607708209763838880e-01 1.688307344063467996e-01 7.087083212945181288e+01 3.231577780813569417e-03 
-2.371695485893371647e+00 -9.607708209763838880e-01 1.688307344063467996e-01 7.087083212945181288e+01 3.231577780813569417e-03 
-2.371695485893371647e+00 -9.607708209763838880e-01 1.688307344063467996e-01 7.087083212945181288e+01 3.231577780813569417e-03 
-2.371695485893371647e+00 -9.607708209763838880e-01 1.688307344063467996e-01 7.087083212945181288e+01 3.231577780813569417e-03 
-2.371695485893371647e+00 -9.607708209763838880e-01 1.688307344063467996e-01 7.087083212945181288e+01 3.231577780813569417e-03 
-2.371695485893371647e+00 -9.607708209763838880e-01 1.688307344063467996e-01 7.087083212945181288e+01 3.231577780813569417e-03 
-2.371695485893371647e+00 -9.607708209763838880e-01 1.688307344063467996e-01 7.087083212945181288e+01 3.231577780813569417e-03 
-2.371695485893371647e+00 -9.607708209763838880e-01 1.688307344063467996e-01 7.087083212945181288e+01 3.231577780813569417e-03 
-2.371695485893371647e+00 -9.607708209763838880e-01 1.688307344063467996e-01 7.087083212945181288e+01 3.231577780813569417e-03 
-2.371695485893371647e+00 -9.607708209763838880e-01 1.688307344063467996e-01 7.087083212945181288e+01 3.231577780813569417e-03 
-2.371695485893371647e+00 -9.607708209763838880e-01 1.688307344063467996e-01 7.087083212945181288e+01 3.231577780813569417e-03 
-2.371695485893371647e+00 -9.607708209763838880e-01 1.688307344063467996e-01 7.087083212945181288e+01 3.231577780813569417e-03 
-2.371695485893371647e+00 -9.607708209763838880e-01 1.688307344063467996e-01 7.087083212945181288e+01 3.231577780813569417e-03 
-2.340690427098884197e+00 -9.239020581954935363e-01 1.825235846370362736e-01 7.122186761413158251e+01 3.157826552459181563e-03 
-2.340690427098884197e+00 -9.239020581954935363e-01 1.825235846370362736e-01 7.122186761413158251e+01 3.157826552459181563e-03 
-2.340690427098884197e+00 -9.239020581954935363e-01 1.825235846370362736e-01 7.122186761413158251e+01 3.157826552459181563e-03 
-2.340690427098884197e+00 -9.239020581954935363e-01 1.825235846370362736e-01 7.122186761413158251e+01 3.157826552459181563e-03 
-2.340690427098884197e+00 -9.239020581954935363e-01 1.825235846370362736e-01 7.122186761413158251e+01 3.157826552459181563e-03 
-2.340690427098884197e+00 -9.239020581954935363e-01 1.825235846370362736e-01 7.122186761413158251e+01 3.157826552459181563e-03 
-2.340690427098884197e+00 -9.239020581954935363e-01 1.825235846370362736e-01 7.122186761413158251e+01 3.157826552459181563e-03 
-2.404401977594912587e+00 -9.327645831761998130e-01 1.856357075609642027e-01 7.131567696854628480e+01 -4.451663719723837620e-04 
-2.724659429571792746e+00 -8.956712989398316616e-01 1.875016864588507914e-01 6.723619136694550491e+01 1.066978915091646753e-02 
-2.632770747686000501e+00 -8.938513621163175493e-01 1.968078534734280516e-01 6.646533404566530123e+01 1.142160283359166736e-02 
-2.548972167639635966e+00 -9.366455797504722458e-01 2.115886228753233733e-01 6.145311713236344531e+01 9.095014140641826533e-03 
-2.548972167639635966e+00 -9.366455797504722458e-01 2.115886228753233733e-01 6.145311713236344531e+01 9.095014140641826533e-03 
-2.548972167639635966e+00 -9.366455797504722458e-01 2.115886228753233733e-01 6.145311713236344531e+01 9.095014140641826533e-03 
-2.557268205600531807e+00 -8.311330175915717655e-01 2.057154179186373444e-01 5.308222773986939558e+01 9.044594710629252909e-03 
-2.557268205600531807e+00 -8.311330175915717655e-01 2.057154179186373444e-01 5.308222773986939558e+01 9.044594710629252909e-03 
-2.594269759234400841e+00 -7.933511404452423532e-01 2.128828709837226607e-01 6.216852843220560487e+01 1.100967977356689248e-02 
-2.781605222501075669e+00 -8.593092678993069500e-01 2.161898139419092257e-01 6.191041416001485231e+01 8.495072316069253449e-03 
-2.980120281940294991e+00 -8.426692585886123021e-01 2.097009058841090567e-01 5.869886939864714748e+01 1.294381443586342315e-02 
-3.205395657898581607e+00 -8.325717884502567001e-01 1.930353936728767539e-01 5.417100765367052873e+01 1.680528579207495044e-02 
-3.390319910394374858e+00 -8.327099053848190380e-01 2.031001318644292120e-01 5.617609705526911057e+01 1.600761105677704632e-02 
-3.378624366810951685e+00 -7.684149048368285051e-01 2.046382676981643167e-01 5.061340226722113300e+01 1.439561528091728819e-02 
-3.378624366810951685e+00 -7.684149048368285051e-01 2.046382676981643167e-01 5.061340226722113300e+01 1.439561528091728819e-02 
-3.378624366810951685e+00 -7.684149048368285051e-01 2.046382676981643167e-01 5.061340226722113300e+01 1.439561528091728819e-02 
-3.378624366810951685e+00 -7.684149048368285051e-01 2.046382676981643167e-01 5.061340226722113300e+01 1.439561528091728819e-02 
-3.602393251183450218e+00 -7.273777636161038451e-01 1.944686663986690545e-01 5.316577075615345649e+01 0.000000000000000000e+00 
-3.602393251183450218e+00 -7.273777636161038451e-01 1.944686663986690545e-01 5.316577075615345649e+01 0.000000000000000000e+00 
-3.602393251183450218e+00 -7.273777636161038451e-01 1.944686663986690545e-01 5.316577075615345649e+01 0.000000000000000000e+00 
-3.578378845302080169e+00 -7.953586932368339468e-01 1.988309903406703660e-01 5.419300499492126022e+01 -1.370314439546544139e-01 
-3.256441572585043076e+00 -7.959170033479512352e-01 1.850876274348385309e-01 5.803548531329204963e+01 9.689076673877163731e-03 
-3.256441572585043076e+00 -7.959170033479512352e-01 1.850876274348385309e-01 5.803548531329204963e+01 9.689076673877163731e-03 
-3.283657113225656676e+00 -7.482424791362849437e-01 1.768807561437000242e-01 5.551668131592771260e+01 8.168119106695508058e-03 
-3.283657113225656676e+00 -7.482424791362849437e-01 1.768807561437000242e-01 5.551668131592771260e+01 8.168119106695508058e-03 
-3.208082785461074948e+00 -7.712371055093717453e-01 1.691369734243527434e-01 5.826844131142776462e+01 1.518195888212349638e-02 
-3.178777175958860557e+00 -7.723136285742531193e-01 1.751743613790311960e-01 6.228070549405036616e+01 9.905497853109302905e-03 
-3.178777175958860557e+00 -7.723136285742531193e-01 1.751743613790311960e-01 6.228070549405036616e+01 9.905497853109302905e-03 
-3.063871892871740332e+00 -8.484767476864527591e-01 1.599043193979307609e-01 6.233018454452108159e+01 7.113670424063148201e-03 
-3.063871892871740332e+00 -8.484767476864527591e-01 1.599043193979307609e-01 6.233018454452108159e+01 7.113670424063148201e-03 
-3.063871892871740332e+00 -8.484767476864527591e-01 1.599043193979307609e-01 6.233018454452108159e+01 7.113670424063148201e-03 
-3.161148683700526263e+00 -8.802630527028888485e-01 1.686134207084988290e-01 6.277696662855630194e+01 8.295371142398772629e-03 
-3.220703507162530066e+00 -8.893259433410972692e-01 1.671921546375543244e-01 6.594630780239788237e+01 8.987100051896521405e-03 
-3.220703507162530066e+00 -8.893259433410972692e-01 1.671921546375543244e-01 6.594630780239788237e+01 8.987100051896521405e-03 
-2.924168638141784182e+00 -8.678864750710739706e-01 1.569438645515111308e-01 6.763340123370433332e+01 8.075034308494436625e-03 
-2.805419649966288898e+00 -8.780239095551705120e-01 1.487726633534555976e-01 6.860805988150335111e+01 -3.065669194632704778e-02 
-2.729479602451259090e+00 -9.644335858813287699e-01 1.427490708557404286e-01 6.970395040644658025e+01 1.168606456994288403e-02 
-2.801410723892594046e+00 -9.473847676188631439e-01 1.341515599725895125e-01 6.604889328935587400e+01 1.115450070736973519e-02 
-2.871034725714505687e+00 -9.401806077533499950e-01 1.364008044558381594e-01 6.695717644318044393e+01 5.375652478701002310e-03 
-2.871034725714505687e+00 -9.401806077533499950e-01 1.364008044558381594e-01 6.695717644318044393e+01 5.375652478701002310e-03 
-3.142376940549505449e+00 -9.561806490519118018e-01 1.252708218703761922e-01 7.043175844404370878e+01 3.822858043712456990e-03 
-3.142376940549505449e+00 -9.561806490519118018e-01 1.252708218703761922e-01 7.043175844404370878e+01 3.822858043712456990e-03 
-3.142376940549505449e+00 -9.561806490519118018e-01 1.252708218703761922e-01 7.043175844404370878e+01 3.822858043712456990e-03 
-3.142376940549505449e+00 -9.561806490519118018e-01 1.252708218703761922e-01 7.043175844404370878e+01 3.822858043712456990e-03 
-3.142376940549505449e+00 -9.561806490519118018e-01 1.252708218703761922e-01 7.043175844404370878e+01 3.822858043712456990e-03 
-3.142376940549505449e+00 -9.561806490519118018e-01 1.252708218703761922e-01 7.043175844404370878e+01 3.822858043712456990e-03 
-3.142376940549505449e+00 -9.561806490519118018e-01 1.252708218703761922e-01 7.043175844404370878e+01 3.822858043712456990e-03 
-3.142376940549505449e+00 -9.561806490519118018e-01 1.252708218703761922e-01 7.043175844404370878e+01 3.822858043712456990e-03 
-3.142376940549505449e+00 -9.561806490519118018e-01 1.252708218703761922e-01 7.043175844404370878e+01 3.822858043712456990e-03 
-3.142376940549505449e+00 -9.561806490519118018e-01 1.252708218703761922e-01 7.043175844404370878e+01 3.822858043712456990e-03 
-3.142376940549505449e+00 -9.561806490519118018e-01 1.252708218703761922e-01 7.043175844404370878e+01 3.822858043712456990e-03 
-3.142376940549505449e+00 -9.561806490519118018e-01 1.252708218703761922e-01 7.043175844404370878e+01 3.822858043712456990e-03 
-3.009418423649478314e+00 -9.900952707927682672e-01 1.152171385724719832e-01 7.384196477452779561e+01 -5.235854905523232641e-03 
-3.207287057962369126e+00 -9.594027895644291482e-01 1.214530364248736227e-01 7.263269510999900547e+01 9.185889412428054415e-03 
-3.207287057962369126e+00 -9.594027895644291482e-01 1.214530364248736227e-01 7.263269510999900547e+01 9.185889412428054415e-03 
-3.612498272857354920e+00 -8.488680733841235115e-01 1.211254378838681617e-01 7.348873401088692958e+01 0.000000000000000000e+00 
-3.612498272857354920e+00 -8.488680733841235115e-01 1.211254378838681617e-01 7.348873401088692958e+01 0.000000000000000000e+00 
-3.612498272857354920e+00 -8.488680733841235115e-01 1.211254378838681617e-01 7.348873401088692958e+01 0.000000000000000000e+00 
-3.612498272857354920e+00 -8.488680733841235115e-01 1.211254378838681617e-01 7.348873401088692958e+01 0.000000000000000000e+00 
-3.612498272857354920e+00 -8.488680733841235115e-01 1.211254378838681617e-01 7.348873401088692958e+01 0.000000000000000000e+00 
-3.612498272857354920e+00 -8.488680733841235115e-01 1.211254378838681617e-01 7.348873401088692958e+01 0.000000000000000000e+00 
-3.612498272857354920e+00 -8.488680733841235115e-01 1.211254378838681617e-01 7.348873401088692958e+01 0.000000000000000000e+00 
-3.612498272857354920e+00 -8.488680733841235115e-01 1.211254378838681617e-01 7.348873401088692958e+01 0.000000000000000000e+00 
-3.612498272857354920e+00 -8.488680733841235115e-01 1.211254378838681617e-01 7.348873401088692958e+01 0.000000000000000000e+00 
-3.612498272857354920e+00 -8.488680733841235115e-01 1.211254378838681617e-01 7.348873401088692958e+01 0.000000000000000000e+00 
-3.612498272857354920e+00 -8.488680733841235115e-01 1.211254378838681617e-01 7.348873401088692958e+01 0.000000000000000000e+00 
-3.612498272857354920e+00 -8.488680733841235115e-01 1.211254378838681617e-01 7.348873401088692958e+01 0.000000000000000000e+00 
-3.612498272857354920e+00 -8.488680733841235115e-01 1.211254378838681617e-01 7.348873401088692958e+01 0.000000000000000000e+00 
-3.612498272857354920e+00 -8.488680733841235115e-01 1.211254378838681617e-01 7.348873401088692958e+01 0.000000000000000000e+00 
-3.612498272857354920e+00 -8.488680733841235115e-01 1.211254378838681617e-01 7.348873401088692958e+01 0.000000000000000000e+00 
-3.612498272857354920e+00 -8.488680733841235115e-01 1.211254378838681617e-01 7.348873401088692958e+01 0.000000000000000000e+00 
-3.612498272857354920e+00 -8.488680733841235115e-01 1.211254378838681617e-01 7.348873401088692958e+01 0.000000000000000000e+00 
-3.612498272857354920e+00 -8.488680733841235115e-01 1.211254378838681617e-01 7.348873401088692958e+01 0.000000000000000000e+00 
-3.612498272857354920e+00 -8.488680733841235115e-01 1.211254378838681617e-01 7.348873401088692958e+01 0.000000000000000000e+00 
-3.612498272857354920e+00 -8.488680733841235115e-01 1.211254378838681617e-01 7.348873401088692958e+01 0.000000000000000000e+00 
-3.612498272857354920e+00 -8.488680733841235115e-01 1.211254378838681617e-01 7.348873401088692958e+01 0.000000000000000000e+00 
-3.612498272857354920e+00 -8.488680733841235115e-01 1.211254378838681617e-01 7.348873401088692958e+01 0.000000000000000000e+00 
-3.612498272857354920e+00 -8.488680733841235115e-01 1.211254378838681617e-01 7.348873401088692958e+01 0.000000000000000000e+00 
-3.544998878685932109e+00 -7.330594994424523003e-01 1.198036683448035628e-01 7.166704536898707545e+01 -1.049350363900639904e-01 
-3.645335617618723045e+00 -7.135802642864911283e-01 1.134222126677526116e-01 7.089436095155328132e+01 0.000000000000000000e+00 
-3.645335617618723045e+00 -7.135802642864911283e-01 1.134222126677526116e-01 7.089436095155328132e+01 0.000000000000000000e+00 
-3.645335617618723045e+00 -7.135802642864911283e-01 1.134222126677526116e-01 7.089436095155328132e+01 0.000000000000000000e+00 
-3.645335617618723045e+00 -7.135802642864911283e-01 1.134222126677526116e-01 7.089436095155328132e+01 0.000000000000000000e+00 
-3.645335617618723045e+00 -7.135802642864911283e-01 1.134222126677526116e-01 7.089436095155328132e+01 0.000000000000000000e+00 
-3.547938873406797367e+00 -7.456065076989231155e-01 1.113577950305645464e-01 7.501805479787439879e+01 -2.007018199013370641e-01 
-3.541514219367526639e+00 -7.579355249800754368e-01 1.132572459612169180e-01 7.354165699789814425e+01 3.159920339252615396e-01 
-3.217329509693789724e+00 -7.720975951212404320e-01 1.100677186458570295e-01 7.454451578636074771e+01 4.507611107656210245e-03 
-3.217329509693789724e+00 -7.720975951212404320e-01 1.100677186458570295e-01 7.454451578636074771e+01 4.507611107656210245e-03 
-3.217329509693789724e+00 -7.720975951212404320e-01 1.100677186458570295e-01 7.454451578636074771e+01 4.507611107656210245e-03 
-3.217329509693789724e+00 -7.720975951212404320e-01 1.100677186458570295e-01 7.454451578636074771e+01 4.507611107656210245e-03 
-3.217329509693789724e+00 -7.720975951212404320e-01 1.100677186458570295e-01 7.454451578636074771e+01 4.507611107656210245e-03 
-3.217329509693789724e+00 -7.720975951212404320e-01 1.100677186458570295e-01 7.454451578636074771e+01 4.507611107656210245e-03 
-3.288702760327397279e+00 -8.345546362131701645e-01 1.127416539359746978e-01 7.456747928830787941e+01 3.389538053926307096e-03 
-3.288702760327397279e+00 -8.345546362131701645e-01 1.127416539359746978e-01 7.456747928830787941e+01 3.389538053926307096e-03 
-3.288702760327397279e+00 -8.345546362131701645e-01 1.127416539359746978e-01 7.456747928830787941e+01 3.389538053926307096e-03 
-3.288702760327397279e+00 -8.345546362131701645e-01 1.127416539359746978e-01 7.456747928830787941e+01 3.389538053926307096e-03 
-3.288702760327397279e+00 -8.345546362131701645e-01 1.127416539359746978e-01 7.456747928830787941e+01 3.389538053926307096e-03 
-3.288702760327397279e+00 -8.345546362131701645e-01 1.127416539359746978e-01 7.456747928830787941e+01 3.389538053926307096e-03 
-3.288702760327397279e+00 -8.345546362131701645e-01 1.127416539359746978e-01 7.456747928830787941e+01 3.389538053926307096e-03 
-3.288702760327397279e+00 -8.345546362131701645e-01 1.127416539359746978e-01 7.456747928830787941e+01 3.389538053926307096e-03 
-3.114514442196524513e+00 -8.237951342999930704e-01 1.143064245071725160e-01 8.084291026449008655e+01 4.862858248176940221e-03 
-3.249362549472198491e+00 -7.991741729275574357e-01 1.117831782872586444e-01 7.921823592522645185e+01 6.300826051345276811e-03 
-3.169566524284663789e+00 -8.089262487260975298e-01 1.011330975962905498e-01 7.984989629288759261e+01 4.907535802764660497e-03 
-3.169566524284663789e+00 -8.089262487260975298e-01 1.011330975962905498e-01 7.984989629288759261e+01 4.907535802764660497e-03 
-3.169566524284663789e+00 -8.089262487260975298e-01 1.011330975962905498e-01 7.984989629288759261e+01 4.907535802764660497e-03 
-3.169566524284663789e+00 -8.089262487260975298e-01 1.011330975962905498e-01 7.984989629288759261e+01 4.907535802764660497e-03 
-3.169566524284663789e+00 -8.089262487260975298e-01 1.011330975962905498e-01 7.984989629288759261e+01 4.907535802764660497e-03 
-3.169566524284663789e+00 -8.089262487260975298e-01 1.011330975962905498e-01 7.984989629288759261e+01 4.907535802764660497e-03 
-2.992513271406853637e+00 -8.134961382927562434e-01 9.549528030872680984e-02 8.096309044111391984e+01 4.988602651271661567e-03 
-2.892104950301146449e+00 -7.543178126737116740e-01 8.545817034088420971e-02 8.756933707732014227e+01 5.823287760852491161e-03 
-2.892104950301146449e+00 -7.543178126737116740e-01 8.545817034088420971e-02 8.756933707732014227e+01 5.823287760852491161e-03 
-3.163056847846966946e+00 -7.799043021146646604e-01 8.475829263769521504e-02 8.591445816431175331e+01 3.760470994853641873e-03 
-3.163056847846966946e+00 -7.799043021146646604e-01 8.475829263769521504e-02 8.591445816431175331e+01 3.760470994853641873e-03 
-3.177013399223204360e+00 -8.102448697338854311e-01 8.974891510040315656e-02 8.296230201032649632e+01 3.968135807665676765e-03 
-3.177013399223204360e+00 -8.102448697338854311e-01 8.974891510040315656e-02 8.296230201032649632e+01 3.968135807665676765e-03 
-3.145370685701335045e+00 -8.181143265243915330e-01 8.886665171495869431e-02 7.663287483097575148e+01 3.817875819181327894e-03 
-3.145370685701335045e+00 -8.181143265243915330e-01 8.886665171495869431e-02 7.663287483097575148e+01 3.817875819181327894e-03 
-3.179706315348382439e+00 -8.476211388187960827e-01 8.998623126048531373e-02 8.073583275024049044e+01 4.148939325590249132e-03 
-3.179706315348382439e+00 -8.476211388187960827e-01 8.998623126048531373e-02 8.073583275024049044e+01 4.148939325590249132e-03 
-3.179706315348382439e+00 -8.476211388187960827e-01 8.998623126048531373e-02 8.073583275024049044e+01 4.148939325590249132e-03 
-3.378387888473900702e+00 -7.709994884526555348e-01 9.331007639778685081e-02 7.779278175008757046e+01 6.831816799449193581e-03 
-3.378387888473900702e+00 -7.709994884526555348e-01 9.331007639778685081e-02 7.779278175008757046e+01 6.831816799449193581e-03 
-3.344687781100161850e+00 -7.421215249708865702e-01 9.290390860511305027e-02 8.107038902699814287e+01 7.790629949123928193e-03 
-3.239555916815230585e+00 -7.887400350785592762e-01 9.883586477677698545e-02 7.304839746918787569e+01 6.611642269183166248e-03 
-3.255701681362725530e+00 -8.246140112845200543e-01 1.015237507480849649e-01 6.778904383902093400e+01 6.282940820081120079e-03 
-3.255701681362725530e+00 -8.246140112845200543e-01 1.015237507480849649e-01 6.778904383902093400e+01 6.282940820081120079e-03 
-3.019087925849143428e+00 -9.194850437938260068e-01 1.052917877372426259e-01 6.665421712629732554e+01 4.870718261470043976e-03 
-3.137699578794964861e+00 -9.078166921034569459e-01 1.016192603863104865e-01 6.573209373153596857e+01 6.940009824155867271e-03 
-3.007340424960481151e+00 -9.381434428496000510e-01 1.005002982502555126e-01 6.286770734369602565e+01 4.503139863754181647e-03 
-3.007340424960481151e+00 -9.381434428496000510e-01 1.005002982502555126e-01 6.286770734369602565e+01 4.503139863754181647e-03 
-3.007340424960481151e+00 -9.381434428496000510e-01 1.005002982502555126e-01 6.286770734369602565e+01 4.503139863754181647e-03 
-2.744414262636677648e+00 -9.803721813575260180e-01 8.347238492031852641e-02 6.074943885885076611e+01 3.991447631510375640e-03 
-2.717578498590802916e+00 -9.379373848841461303e-01 8.040170567370150123e-02 5.828854244830556297e+01 4.468411081420169476e-03 
-2.717578498590802916e+00 -9.379373848841461303e-01 8.040170567370150123e-02 5.828854244830556297e+01 4.468411081420169476e-03 
-2.575424762614801022e+00 -9.173502606655317138e-01 7.548728083553517265e-02 6.331722593526249199e+01 7.541930723344523677e-03 
-2.965708957018106773e+00 -9.309181195123638064e-01 7.955876114353062356e-02 6.286578699979537532e+01 6.579740725750677158e-03 
-2.965708957018106773e+00 -9.309181195123638064e-01 7.955876114353062356e-02 6.286578699979537532e+01 6.579740725750677158e-03 
-3.233947436164625433e+00 -9.978766558357943239e-01 6.372958328660141558e-02 6.449051499815810473e+01 8.913295640399145070e-03 
-3.233947436164625433e+00 -9.978766558357943239e-01 6.372958328660141558e-02 6.449051499815810473e+01 8.913295640399145070e-03 
-3.233947436164625433e+00 -9.978766558357943239e-01 6.372958328660141558e-02 6.449051499815810473e+01 8.913295640399145070e-03 
-3.391832069298525987e+00 -9.776473599804692549e-01 7.062233943976237160e-02 6.458003989908876008e+01 -4.673591152041305374e-01 
-3.416389601790416730e+00 -9.664272556878493736e-01 7.297665341865000599e-02 6.438560757383288546e+01 3.565110114521263807e-01 
-3.472335671554716452e+00 -1.001789679025853363e+00 8.007850336831817684e-02 6.401900031714407646e+01 2.383036892360056447e-01 
-3.746949587711321694e+00 -9.633595354415092071e-01 8.555958392272029756e-02 6.353283476159604959e+01 0.000000000000000000e+00 
-3.746949587711321694e+00 -9.633595354415092071e-01 8.555958392272029756e-02 6.353283476159604959e+01 0.000000000000000000e+00 
-3.746949587711321694e+00 -9.633595354415092071e-01 8.555958392272029756e-02 6.353283476159604959e+01 0.000000000000000000e+00 
-3.746949587711321694e+00 -9.633595354415092071e-01 8.555958392272029756e-02 6.353283476159604959e+01 0.000000000000000000e+00 
-3.746949587711321694e+00 -9.633595354415092071e-01 8.555958392272029756e-02 6.353283476159604959e+01 0.000000000000000000e+00 
-3.746949587711321694e+00 -9.633595354415092071e-01 8.555958392272029756e-02 6.353283476159604959e+01 0.000000000000000000e+00 
-3.746949587711321694e+00 -9.633595354415092071e-01 8.555958392272029756e-02 6.353283476159604959e+01 0.000000000000000000e+00 
-3.746949587711321694e+00 -9.633595354415092071e-01 8.555958392272029756e-02 6.353283476159604959e+01 0.000000000000000000e+00 
-3.746949587711321694e+00 -9.633595354415092071e-01 8.555958392272029756e-02 6.353283476159604959e+01 0.000000000000000000e+00 
-3.746949587711321694e+00 -9.633595354415092071e-01 8.555958392272029756e-02 6.353283476159604959e+01 0.000000000000000000e+00 
-3.746949587711321694e+00 -9.633595354415092071e-01 8.555958392272029756e-02 6.353283476159604959e+01 0.000000000000000000e+00 
-3.746949587711321694e+00 -9.633595354415092071e-01 8.555958392272029756e-02 6.353283476159604959e+01 0.000000000000000000e+00 
-3.746949587711321694e+00 -9.633595354415092071e-01 8.555958392272029756e-02 6.353283476159604959e+01 0.000000000000000000e+00 
-3.746949587711321694e+00 -9.633595354415092071e-01 8.555958392272029756e-02 6.353283476159604959e+01 0.000000000000000000e+00 
-3.746949587711321694e+00 -9.633595354415092071e-01 8.555958392272029756e-02 6.353283476159604959e+01 0.000000000000000000e+00 
-3.746949587711321694e+00 -9.633595354415092071e-01 8.555958392272029756e-02 6.353283476159604959e+01 0.000000000000000000e+00 
-3.746949587711321694e+00 -9.633595354415092071e-01 8.555958392272029756e-02 6.353283476159604959e+01 0.000000000000000000e+00 
-3.746949587711321694e+00 -9.633595354415092071e-01 8.555958392272029756e-02 6.353283476159604959e+01 0.000000000000000000e+00 
-3.746949587711321694e+00 -9.633595354415092071e-01 8.555958392272029756e-02 6.353283476159604959e+01 0.000000000000000000e+00 
-3.746949587711321694e+00 -9.633595354415092071e-01 8.555958392272029756e-02 6.353283476159604959e+01 0.000000000000000000e+00 
-3.746949587711321694e+00 -9.633595354415092071e-01 8.555958392272029756e-02 6.353283476159604959e+01 0.000000000000000000e+00 
-3.746949587711321694e+00 -9.633595354415092071e-01 8.555958392272029756e-02 6.353283476159604959e+01 0.000000000000000000e+00 
-3.746949587711321694e+00 -9.633595354415092071e-01 8.555958392272029756e-02 6.353283476159604959e+01 0.000000000000000000e+00 
-3.746949587711321694e+00 -9.633595354415092071e-01 8.555958392272029756e-02 6.353283476159604959e+01 0.000000000000000000e+00 
-3.746949587711321694e+00 -9.633595354415092071e-01 8.555958392272029756e-02 6.353283476159604959e+01 0.000000000000000000e+00 
-3.746949587711321694e+00 -9.633595354415092071e-01 8.555958392272029756e-02 6.353283476159604959e+01 0.000000000000000000e+00 
-3.746949587711321694e+00 -9.633595354415092071e-01 8.555958392272029756e-02 6.353283476159604959e+01 0.000000000000000000e+00 
-3.746949587711321694e+00 -9.633595354415092071e-01 8.555958392272029756e-02 6.353283476159604959e+01 0.000000000000000000e+00 
-3.746949587711321694e+00 -9.633595354415092071e-01 8.555958392272029756e-02 6.353283476159604959e+01 0.000000000000000000e+00 
-3.746949587711321694e+00 -9.633595354415092071e-01 8.555958392272029756e-02 6.353283476159604959e+01 0.000000000000000000e+00 
-3.746949587711321694e+00 -9.633595354415092071e-01 8.555958392272029756e-02 6.353283476159604959e+01 0.000000000000000000e+00 
-3.746949587711321694e+00 -9.633595354415092071e-01 8.555958392272029756e-02 6.353283476159604959e+01 0.000000000000000000e+00 
-3.746949587711321694e+00 -9.633595354415092071e-01 8.555958392272029756e-02 6.353283476159604959e+01 0.000000000000000000e+00 
-3.746949587711321694e+00 -9.633595354415092071e-01 8.555958392272029756e-02 6.353283476159604959e+01 0.000000000000000000e+00 
-3.746949587711321694e+00 -9.633595354415092071e-01 8.555958392272029756e-02 6.353283476159604959e+01 0.000000000000000000e+00 
-3.746949587711321694e+00 -9.633595354415092071e-01 8.555958392272029756e-02 6.353283476159604959e+01 0.000000000000000000e+00 
-3.746949587711321694e+00 -9.633595354415092071e-01 8.555958392272029756e-02 6.353283476159604959e+01 0.000000000000000000e+00 
-3.539825802623292272e+00 -1.022948794058390121e+00 9.479134603998547182e-02 6.388047266575846805e+01 -2.923286505815192449e-03 
-3.265222242486243154e+00 -1.052148801558469460e+00 9.829962411659626254e-02 6.312003237786689169e+01 7.749616652625364310e-03 
-3.265222242486243154e+00 -1.052148801558469460e+00 9.829962411659626254e-02 6.312003237786689169e+01 7.749616652625364310e-03 
-3.265222242486243154e+00 -1.052148801558469460e+00 9.829962411659626254e-02 6.312003237786689169e+01 7.749616652625364310e-03 
-3.265222242486243154e+00 -1.052148801558469460e+00 9.829962411659626254e-02 6.312003237786689169e+01 7.749616652625364310e-03 
-3.255171554795464939e+00 -1.066902723229478100e+00 1.007714972729129715e-01 6.265346922204951596e+01 7.552631261693459191e-03 
-3.255171554795464939e+00 -1.066902723229478100e+00 1.007714972729129715e-01 6.265346922204951596e+01 7.552631261693459191e-03 
-3.241272410860788433e+00 -1.109975162077977417e+00 8.880285098151122214e-02 6.100461425634122747e+01 6.615402349067039424e-03 
-3.068849835736501497e+00 -1.135062836208927894e+00 8.457117290754194439e-02 6.599876802878496562e+01 -2.300497148425081559e-03 
-3.020644158774500987e+00 -1.217193264413593434e+00 6.981773873147187337e-02 6.384421107240655147e+01 7.534351125701660781e-03 
-3.044969616035277493e+00 -1.262556025539745663e+00 7.039088753888750327e-02 6.161152130972247676e+01 7.570322172487908494e-03 
-2.924282981290817318e+00 -1.254769798716930174e+00 7.153628840876093131e-02 5.836468057575825696e+01 7.495921608350647643e-03 
-2.584800330788091571e+00 -1.135543982638377303e+00 7.315871907670724872e-02 6.277867600310445084e+01 5.023813104007408825e-03 
-2.584800330788091571e+00 -1.135543982638377303e+00 7.315871907670724872e-02 6.277867600310445084e+01 5.023813104007408825e-03 
-2.466857669185351654e+00 -1.159129310985415051e+00 7.748090654378175790e-02 5.774103882396149601e+01 4.868908028581026351e-03 
-2.466857669185351654e+00 -1.159129310985415051e+00 7.748090654378175790e-02 5.774103882396149601e+01 4.868908028581026351e-03 
-2.503683111972223596e+00 -1.185090596612521363e+00 6.929234636241231315e-02 5.731888604361527229e+01 9.140174226056764495e-03 
-2.452362828244683879e+00 -1.182544851550560105e+00 5.924808547919153262e-02 5.666018303778871967e+01 7.069934544268869497e-03 
-2.435452339719843984e+00 -1.278593556475033255e+00 5.708064321440139977e-02 5.293031071663082798e+01 1.225051807917056437e-02 
-2.435452339719843984e+00 -1.278593556475033255e+00 5.708064321440139977e-02 5.293031071663082798e+01 1.225051807917056437e-02 
-2.024722161751120630e+00 -1.255313585135329424e+00 6.361575327501273192e-02 5.406864722812589719e+01 7.746985652463785760e-03 
-2.130222552797085278e+00 -1.295566301036794155e+00 7.388954383096990597e-02 5.400301351740289135e+01 6.326700194752610945e-03 
-2.130222552797085278e+00 -1.295566301036794155e+00 7.388954383096990597e-02 5.400301351740289135e+01 6.326700194752610945e-03 
-2.104755966912245757e+00 -1.157636202242992685e+00 7.566723342947054287e-02 5.552278255765993009e+01 1.006373188347948339e-02 
-2.037057038663704578e+00 -1.167896035712452374e+00 6.654443878166377280e-02 6.000872887593563121e+01 6.388136017676654399e-03 
-2.367772093636765884e+00 -1.255123878163697082e+00 6.260080585734534298e-02 6.171593115016942477e+01 6.399511759264476900e-03 
-2.367772093636765884e+00 -1.255123878163697082e+00 6.260080585734534298e-02 6.171593115016942477e+01 6.399511759264476900e-03 
-2.545092558646047110e+00 -1.279115361019118824e+00 5.112313411760753545e-02 6.292104502558251511e+01 9.255760814122241872e-03 
-2.750591512257883231e+00 -1.297001600920995479e+00 5.450638796808689873e-02 6.431104708889918697e+01 9.984121802791626893e-03 
-2.668193884414320483e+00 -1.266531551930787147e+00 4.264171285924957255e-02 6.780734775279758253e+01 9.886215751660652404e-03 
-2.668193884414320483e+00 -1.266531551930787147e+00 4.264171285924957255e-02 6.780734775279758253e+01 9.886215751660652404e-03 
-2.600477734678628305e+00 -1.265352907473904498e+00 4.249644250732652340e-02 7.041030294165409487e+01 7.785869399518928306e-03 
-2.538259507131118919e+00 -1.247673167674949291e+00 3.922681605487508827e-02 6.548596582946625233e+01 1.131844596082494554e-02 
-2.538259507131118919e+00 -1.247673167674949291e+00 3.922681605487508827e-02 6.548596582946625233e+01 1.131844596082494554e-02 
-2.522611685233229650e+00 -1.275492204287812292e+00 4.091772616744314417e-02 6.790303063545201212e+01 8.607185155801357762e-03 
-2.522611685233229650e+00 -1.275492204287812292e+00 4.091772616744314417e-02 6.790303063545201212e+01 8.607185155801357762e-03 
-2.571523600424078015e+00 -1.279054507932041673e+00 4.736121720870844348e-02 7.083698543477417786e+01 1.158251458824376828e-02 
-2.450913762619020719e+00 -1.247214520061182386e+00 4.793811479829225564e-02 6.957250870996526260e+01 1.049408327490309288e-02 
-2.511713635019634960e+00 -1.252140168441939760e+00 4.532376522978370792e-02 7.379378237492991843e+01 6.521527318907810802e-03 
-2.604640653668026662e+00 -1.330438619767460473e+00 4.722105209051884189e-02 7.466894692462240357e+01 7.217533911506717262e-03 
-2.424677011584619901e+00 -1.343191501344293881e+00 2.991376060921291727e-02 8.032945379928571583e+01 9.129248023008660479e-03 
-2.376214420771721514e+00 -1.169495661253033614e+00 3.196901915739921995e-02 8.201769903297821429e+01 9.908275455581008057e-03 
-2.082649737012701507e+00 -1.135380134703242172e+00 2.467703671943039662e-02 7.743703422622598964e+01 1.051431741049482088e-02 
-1.901062519053445588e+00 -1.177551138240313655e+00 2.855693271543071135e-02 8.076934378819349547e+01 1.133604069062047956e-02 
-1.691370992462083667e+00 -1.147692050634374628e+00 2.841017731406914396e-02 8.390478521732558193e+01 1.036843618493732411e-02 
-1.686372232616959010e+00 -1.117349899011169656e+00 3.189084081055833242e-02 9.104694077212536740e+01 9.918385526575323324e-03 
-1.686372232616959010e+00 -1.117349899011169656e+00 3.189084081055833242e-02 9.104694077212536740e+01 9.918385526575323324e-03 
-1.836488356542076206e+00 -1.096783404671908713e+00 3.631220837278999192e-02 8.374797109821240326e+01 6.869292403449660765e-03 
-1.764949549824242681e+00 -1.081023958040600030e+00 4.162261847628857814e-02 8.690920939741275220e+01 6.670630571449158268e-03 
-1.944875740363822159e+00 -1.171975698119467113e+00 4.636725885478995557e-02 9.581228613484171319e+01 3.739303858103777949e-03 
-1.794801857396140177e+00 -1.166312467773985340e+00 5.205637006235009495e-02 9.502545740813860675e+01 5.340969295856898974e-03 
-1.794801857396140177e+00 -1.166312467773985340e+00 5.205637006235009495e-02 9.502545740813860675e+01 5.340969295856898974e-03 
-1.829800608730315137e+00 -1.181455035466236536e+00 5.362728282065913621e-02 9.491109656727927302e+01 4.899842048542294923e-03 
-1.800314261355457912e+00 -1.117590014296847567e+00 6.965446078521846107e-02 9.898829581204162764e+01 5.584658906362186849e-03 
-1.714651813016503823e+00 -1.044723959008457381e+00 6.861587626573315002e-02 9.814582757228792786e+01 3.517981282938009713e-03 
-1.714651813016503823e+00 -1.044723959008457381e+00 6.861587626573315002e-02 9.814582757228792786e+01 3.517981282938009713e-03 
-1.714651813016503823e+00 -1.044723959008457381e+00 6.861587626573315002e-02 9.814582757228792786e+01 3.517981282938009713e-03 
-1.714651813016503823e+00 -1.044723959008457381e+00 6.861587626573315002e-02 9.814582757228792786e+01 3.517981282938009713e-03 
-1.690591009491636543e+00 -1.066981578194905467e+00 6.114988991791574235e-02 9.686609169705984357e+01 3.767672276678821035e-03 
-1.690591009491636543e+00 -1.066981578194905467e+00 6.114988991791574235e-02 9.686609169705984357e+01 3.767672276678821035e-03 
-1.690591009491636543e+00 -1.066981578194905467e+00 6.114988991791574235e-02 9.686609169705984357e+01 3.767672276678821035e-03 
-1.657740806500287434e+00 -1.067222872476052631e+00 6.648245350531298281e-02 9.520465664053917010e+01 2.582078613660818579e-03 
-1.657740806500287434e+00 -1.067222872476052631e+00 6.648245350531298281e-02 9.520465664053917010e+01 2.582078613660818579e-03 
-1.657740806500287434e+00 -1.067222872476052631e+00 6.648245350531298281e-02 9.520465664053917010e+01 2.582078613660818579e-03 
-1.657740806500287434e+00 -1.067222872476052631e+00 6.648245350531298281e-02 9.520465664053917010e+01 2.582078613660818579e-03 
-1.657740806500287434e+00 -1.067222872476052631e+00 6.648245350531298281e-02 9.520465664053917010e+01 2.582078613660818579e-03 
-1.657740806500287434e+00 -1.067222872476052631e+00 6.648245350531298281e-02 9.520465664053917010e+01 2.582078613660818579e-03 
-1.657740806500287434e+00 -1.067222872476052631e+00 6.648245350531298281e-02 9.520465664053917010e+01 2.582078613660818579e-03 
-1.580403089405976846e+00 -1.121997891530590374e+00 6.909413967957483971e-02 8.833115753487663824e+01 2.470166302175689187e-03 
-1.749763877610131635e+00 -1.145584759126211383e+00 6.174054565144788953e-02 8.785141697344164413e+01 3.730605614389144280e-03 
-1.749763877610131635e+00 -1.145584759126211383e+00 6.174054565144788953e-02 8.785141697344164413e+01 3.730605614389144280e-03 
-1.749763877610131635e+00 -1.145584759126211383e+00 6.174054565144788953e-02 8.785141697344164413e+01 3.730605614389144280e-03 
-1.749763877610131635e+00 -1.145584759126211383e+00 6.174054565144788953e-02 8.785141697344164413e+01 3.730605614389144280e-03 
-1.813054148778675101e+00 -1.127056193010896656e+00 5.969528680147846017e-02 8.805633781867901178e+01 5.623260164219678371e-03 
-1.624952900280003387e+00 -1.123680096185513344e+00 5.182485865417621462e-02 9.205674234277853429e+01 8.746498851089506282e-03 
-1.624952900280003387e+00 -1.123680096185513344e+00 5.182485865417621462e-02 9.205674234277853429e+01 8.746498851089506282e-03 
-1.624952900280003387e+00 -1.123680096185513344e+00 5.182485865417621462e-02 9.205674234277853429e+01 8.746498851089506282e-03 
-1.416337309673528777e+00 -1.132203048466156714e+00 4.281937597336317458e-02 9.196556946081453532e+01 6.474098104722107033e-03 
-1.393291739142526575e+00 -1.173060840477237132e+00 4.427965340377270492e-02 9.363175869543448471e+01 4.772182703481428305e-03 
-1.393291739142526575e+00 -1.173060840477237132e+00 4.427965340377270492e-02 9.363175869543448471e+01 4.772182703481428305e-03 
-1.216372557632084517e+00 -1.139498052646238380e+00 4.114534861925263354e-02 9.318683730729027559e+01 6.079703519915123644e-03 
-9.609158734718104000e-01 -1.126559661849571681e+00 3.643496437478774969e-02 9.660508352226172235e+01 6.804511055544689574e-03 
-9.609158734718104000e-01 -1.126559661849571681e+00 3.643496437478774969e-02 9.660508352226172235e+01 6.804511055544689574e-03 
-9.185132768325031671e-01 -1.143531552438403098e+00 3.576039218835749822e-02 1.056116961412066928e+02 7.507141578492991518e-03 
-5.898341268628370937e-01 -1.177077987894628031e+00 3.272671844995237583e-02 1.071977273582474908e+02 7.507141578492991518e-03 
-7.199941896679286080e-01 -1.205438888374747775e+00 4.129972251383967619e-02 1.096059178777729812e+02 3.610397486230085273e-03 
-5.495599650554161553e-01 -1.185517357049508558e+00 3.494795766062127468e-02 1.162399027672483385e+02 4.544861864519357010e-03 
-7.884348980496143078e-01 -1.237364140491076681e+00 1.626963675283382357e-02 1.234137624209260906e+02 4.544861864519357010e-03 
-7.884348980496143078e-01 -1.237364140491076681e+00 1.626963675283382357e-02 1.234137624209260906e+02 4.544861864519357010e-03 
-7.884348980496143078e-01 -1.237364140491076681e+00 1.626963675283382357e-02 1.234137624209260906e+02 4.544861864519357010e-03 
-7.884348980496143078e-01 -1.237364140491076681e+00 1.626963675283382357e-02 1.234137624209260906e+02 4.544861864519357010e-03 
-7.884348980496143078e-01 -1.237364140491076681e+00 1.626963675283382357e-02 1.234137624209260906e+02 4.544861864519357010e-03 
-7.884348980496143078e-01 -1.237364140491076681e+00 1.626963675283382357e-02 1.234137624209260906e+02 4.544861864519357010e-03 
-7.884348980496143078e-01 -1.237364140491076681e+00 1.626963675283382357e-02 1.234137624209260906e+02 4.544861864519357010e-03 
-7.884348980496143078e-01 -1.237364140491076681e+00 1.626963675283382357e-02 1.234137624209260906e+02 4.544861864519357010e-03 
-7.884348980496143078e-01 -1.237364140491076681e+00 1.626963675283382357e-02 1.234137624209260906e+02 4.544861864519357010e-03 
-5.677269642552187356e-01 -1.270666687633295933e+00 1.938641609353701153e-02 1.237741396504072497e+02 7.998863181837175679e-03 
-3.609381415627582745e-01 -1.175541112898294660e+00 1.709830608075021616e-02 1.230586263587921536e+02 7.998863181837175679e-03 
-5.744244929744165562e-01 -1.228119388030947556e+00 1.722474580108985728e-02 1.237430907706772132e+02 8.323980812228756396e-03 
-4.521669385990377821e-01 -1.131470984045367612e+00 1.100875877903464452e-02 1.255573165934191451e+02 8.323980812228756396e-03 
-2.779991510428331258e-01 -1.074181350565413418e+00 1.222359500295870996e-02 1.269689594785421178e+02 8.323980812228756396e-03 
6.682663964230894926e-03 -1.008214621312473191e+00 1.309802472467431686e-02 1.266650434957349063e+02 8.323980812228756396e-03 
3.733359031211956613e-02 -9.724731410462716941e-01 1.505605399341791023e-02 1.267404573259419323e+02 8.323980812228756396e-03 
