-2.937509164012659824e+00 -8.810106558137119626e-01 1.189233411768298582e-01 6.597257570378027935e+01 5.562945818707644777e-03 
-1.203531421836737891e+00 -2.787777166102149984e-01 7.147580227901104144e-02 6.004775738155253606e+01 2.756524028958577070e-03 
-1.203531421836737891e+00 -2.787777166102149984e-01 7.147580227901104144e-02 6.004775738155253606e+01 2.756524028958577070e-03 
-1.341076024894305885e+00 -2.842582673058836051e-01 6.852841711672919001e-02 6.499408567078694432e+01 2.163577746569422464e-03 
-1.341076024894305885e+00 -2.842582673058836051e-01 6.852841711672919001e-02 6.499408567078694432e+01 2.163577746569422464e-03 
-1.260479042343106926e+00 -2.830987919929530139e-01 8.122127914055131404e-02 6.463692013938043601e+01 2.467642507840320937e-03 
-1.260479042343106926e+00 -2.830987919929530139e-01 8.122127914055131404e-02 6.463692013938043601e+01 2.467642507840320937e-03 
-1.260479042343106926e+00 -2.830987919929530139e-01 8.122127914055131404e-02 6.463692013938043601e+01 2.467642507840320937e-03 
-1.260479042343106926e+00 -2.830987919929530139e-01 8.122127914055131404e-02 6.463692013938043601e+01 2.467642507840320937e-03 
-1.260479042343106926e+00 -2.830987919929530139e-01 8.122127914055131404e-02 6.463692013938043601e+01 2.467642507840320937e-03 
-1.270218114379533025e+00 -3.007348970606731342e-01 7.426621995466552162e-02 6.306062360300275316e+01 2.304668062587453183e-03 
-1.315484270195297345e+00 -3.040178330225961623e-01 6.846354416127758968e-02 5.991287139261777384e+01 2.287448902067089947e-03 
-1.037455728858596382e+00 -3.145156786753942613e-01 7.289801034148107872e-02 6.014795491183303966e+01 2.924222755735908508e-03 
-1.271830327111895587e+00 -2.877770627635698464e-01 6.507602459139241735e-02 5.538797300197374085e+01 4.667435360306384715e-03 
-1.417745748020467378e+00 -3.167492728108557420e-01 7.104416926116979836e-02 5.788970331169960559e+01 2.969228540313321833e-03 
-1.521688878101110420e+00 -2.309905151104361121e-01 6.887516570157500850e-02 5.857222319307702207e+01 2.242925192451758303e-03 
-1.409672040521813496e+00 -2.387326201983829277e-01 6.011606629630587839e-02 5.855975581941466857e+01 3.053261504221476894e-03 
-1.409672040521813496e+00 -2.387326201983829277e-01 6.011606629630587839e-02 5.855975581941466857e+01 3.053261504221476894e-03 
-1.674856754136529347e+00 -2.348951285545569923e-01 6.330985457064196298e-02 5.673673838500196354e+01 3.697810181885238801e-03 
-1.623323336523723626e+00 -2.056603599042956254e-01 6.691459061683059650e-02 5.443674408611141757e+01 3.523470481787858641e-03 
-1.899809941347822662e+00 -1.996357403525238772e-01 5.959731395985939234e-02 5.362529728919962935e+01 5.258469700402858965e-03 
-1.899809941347822662e+00 -1.996357403525238772e-01 5.959731395985939234e-02 5.362529728919962935e+01 5.258469700402858965e-03 
-2.151664462853562387e+00 -1.828937785234824309e-01 5.625376442709605074e-02 4.924829789240158817e+01 7.103299191103917831e-03 
-2.151664462853562387e+00 -1.828937785234824309e-01 5.625376442709605074e-02 4.924829789240158817e+01 7.103299191103917831e-03 
-2.214454902735276232e+00 -1.570980590721425263e-01 6.271686153011038489e-02 4.905924607953215855e+01 9.930926605278962011e-03 
-1.990486461756078684e+00 -1.387416995369147588e-01 6.038034631243752864e-02 4.723517590163643831e+01 7.159637457770817726e-03 
-2.034273125440499541e+00 -2.016579258410405306e-01 5.085816978539382804e-02 4.936683250888934538e+01 7.986921124614014544e-03 
-2.048541613056392929e+00 -2.537589751340002531e-01 5.103653201016872948e-02 5.191919594384208381e+01 7.294729506532067823e-03 
-2.185203692182486446e+00 -3.083027485815514890e-01 5.009398072684148606e-02 5.651731897777972335e+01 7.830041694151919363e-03 
-2.157039431488738668e+00 -3.150335237210614703e-01 4.773479894191857281e-02 5.804517938337551186e+01 7.392957702987047394e-03 
-2.148433914129249001e+00 -2.955096526356596476e-01 5.018720096511012502e-02 5.905243964356353104e+01 6.314404355064090132e-03 
-2.139527811090126352e+00 -2.386889874479827256e-01 5.691717059203996870e-02 5.762020847209771546e+01 6.335687054496930842e-03 
-2.248832174633434988e+00 -2.621527480675077126e-01 6.082742390368982288e-02 6.100177723097947080e+01 4.799357723605577122e-03 
-2.248832174633434988e+00 -2.621527480675077126e-01 6.082742390368982288e-02 6.100177723097947080e+01 4.799357723605577122e-03 
-2.436092536597177727e+00 -2.478083474171765277e-01 6.051829741369871979e-02 6.022047986572738409e+01 5.552071138890290330e-03 
-2.436092536597177727e+00 -2.478083474171765277e-01 6.051829741369871979e-02 6.022047986572738409e+01 5.552071138890290330e-03 
-2.528690191686237654e+00 -1.867752370108288762e-01 6.719581514443449810e-02 5.956601106523649491e+01 5.115743340346963139e-03 
-2.387545063241545140e+00 -1.997889790623207928e-01 6.742418150651634245e-02 6.402943868142337180e+01 4.919015117742861140e-03 
-2.538360729352544976e+00 -1.483937482714370593e-01 6.149003714291971512e-02 6.244839859001471183e+01 7.612503896841806179e-03 
-2.651843920556916423e+00 -2.003416378038168910e-01 5.663744876248368032e-02 6.295131529909240697e+01 7.267320775563601912e-03 
-2.788400037253105257e+00 -2.645102361425398230e-01 4.992861312581901162e-02 6.588890237153793805e+01 8.050371319680230814e-03 
-2.747321003666692629e+00 -2.921369240392837074e-01 6.292555912806067908e-02 7.058047778873537936e+01 7.393510182211586804e-03 
-2.778005535171461649e+00 -2.176520092466339151e-01 5.634708871570066890e-02 6.921477965281360412e+01 7.761310294259685626e-03 
-2.741500550102383027e+00 -2.209215065271926404e-01 5.220891667371737460e-02 6.831236552285726304e+01 9.083736200628359653e-03 
-2.446321468439731195e+00 -2.674846974919673492e-01 3.952398001839244057e-02 6.756718724417444832e+01 8.207672125247375897e-03 
-2.526010058108226541e+00 -2.835712755406083474e-01 4.412708885197696301e-02 7.075459780061825654e+01 6.810647297355305711e-03 
-2.526010058108226541e+00 -2.835712755406083474e-01 4.412708885197696301e-02 7.075459780061825654e+01 6.810647297355305711e-03 
-2.489333805447425885e+00 -2.472279708040183710e-01 5.423397896660842044e-02 7.273882516472569648e+01 6.053700127624940530e-03 
-2.417882919179646262e+00 -2.459435941169550999e-01 4.738223518295208575e-02 7.089396926680917943e+01 8.980788874075622610e-03 
-2.633754025266416221e+00 -1.735144642299266682e-01 3.771898420500499616e-02 6.787954087221719135e+01 1.042396086466241059e-02 
-2.747137200298464421e+00 -1.269468101308843799e-01 3.051411918501451340e-02 6.493135145857725377e+01 1.137783624564572479e-02 
-2.790368463887776151e+00 -1.496135412528153408e-01 2.841985576739056510e-02 6.756289970634171027e+01 1.204190562322361019e-02 
-2.691960825790894241e+00 -1.450012448116604069e-01 2.170494091555343411e-02 6.194683790715047422e+01 1.182467011080648445e-02 
-2.667225815361442098e+00 -7.014601017393549964e-02 1.641588735436960364e-02 6.252457585364337689e+01 1.296143717903838928e-02 
-2.667225815361442098e+00 -7.014601017393549964e-02 1.641588735436960364e-02 6.252457585364337689e+01 1.296143717903838928e-02 
-2.502057372396502721e+00 -8.978410298577749193e-02 1.390809721851740677e-02 6.664248799758875919e+01 1.232628235395808076e-02 
-2.342989940480947553e+00 -7.423336660588616964e-02 1.686707712491247388e-02 6.389674990416767741e+01 1.250876266770464817e-02 
-2.139253605912956324e+00 -1.063085173654746696e-01 1.138867838489511855e-02 7.492606168507205666e+01 1.354458074693861563e-02 
-2.165800814601660296e+00 -1.570776851145317121e-01 2.151180614364136753e-03 7.257482899766050366e+01 1.365561605324125405e-02 
-2.097920325012851528e+00 -1.801212258671005539e-01 -8.642615930820325525e-04 7.847745797714159721e+01 1.418933398859365674e-02 
-2.098661242404973315e+00 -2.765294564336381877e-01 -2.873459678106605672e-03 7.912067989897025200e+01 1.368443849755000483e-02 
-2.167133398292583557e+00 -3.446482104824054593e-01 2.578625240605444610e-03 7.496168122790682276e+01 1.402873951512672093e-02 
-2.158593710504705943e+00 -2.924171576243115300e-01 -2.118266728559839787e-03 7.455996589419224563e+01 1.423780635356495378e-02 
-2.261426196693362201e+00 -3.088205634877110861e-01 -1.586281863244146887e-03 8.079299954322681288e+01 1.410942209027339980e-02 
-1.976317183010391387e+00 -3.511848700739311768e-01 -2.174795360141597300e-03 7.763255452574892956e+01 1.410556244796730072e-02 
-2.373826264630835681e+00 -3.586357918859340854e-01 -7.409117307837690888e-03 7.888616750224691998e+01 1.526992952410526072e-02 
-2.125599432738462191e+00 -3.387382548450465491e-01 -7.040162918210317658e-03 7.954159238798943932e+01 1.554520549762124226e-02 
-1.970657467486564451e+00 -3.556225244665815466e-01 2.622173057244641531e-03 8.170636545320805055e+01 1.392954973884301742e-02 
-2.019043919376227958e+00 -3.634917298064242464e-01 -6.273289591566203610e-03 8.283253896659499560e+01 1.504242842617475873e-02 
-1.844501105038693689e+00 -3.643182463324288189e-01 -3.798348746210039942e-03 7.935622422675213272e+01 1.492485848652692210e-02 
-1.647950276527484492e+00 -3.679871815830838555e-01 -3.024522253287299529e-03 7.766906272455241833e+01 1.436527328955657101e-02 
-1.231875846288928544e+00 -2.656132976051460148e-01 -3.184083250373863881e-03 7.709716776668410887e+01 1.442358570692943605e-02 
-1.356996285197707097e+00 -2.419164206181996235e-01 -2.615506732751409977e-03 7.626255060544860953e+01 1.402297071773695239e-02 
-1.291232953157891883e+00 -2.954800313925594613e-01 1.167162229026789521e-03 7.569159854110976937e+01 1.409410648814443320e-02 
-1.151624661698579244e+00 -2.433333409019789451e-01 1.643555238440138136e-02 7.752623158401138426e+01 1.101743336163145924e-02 
-9.878943551325879424e-01 -2.531930987650505283e-01 2.332906776938617824e-02 7.754920696688451187e+01 7.936305592397049219e-03 
-9.878943551325879424e-01 -2.531930987650505283e-01 2.332906776938617824e-02 7.754920696688451187e+01 7.936305592397049219e-03 
-5.652980719766080853e-01 -2.269113118830019815e-01 1.976386495293137868e-02 7.680375878877607931e+01 7.983141443674032431e-03 
