-3.541658056389366482e+00 -7.676438851686727682e-01 1.502637109818541206e-01 6.038993282496108606e+01 4.454195385172537436e-01 
-3.815526204839915891e+00 -7.822616186895123835e-01 1.505544837842879846e-01 5.276105611603571077e+01 0.000000000000000000e+00 
-3.815526204839915891e+00 -7.822616186895123835e-01 1.505544837842879846e-01 5.276105611603571077e+01 0.000000000000000000e+00 
-3.815526204839915891e+00 -7.822616186895123835e-01 1.505544837842879846e-01 5.276105611603571077e+01 0.000000000000000000e+00 
-3.815526204839915891e+00 -7.822616186895123835e-01 1.505544837842879846e-01 5.276105611603571077e+01 0.000000000000000000e+00 
-3.815526204839915891e+00 -7.822616186895123835e-01 1.505544837842879846e-01 5.276105611603571077e+01 0.000000000000000000e+00 
-3.815526204839915891e+00 -7.822616186895123835e-01 1.505544837842879846e-01 5.276105611603571077e+01 0.000000000000000000e+00 
-3.815526204839915891e+00 -7.822616186895123835e-01 1.505544837842879846e-01 5.276105611603571077e+01 0.000000000000000000e+00 
-3.815526204839915891e+00 -7.822616186895123835e-01 1.505544837842879846e-01 5.276105611603571077e+01 0.000000000000000000e+00 
-3.815526204839915891e+00 -7.822616186895123835e-01 1.505544837842879846e-01 5.276105611603571077e+01 0.000000000000000000e+00 
-3.815526204839915891e+00 -7.822616186895123835e-01 1.505544837842879846e-01 5.276105611603571077e+01 0.000000000000000000e+00 
-3.815526204839915891e+00 -7.822616186895123835e-01 1.505544837842879846e-01 5.276105611603571077e+01 0.000000000000000000e+00 
-3.815526204839915891e+00 -7.822616186895123835e-01 1.505544837842879846e-01 5.276105611603571077e+01 0.000000000000000000e+00 
-3.815526204839915891e+00 -7.822616186895123835e-01 1.505544837842879846e-01 5.276105611603571077e+01 0.000000000000000000e+00 
-3.815526204839915891e+00 -7.822616186895123835e-01 1.505544837842879846e-01 5.276105611603571077e+01 0.000000000000000000e+00 
-3.815526204839915891e+00 -7.822616186895123835e-01 1.505544837842879846e-01 5.276105611603571077e+01 0.000000000000000000e+00 
-3.815526204839915891e+00 -7.822616186895123835e-01 1.505544837842879846e-01 5.276105611603571077e+01 0.000000000000000000e+00 
-3.815526204839915891e+00 -7.822616186895123835e-01 1.505544837842879846e-01 5.276105611603571077e+01 0.000000000000000000e+00 
-3.815526204839915891e+00 -7.822616186895123835e-01 1.505544837842879846e-01 5.276105611603571077e+01 0.000000000000000000e+00 
-3.815526204839915891e+00 -7.822616186895123835e-01 1.505544837842879846e-01 5.276105611603571077e+01 0.000000000000000000e+00 
-3.815526204839915891e+00 -7.822616186895123835e-01 1.505544837842879846e-01 5.276105611603571077e+01 0.000000000000000000e+00 
-3.815526204839915891e+00 -7.822616186895123835e-01 1.505544837842879846e-01 5.276105611603571077e+01 0.000000000000000000e+00 
-3.815526204839915891e+00 -7.822616186895123835e-01 1.505544837842879846e-01 5.276105611603571077e+01 0.000000000000000000e+00 
-3.815526204839915891e+00 -7.822616186895123835e-01 1.505544837842879846e-01 5.276105611603571077e+01 0.000000000000000000e+00 
-3.815526204839915891e+00 -7.822616186895123835e-01 1.505544837842879846e-01 5.276105611603571077e+01 0.000000000000000000e+00 
-3.815526204839915891e+00 -7.822616186895123835e-01 1.505544837842879846e-01 5.276105611603571077e+01 0.000000000000000000e+00 
-3.815526204839915891e+00 -7.822616186895123835e-01 1.505544837842879846e-01 5.276105611603571077e+01 0.000000000000000000e+00 
-3.815526204839915891e+00 -7.822616186895123835e-01 1.505544837842879846e-01 5.276105611603571077e+01 0.000000000000000000e+00 
-3.815526204839915891e+00 -7.822616186895123835e-01 1.505544837842879846e-01 5.276105611603571077e+01 0.000000000000000000e+00 
-3.815526204839915891e+00 -7.822616186895123835e-01 1.505544837842879846e-01 5.276105611603571077e+01 0.000000000000000000e+00 
-3.815526204839915891e+00 -7.822616186895123835e-01 1.505544837842879846e-01 5.276105611603571077e+01 0.000000000000000000e+00 
-3.815526204839915891e+00 -7.822616186895123835e-01 1.505544837842879846e-01 5.276105611603571077e+01 0.000000000000000000e+00 
-3.815526204839915891e+00 -7.822616186895123835e-01 1.505544837842879846e-01 5.276105611603571077e+01 0.000000000000000000e+00 
-3.815526204839915891e+00 -7.822616186895123835e-01 1.505544837842879846e-01 5.276105611603571077e+01 0.000000000000000000e+00 
-3.815526204839915891e+00 -7.822616186895123835e-01 1.505544837842879846e-01 5.276105611603571077e+01 0.000000000000000000e+00 
-3.514256348518169926e+00 -7.354585039760479503e-01 1.403771219635503165e-01 5.306778178837003423e+01 -4.131419215910212550e-01 
-3.703715918362552983e+00 -7.550090177905246502e-01 1.472876966851855707e-01 5.474933774529836228e+01 0.000000000000000000e+00 
-3.703715918362552983e+00 -7.550090177905246502e-01 1.472876966851855707e-01 5.474933774529836228e+01 0.000000000000000000e+00 
-3.545532072568913229e+00 -6.952147294679982270e-01 1.434147808382360834e-01 5.389570440186706435e+01 -3.419170496551474647e-01 
-3.421108083469590166e+00 -6.958581793751390521e-01 1.301944632584944306e-01 5.410027382469265689e+01 2.781417444404644668e-01 
-3.790705567394559772e+00 -6.472533242088747141e-01 1.366053885160984083e-01 5.121885667330888481e+01 0.000000000000000000e+00 
-3.790705567394559772e+00 -6.472533242088747141e-01 1.366053885160984083e-01 5.121885667330888481e+01 0.000000000000000000e+00 
-3.790705567394559772e+00 -6.472533242088747141e-01 1.366053885160984083e-01 5.121885667330888481e+01 0.000000000000000000e+00 
-3.790705567394559772e+00 -6.472533242088747141e-01 1.366053885160984083e-01 5.121885667330888481e+01 0.000000000000000000e+00 
-3.500507109488169455e+00 -6.292790781175363612e-01 1.518296469788782410e-01 4.677113395561720921e+01 -2.840040948551194600e-01 
-3.814682188570213128e+00 -6.596406676406458836e-01 1.545689588672768400e-01 4.414513981281455557e+01 0.000000000000000000e+00 
-3.814682188570213128e+00 -6.596406676406458836e-01 1.545689588672768400e-01 4.414513981281455557e+01 0.000000000000000000e+00 
-3.814682188570213128e+00 -6.596406676406458836e-01 1.545689588672768400e-01 4.414513981281455557e+01 0.000000000000000000e+00 
-3.814682188570213128e+00 -6.596406676406458836e-01 1.545689588672768400e-01 4.414513981281455557e+01 0.000000000000000000e+00 
-3.814682188570213128e+00 -6.596406676406458836e-01 1.545689588672768400e-01 4.414513981281455557e+01 0.000000000000000000e+00 
-3.814682188570213128e+00 -6.596406676406458836e-01 1.545689588672768400e-01 4.414513981281455557e+01 0.000000000000000000e+00 
-3.814682188570213128e+00 -6.596406676406458836e-01 1.545689588672768400e-01 4.414513981281455557e+01 0.000000000000000000e+00 
-3.814682188570213128e+00 -6.596406676406458836e-01 1.545689588672768400e-01 4.414513981281455557e+01 0.000000000000000000e+00 
-3.814682188570213128e+00 -6.596406676406458836e-01 1.545689588672768400e-01 4.414513981281455557e+01 0.000000000000000000e+00 
-3.814682188570213128e+00 -6.596406676406458836e-01 1.545689588672768400e-01 4.414513981281455557e+01 0.000000000000000000e+00 
-3.814682188570213128e+00 -6.596406676406458836e-01 1.545689588672768400e-01 4.414513981281455557e+01 0.000000000000000000e+00 
-3.814682188570213128e+00 -6.596406676406458836e-01 1.545689588672768400e-01 4.414513981281455557e+01 0.000000000000000000e+00 
-3.814682188570213128e+00 -6.596406676406458836e-01 1.545689588672768400e-01 4.414513981281455557e+01 0.000000000000000000e+00 
-3.814682188570213128e+00 -6.596406676406458836e-01 1.545689588672768400e-01 4.414513981281455557e+01 0.000000000000000000e+00 
-3.814682188570213128e+00 -6.596406676406458836e-01 1.545689588672768400e-01 4.414513981281455557e+01 0.000000000000000000e+00 
-3.814682188570213128e+00 -6.596406676406458836e-01 1.545689588672768400e-01 4.414513981281455557e+01 0.000000000000000000e+00 
-3.814682188570213128e+00 -6.596406676406458836e-01 1.545689588672768400e-01 4.414513981281455557e+01 0.000000000000000000e+00 
-3.814682188570213128e+00 -6.596406676406458836e-01 1.545689588672768400e-01 4.414513981281455557e+01 0.000000000000000000e+00 
-3.814682188570213128e+00 -6.596406676406458836e-01 1.545689588672768400e-01 4.414513981281455557e+01 0.000000000000000000e+00 
-3.814682188570213128e+00 -6.596406676406458836e-01 1.545689588672768400e-01 4.414513981281455557e+01 0.000000000000000000e+00 
-3.814682188570213128e+00 -6.596406676406458836e-01 1.545689588672768400e-01 4.414513981281455557e+01 0.000000000000000000e+00 
-3.814682188570213128e+00 -6.596406676406458836e-01 1.545689588672768400e-01 4.414513981281455557e+01 0.000000000000000000e+00 
-3.814682188570213128e+00 -6.596406676406458836e-01 1.545689588672768400e-01 4.414513981281455557e+01 0.000000000000000000e+00 
-3.814682188570213128e+00 -6.596406676406458836e-01 1.545689588672768400e-01 4.414513981281455557e+01 0.000000000000000000e+00 
-3.814682188570213128e+00 -6.596406676406458836e-01 1.545689588672768400e-01 4.414513981281455557e+01 0.000000000000000000e+00 
-3.814682188570213128e+00 -6.596406676406458836e-01 1.545689588672768400e-01 4.414513981281455557e+01 0.000000000000000000e+00 
-3.814682188570213128e+00 -6.596406676406458836e-01 1.545689588672768400e-01 4.414513981281455557e+01 0.000000000000000000e+00 
-3.814682188570213128e+00 -6.596406676406458836e-01 1.545689588672768400e-01 4.414513981281455557e+01 0.000000000000000000e+00 
-3.814682188570213128e+00 -6.596406676406458836e-01 1.545689588672768400e-01 4.414513981281455557e+01 0.000000000000000000e+00 
-3.814682188570213128e+00 -6.596406676406458836e-01 1.545689588672768400e-01 4.414513981281455557e+01 0.000000000000000000e+00 
-3.814682188570213128e+00 -6.596406676406458836e-01 1.545689588672768400e-01 4.414513981281455557e+01 0.000000000000000000e+00 
-3.814682188570213128e+00 -6.596406676406458836e-01 1.545689588672768400e-01 4.414513981281455557e+01 0.000000000000000000e+00 
-3.814682188570213128e+00 -6.596406676406458836e-01 1.545689588672768400e-01 4.414513981281455557e+01 0.000000000000000000e+00 
-3.814682188570213128e+00 -6.596406676406458836e-01 1.545689588672768400e-01 4.414513981281455557e+01 0.000000000000000000e+00 
-3.814682188570213128e+00 -6.596406676406458836e-01 1.545689588672768400e-01 4.414513981281455557e+01 0.000000000000000000e+00 
-3.814682188570213128e+00 -6.596406676406458836e-01 1.545689588672768400e-01 4.414513981281455557e+01 0.000000000000000000e+00 
-3.814682188570213128e+00 -6.596406676406458836e-01 1.545689588672768400e-01 4.414513981281455557e+01 0.000000000000000000e+00 
-3.814682188570213128e+00 -6.596406676406458836e-01 1.545689588672768400e-01 4.414513981281455557e+01 0.000000000000000000e+00 
-3.814682188570213128e+00 -6.596406676406458836e-01 1.545689588672768400e-01 4.414513981281455557e+01 0.000000000000000000e+00 
-3.814682188570213128e+00 -6.596406676406458836e-01 1.545689588672768400e-01 4.414513981281455557e+01 0.000000000000000000e+00 
-3.814682188570213128e+00 -6.596406676406458836e-01 1.545689588672768400e-01 4.414513981281455557e+01 0.000000000000000000e+00 
-3.814682188570213128e+00 -6.596406676406458836e-01 1.545689588672768400e-01 4.414513981281455557e+01 0.000000000000000000e+00 
-3.814682188570213128e+00 -6.596406676406458836e-01 1.545689588672768400e-01 4.414513981281455557e+01 0.000000000000000000e+00 
-3.814682188570213128e+00 -6.596406676406458836e-01 1.545689588672768400e-01 4.414513981281455557e+01 0.000000000000000000e+00 
-3.814682188570213128e+00 -6.596406676406458836e-01 1.545689588672768400e-01 4.414513981281455557e+01 0.000000000000000000e+00 
-3.814682188570213128e+00 -6.596406676406458836e-01 1.545689588672768400e-01 4.414513981281455557e+01 0.000000000000000000e+00 
-3.814682188570213128e+00 -6.596406676406458836e-01 1.545689588672768400e-01 4.414513981281455557e+01 0.000000000000000000e+00 
-3.814682188570213128e+00 -6.596406676406458836e-01 1.545689588672768400e-01 4.414513981281455557e+01 0.000000000000000000e+00 
-3.814682188570213128e+00 -6.596406676406458836e-01 1.545689588672768400e-01 4.414513981281455557e+01 0.000000000000000000e+00 
-3.814682188570213128e+00 -6.596406676406458836e-01 1.545689588672768400e-01 4.414513981281455557e+01 0.000000000000000000e+00 
-3.814682188570213128e+00 -6.596406676406458836e-01 1.545689588672768400e-01 4.414513981281455557e+01 0.000000000000000000e+00 
-3.814682188570213128e+00 -6.596406676406458836e-01 1.545689588672768400e-01 4.414513981281455557e+01 0.000000000000000000e+00 
-3.814682188570213128e+00 -6.596406676406458836e-01 1.545689588672768400e-01 4.414513981281455557e+01 0.000000000000000000e+00 
-3.814682188570213128e+00 -6.596406676406458836e-01 1.545689588672768400e-01 4.414513981281455557e+01 0.000000000000000000e+00 
-3.814682188570213128e+00 -6.596406676406458836e-01 1.545689588672768400e-01 4.414513981281455557e+01 0.000000000000000000e+00 
-3.814682188570213128e+00 -6.596406676406458836e-01 1.545689588672768400e-01 4.414513981281455557e+01 0.000000000000000000e+00 
-3.814682188570213128e+00 -6.596406676406458836e-01 1.545689588672768400e-01 4.414513981281455557e+01 0.000000000000000000e+00 
-3.814682188570213128e+00 -6.596406676406458836e-01 1.545689588672768400e-01 4.414513981281455557e+01 0.000000000000000000e+00 
-3.814682188570213128e+00 -6.596406676406458836e-01 1.545689588672768400e-01 4.414513981281455557e+01 0.000000000000000000e+00 
-3.814682188570213128e+00 -6.596406676406458836e-01 1.545689588672768400e-01 4.414513981281455557e+01 0.000000000000000000e+00 
-3.814682188570213128e+00 -6.596406676406458836e-01 1.545689588672768400e-01 4.414513981281455557e+01 0.000000000000000000e+00 
-3.814682188570213128e+00 -6.596406676406458836e-01 1.545689588672768400e-01 4.414513981281455557e+01 0.000000000000000000e+00 
-3.814682188570213128e+00 -6.596406676406458836e-01 1.545689588672768400e-01 4.414513981281455557e+01 0.000000000000000000e+00 
-3.814682188570213128e+00 -6.596406676406458836e-01 1.545689588672768400e-01 4.414513981281455557e+01 0.000000000000000000e+00 
-3.814682188570213128e+00 -6.596406676406458836e-01 1.545689588672768400e-01 4.414513981281455557e+01 0.000000000000000000e+00 
-3.814682188570213128e+00 -6.596406676406458836e-01 1.545689588672768400e-01 4.414513981281455557e+01 0.000000000000000000e+00 
-3.814682188570213128e+00 -6.596406676406458836e-01 1.545689588672768400e-01 4.414513981281455557e+01 0.000000000000000000e+00 
-3.814682188570213128e+00 -6.596406676406458836e-01 1.545689588672768400e-01 4.414513981281455557e+01 0.000000000000000000e+00 
-3.814682188570213128e+00 -6.596406676406458836e-01 1.545689588672768400e-01 4.414513981281455557e+01 0.000000000000000000e+00 
-3.814682188570213128e+00 -6.596406676406458836e-01 1.545689588672768400e-01 4.414513981281455557e+01 0.000000000000000000e+00 
-3.814682188570213128e+00 -6.596406676406458836e-01 1.545689588672768400e-01 4.414513981281455557e+01 0.000000000000000000e+00 
-3.814682188570213128e+00 -6.596406676406458836e-01 1.545689588672768400e-01 4.414513981281455557e+01 0.000000000000000000e+00 
-3.814682188570213128e+00 -6.596406676406458836e-01 1.545689588672768400e-01 4.414513981281455557e+01 0.000000000000000000e+00 
-3.814682188570213128e+00 -6.596406676406458836e-01 1.545689588672768400e-01 4.414513981281455557e+01 0.000000000000000000e+00 
-3.814682188570213128e+00 -6.596406676406458836e-01 1.545689588672768400e-01 4.414513981281455557e+01 0.000000000000000000e+00 
-3.814682188570213128e+00 -6.596406676406458836e-01 1.545689588672768400e-01 4.414513981281455557e+01 0.000000000000000000e+00 
-3.814682188570213128e+00 -6.596406676406458836e-01 1.545689588672768400e-01 4.414513981281455557e+01 0.000000000000000000e+00 
-3.814682188570213128e+00 -6.596406676406458836e-01 1.545689588672768400e-01 4.414513981281455557e+01 0.000000000000000000e+00 
-3.814682188570213128e+00 -6.596406676406458836e-01 1.545689588672768400e-01 4.414513981281455557e+01 0.000000000000000000e+00 
-3.814682188570213128e+00 -6.596406676406458836e-01 1.545689588672768400e-01 4.414513981281455557e+01 0.000000000000000000e+00 
-3.814682188570213128e+00 -6.596406676406458836e-01 1.545689588672768400e-01 4.414513981281455557e+01 0.000000000000000000e+00 
-3.814682188570213128e+00 -6.596406676406458836e-01 1.545689588672768400e-01 4.414513981281455557e+01 0.000000000000000000e+00 
-3.814682188570213128e+00 -6.596406676406458836e-01 1.545689588672768400e-01 4.414513981281455557e+01 0.000000000000000000e+00 
-3.814682188570213128e+00 -6.596406676406458836e-01 1.545689588672768400e-01 4.414513981281455557e+01 0.000000000000000000e+00 
-3.543017293458573747e+00 -6.858658859944193331e-01 1.599761652429816661e-01 4.110824157499386899e+01 -8.362660584392764274e-02 
-3.465711813238312899e+00 -7.999008535443122847e-01 1.851472635143328049e-01 3.801568651939955146e+01 -8.362660584392764274e-02 
-3.566298355863196878e+00 -7.999277313714845405e-01 1.824502951364393999e-01 3.441626497607017399e+01 -8.362660584392764274e-02 
-3.558892641727969597e+00 -8.190702304333333794e-01 1.762621935960413944e-01 3.095711933495424617e+01 -8.362660584392764274e-02 
-3.636523066460165321e+00 -8.838659281058613981e-01 1.761580065510624238e-01 2.911192999193314890e+01 -8.362660584392764274e-02 
-3.293498141864739992e+00 -8.458001708432731913e-01 1.817711637555703696e-01 2.960393043308761918e+01 2.114345114350679039e-02 
-3.302412114556643630e+00 -8.539883046985666804e-01 1.852041871211557722e-01 2.645276946814038865e+01 2.114345114350679039e-02 
-3.302412114556643630e+00 -8.539883046985666804e-01 1.852041871211557722e-01 2.645276946814038865e+01 2.114345114350679039e-02 
-3.302412114556643630e+00 -8.539883046985666804e-01 1.852041871211557722e-01 2.645276946814038865e+01 2.114345114350679039e-02 
-3.059542804667305660e+00 -9.222624893484216990e-01 1.770085010903946765e-01 2.691191717812440132e+01 3.914780179967394247e-01 
-3.105472113928811506e+00 -9.426673080865046739e-01 1.730969975732886690e-01 2.426333976956021488e+01 3.096564552750503962e-02 
-3.011345013347274779e+00 -9.348635881252145285e-01 1.748904878839510624e-01 2.281645554773461626e+01 3.096564552750503962e-02 
-2.921129670939243361e+00 -9.112704417507491161e-01 1.752288255996173882e-01 2.340664377545106234e+01 3.096564552750503962e-02 
-2.804209480515663877e+00 -9.439420204817453586e-01 1.668453692744157613e-01 1.746404730495705948e+01 2.536540784957274849e-02 
-3.077052006081076208e+00 -9.564719016866816137e-01 1.678696421574298048e-01 1.324782790166953816e+01 1.686799857659736224e-02 
-3.077052006081076208e+00 -9.564719016866816137e-01 1.678696421574298048e-01 1.324782790166953816e+01 1.686799857659736224e-02 
-3.077052006081076208e+00 -9.564719016866816137e-01 1.678696421574298048e-01 1.324782790166953816e+01 1.686799857659736224e-02 
-3.077052006081076208e+00 -9.564719016866816137e-01 1.678696421574298048e-01 1.324782790166953816e+01 1.686799857659736224e-02 
-3.056820154035490678e+00 -9.467616291712723786e-01 1.769480525404201199e-01 1.144584652007934977e+01 2.356328379368463621e-02 
-3.056820154035490678e+00 -9.467616291712723786e-01 1.769480525404201199e-01 1.144584652007934977e+01 2.356328379368463621e-02 
-3.056820154035490678e+00 -9.467616291712723786e-01 1.769480525404201199e-01 1.144584652007934977e+01 2.356328379368463621e-02 
-3.025433457209047106e+00 -9.218437460559614216e-01 1.724880566582570329e-01 9.211572539364311751e+00 3.637374848475657951e-02 
-3.025433457209047106e+00 -9.218437460559614216e-01 1.724880566582570329e-01 9.211572539364311751e+00 3.637374848475657951e-02 
-2.845892464633980268e+00 -9.906558394298059511e-01 1.706809543688055097e-01 1.187285737224631887e+01 1.999878701848529367e-02 
-3.092549478705007626e+00 -1.008127642091618537e+00 1.689224642304584523e-01 1.127308584089423427e+01 1.947280357286811092e-02 
-3.092549478705007626e+00 -1.008127642091618537e+00 1.689224642304584523e-01 1.127308584089423427e+01 1.947280357286811092e-02 
-3.092549478705007626e+00 -1.008127642091618537e+00 1.689224642304584523e-01 1.127308584089423427e+01 1.947280357286811092e-02 
-3.092549478705007626e+00 -1.008127642091618537e+00 1.689224642304584523e-01 1.127308584089423427e+01 1.947280357286811092e-02 
-2.888465255135075793e+00 -1.059727221306777656e+00 1.670417269516641656e-01 8.957361976121038794e+00 9.504970362056707270e-03 
-3.078074834957665651e+00 -1.095647038927012540e+00 1.640470979927806661e-01 7.613546211715291001e+00 -1.228093525683905674e-02 
-2.798894165505193321e+00 -1.053772352605917950e+00 1.620958576766356463e-01 4.478095618078901552e+00 4.954557229619194897e-02 
-2.939424841377722419e+00 -1.017259698079637564e+00 1.649154989075508337e-01 5.900621344589166206e+00 4.445789219930048469e-03 
