-3.677809322827741312e+00 -8.148135678905307211e-01 1.436168449279603132e-01 6.578894354774470798e+01 9.242962850199946002e-04 
-3.867100403672546260e+00 -7.855967852778391602e-01 1.405890478360216356e-01 6.576493174652274831e+01 9.541321184584002123e-04 
-3.742855291256799610e+00 -7.701096399223370526e-01 1.507632170696047991e-01 6.548871865746015430e+01 8.995379787010413832e-04 
-3.892707039829487403e+00 -8.063178436371994939e-01 1.455767721746704380e-01 6.539283868517314602e+01 9.139318175168571496e-04 
-3.592758406665155668e+00 -8.736155413501619504e-01 1.359957017866419426e-01 6.867500842972845021e+01 8.672194847135980544e-04 
-3.665535811422190537e+00 -8.761239943049020651e-01 1.420467863269855857e-01 6.455171121158033998e+01 9.575202064952611104e-04 
-3.569540439299720536e+00 -9.099872910792189407e-01 1.487812551564394181e-01 6.315237303558049575e+01 9.808942000543261364e-04 
-3.335333827876538315e+00 -9.118914483851933150e-01 1.569208983284568759e-01 6.287056604315710473e+01 1.035985021898140537e-03 
-3.576136310293414944e+00 -9.052989304058153275e-01 1.495638064715171522e-01 6.558776277355553930e+01 8.968778475936681292e-04 
-3.763676205291667909e+00 -9.532592927895273682e-01 1.391151861202902795e-01 6.489420556398677320e+01 9.168187938864862975e-04 
-3.763676205291667909e+00 -9.532592927895273682e-01 1.391151861202902795e-01 6.489420556398677320e+01 9.168187938864862975e-04 
-3.800207712438647523e+00 -9.972279208969524467e-01 1.387604494824038193e-01 6.549724805360413882e+01 8.951800056416945543e-04 
-3.800207712438647523e+00 -9.972279208969524467e-01 1.387604494824038193e-01 6.549724805360413882e+01 8.951800056416945543e-04 
-3.992063994936066784e+00 -9.410311996928619749e-01 1.337822930796600529e-01 6.339132704213126601e+01 1.041856364294419576e-03 
-4.279869591772500925e+00 -9.199075184571612329e-01 1.272899610107789403e-01 6.021491876494180673e+01 1.500199728374402913e-03 
-4.254215475163675819e+00 -9.442364384883514816e-01 1.180089451946372409e-01 6.715021983153360452e+01 1.036252626357689766e-03 
-4.363412642163503108e+00 -1.011258065075415047e+00 1.195898129168657953e-01 7.388723446644934256e+01 9.193024452768356822e-04 
-4.534679978856548388e+00 -9.937437794922994172e-01 1.219710200037842640e-01 6.855812421479610919e+01 8.889673886452576336e-04 
-4.723646369501585340e+00 -1.063816285862322353e+00 1.148683810312143283e-01 7.004556437635156385e+01 8.641328057502558908e-04 
-4.723646369501585340e+00 -1.063816285862322353e+00 1.148683810312143283e-01 7.004556437635156385e+01 8.641328057502558908e-04 
-4.555129602682597145e+00 -1.104302739437503345e+00 1.098394290606828777e-01 7.303195950685599769e+01 8.508484388585245764e-04 
-4.577058355443194060e+00 -1.086586852468679032e+00 1.121784972915020745e-01 7.188575934036835235e+01 8.510265928040500498e-04 
-4.624098705957349509e+00 -1.036381924760754414e+00 1.042588040262575760e-01 7.245444525964889237e+01 9.312390296631314814e-04 
-4.624098705957349509e+00 -1.036381924760754414e+00 1.042588040262575760e-01 7.245444525964889237e+01 9.312390296631314814e-04 
-4.684924854289918450e+00 -1.020253093186955118e+00 9.564135358975198176e-02 7.474299581622466349e+01 1.048846148410374898e-03 
-4.252472192689331187e+00 -9.723089861609293116e-01 1.005506573844901080e-01 7.459201186452493459e+01 1.044276313198343577e-03 
-4.296138921718934967e+00 -1.020776558318204241e+00 9.455409976415096729e-02 7.275536306001907860e+01 1.368841841109041339e-03 
-3.884408879386417546e+00 -1.056101040763952170e+00 8.924947356742939097e-02 7.481716678758840544e+01 1.671609254512212419e-03 
-3.863789494430646787e+00 -1.020158700277857600e+00 8.196320162521116004e-02 7.914724687758521782e+01 1.868648290373570338e-03 
-3.698365256200663254e+00 -9.322750680076654639e-01 7.043685172263250416e-02 8.330244139002067527e+01 2.920291353054223216e-03 
-3.535249385012676715e+00 -8.788677827510118501e-01 7.469017321407898924e-02 8.107034461888295596e+01 2.972747214105382271e-03 
-3.451910821430683285e+00 -8.333822507313235484e-01 7.220095132640816371e-02 8.213869278985654887e+01 3.324247075789862026e-03 
-3.622560669887340268e+00 -7.718219861368004198e-01 7.572694405783837734e-02 8.158004736694445569e+01 3.298138551811326605e-03 
-3.555543987813734930e+00 -7.107412610889924931e-01 7.868041323227892292e-02 8.367919360461708322e+01 3.080966242957349638e-03 
-3.555543987813734930e+00 -7.107412610889924931e-01 7.868041323227892292e-02 8.367919360461708322e+01 3.080966242957349638e-03 
-3.606844218344094966e+00 -6.888397698310890771e-01 7.473238942211851699e-02 8.691287160783295462e+01 3.315850439853386747e-03 
-4.075892041114808961e+00 -6.883525034150613786e-01 8.497177807889810808e-02 7.569598176610779205e+01 2.769098117447589200e-03 
-4.059117858698102488e+00 -7.269645848143891920e-01 8.438476731275121323e-02 7.301162056208283957e+01 3.102167655234767778e-03 
-4.059117858698102488e+00 -7.269645848143891920e-01 8.438476731275121323e-02 7.301162056208283957e+01 3.102167655234767778e-03 
-4.300150936246479816e+00 -7.214045256798421457e-01 7.430372093970806502e-02 7.316160371302801479e+01 3.882497988188988482e-03 
-4.300150936246479816e+00 -7.214045256798421457e-01 7.430372093970806502e-02 7.316160371302801479e+01 3.882497988188988482e-03 
-4.154635875045185500e+00 -7.064110742251390462e-01 7.270338250552771386e-02 7.303434050990041726e+01 4.497545647977954641e-03 
-4.207729779492360933e+00 -6.309748779163758536e-01 7.457736340114630436e-02 7.568131537147115750e+01 4.025938654737441086e-03 
-4.371637652357723169e+00 -6.189651902342718781e-01 6.902847031196254757e-02 8.028818662770051162e+01 3.645315477564733085e-03 
-4.371637652357723169e+00 -6.189651902342718781e-01 6.902847031196254757e-02 8.028818662770051162e+01 3.645315477564733085e-03 
-4.616800250157712782e+00 -7.313229226476324341e-01 7.623849364050500066e-02 8.216809544824243972e+01 1.850189012662536731e-03 
-4.470020221804658078e+00 -7.413160457370122636e-01 8.589730735580257404e-02 7.952677767320594171e+01 1.499615151305623562e-03 
-4.329223885090285329e+00 -7.994881712052144263e-01 9.710165269789616804e-02 7.424517540790949965e+01 1.346010491011201014e-03 
-4.186419567861142887e+00 -7.678243669080028200e-01 1.136300774547227554e-01 7.512186423467665009e+01 9.290463605683399375e-04 
-4.152500458481434897e+00 -7.629057874733238265e-01 1.124295850006140490e-01 8.044879493852921826e+01 1.016708236281332021e-03 
-4.220547692660154837e+00 -7.009567922959836217e-01 1.005956493231436599e-01 8.035690132054709522e+01 1.125888480631751214e-03 
-3.865338745404334642e+00 -6.613063902536756578e-01 1.033577443463663675e-01 8.153209345950980946e+01 1.398829683926133480e-03 
-3.616155960057543695e+00 -6.566082524299697853e-01 1.106606744044669882e-01 8.146134825785721034e+01 1.343911256374348117e-03 
-3.382715446267694492e+00 -6.897782752937934303e-01 1.032148574937841873e-01 8.400194907598374527e+01 1.387991731513718401e-03 
-3.453081224457671627e+00 -6.884378563973170273e-01 1.189654842759177988e-01 7.814390801930150587e+01 1.090300653624374019e-03 
-3.453081224457671627e+00 -6.884378563973170273e-01 1.189654842759177988e-01 7.814390801930150587e+01 1.090300653624374019e-03 
-3.453081224457671627e+00 -6.884378563973170273e-01 1.189654842759177988e-01 7.814390801930150587e+01 1.090300653624374019e-03 
-3.036163393492172791e+00 -6.648185586932414681e-01 1.276886136438934727e-01 7.433573083169656570e+01 1.119135246948855297e-03 
-3.065654798794600566e+00 -6.680585041376498889e-01 1.245938663000950714e-01 7.258128042535054192e+01 1.331407862634928496e-03 
-2.509578829583660298e+00 -7.230431040983210655e-01 1.246661888127180845e-01 7.221490824934450359e+01 1.249667751449534420e-03 
-2.534341441769818015e+00 -7.415820366750326409e-01 1.234270505138509305e-01 7.061181852605078291e+01 1.061654902592058802e-03 
-2.563024168597765495e+00 -7.704280640619424192e-01 1.136020082320426672e-01 6.777941125327296845e+01 8.719454545699869587e-04 
-2.348593207217933632e+00 -8.591273771808837223e-01 1.178095853444824787e-01 7.236732765044233417e+01 1.031463055556732216e-03 
-2.407516346116708394e+00 -9.206496963297451375e-01 1.164135184884401986e-01 7.309311443194827973e+01 1.028205413328382072e-03 
-2.374149841185793530e+00 -9.845811089926814752e-01 1.139149167848403782e-01 7.197683760722097190e+01 9.077719640685719691e-04 
-2.374149841185793530e+00 -9.845811089926814752e-01 1.139149167848403782e-01 7.197683760722097190e+01 9.077719640685719691e-04 
-2.374149841185793530e+00 -9.845811089926814752e-01 1.139149167848403782e-01 7.197683760722097190e+01 9.077719640685719691e-04 
-2.150327910810398535e+00 -8.901281292000496892e-01 1.067698521930421918e-01 7.607876143529182400e+01 1.041252531449645248e-03 
-2.150327910810398535e+00 -8.901281292000496892e-01 1.067698521930421918e-01 7.607876143529182400e+01 1.041252531449645248e-03 
-2.115350601500759709e+00 -9.041011187564946816e-01 1.136728013002007570e-01 7.261376658600771350e+01 9.593192908907710332e-04 
-2.222291056261294973e+00 -8.029612466741651300e-01 1.119659407697067982e-01 7.175693900265495984e+01 9.095087954938678877e-04 
-2.849485912196185300e+00 -8.283574453762672096e-01 1.172710772973532822e-01 7.091641304972772275e+01 8.701845466242408549e-04 
-2.806389447962085892e+00 -7.443343361760915711e-01 1.151302358546791166e-01 6.870197622161616380e+01 9.181839500921695849e-04 
-2.806389447962085892e+00 -7.443343361760915711e-01 1.151302358546791166e-01 6.870197622161616380e+01 9.181839500921695849e-04 
-2.409782887769784221e+00 -8.212266999636683718e-01 1.101033313058887436e-01 6.095003140911882156e+01 1.414536909937888802e-03 
-2.538283598213304071e+00 -8.588698833311406711e-01 1.127659673950024422e-01 5.869021485716734077e+01 1.666994413978669471e-03 
-2.625674751634591964e+00 -8.459836021531597083e-01 1.182057748551637311e-01 6.592140130989041324e+01 8.752772600624640111e-04 
-2.743931439011586537e+00 -7.887865248726252387e-01 1.158362972818374886e-01 6.613696718640859729e+01 9.501409190368055677e-04 
-2.611279803375704756e+00 -7.366371317071974678e-01 1.042528326981634890e-01 6.526438460285633880e+01 1.265334548565063503e-03 
-2.611279803375704756e+00 -7.366371317071974678e-01 1.042528326981634890e-01 6.526438460285633880e+01 1.265334548565063503e-03 
-2.463498861728817602e+00 -7.950793663905084685e-01 1.118892280707105141e-01 6.484193926437234268e+01 9.844291067436210935e-04 
-2.540893307831583403e+00 -7.661220250631347595e-01 1.202617844028476130e-01 6.615119508421770433e+01 8.584237367086533683e-04 
-2.483822272516923668e+00 -7.815093449117347379e-01 1.121578421377730922e-01 7.350456028208877512e+01 1.008273933176463905e-03 
-2.196481005689786770e+00 -8.201109685508057856e-01 1.137102757588508983e-01 7.480466226398104368e+01 1.139461289999612464e-03 
-2.196481005689786770e+00 -8.201109685508057856e-01 1.137102757588508983e-01 7.480466226398104368e+01 1.139461289999612464e-03 
-2.247350877950259118e+00 -7.783715911521624786e-01 1.250296380657076878e-01 7.186798155164606783e+01 1.245675258210137640e-03 
-2.372279747643549985e+00 -8.023169868295069174e-01 1.246916710648111187e-01 7.577289309968369935e+01 1.646981180327915847e-03 
-2.372279747643549985e+00 -8.023169868295069174e-01 1.246916710648111187e-01 7.577289309968369935e+01 1.646981180327915847e-03 
-2.372279747643549985e+00 -8.023169868295069174e-01 1.246916710648111187e-01 7.577289309968369935e+01 1.646981180327915847e-03 
-2.439806442451149859e+00 -8.321419290544752601e-01 1.272842909693736591e-01 7.918785880774684927e+01 2.245517327267324177e-03 
-2.637552080085410644e+00 -8.078173458564383846e-01 1.231785355274154087e-01 8.548553752337898004e+01 2.990009678391081661e-03 
-2.569632859061221630e+00 -8.177769867175486151e-01 1.195293672580220734e-01 8.812043236066570273e+01 3.332298099877277486e-03 
-2.341056783346204817e+00 -8.557723372022136843e-01 1.219142422450451013e-01 8.936280111538169990e+01 3.800701615393616353e-03 
-1.914429545805439670e+00 -8.466647831704489091e-01 1.254155011772030703e-01 9.242585176582134920e+01 4.834684097124562416e-03 
-1.941533222428333705e+00 -8.514238779100627985e-01 1.350132275288314088e-01 9.188752964869745199e+01 5.350501345985090099e-03 
-1.663468513766849899e+00 -7.547591094701184833e-01 1.246203251555613456e-01 9.617923209090152170e+01 5.959571256563937075e-03 
-1.897560456768767168e+00 -7.560152662950647695e-01 1.305231354266836730e-01 9.157249200746949214e+01 5.173333923239115811e-03 
-2.250457517861804035e+00 -7.657231147162377738e-01 1.263917820122035240e-01 9.834572815115933508e+01 6.136562965683154888e-03 
-2.563432458072176789e+00 -7.494106223839778202e-01 1.248463189212826313e-01 9.649251901464792525e+01 5.505023524056693388e-03 
-2.548370247645121101e+00 -7.505490691996519192e-01 1.175890692356273831e-01 9.561771447005499169e+01 4.832873419168534634e-03 
-2.634141079428409693e+00 -7.212563013245351096e-01 1.197271532408694383e-01 9.587190104566998627e+01 4.934286984543284973e-03 
-2.463477725880583780e+00 -7.623753960646967309e-01 1.107219488038670291e-01 9.451948590394313499e+01 4.158342840840873259e-03 
-2.370048274154196388e+00 -7.692549161607131758e-01 1.051560212481290613e-01 9.665840010296653873e+01 4.220173956600260616e-03 
-2.544553559697713130e+00 -7.606735581576313798e-01 1.045322442357730364e-01 9.033562611706364009e+01 2.873623141929838604e-03 
-2.239316983149992613e+00 -7.867707222776684217e-01 1.089501858042828952e-01 8.732584684972491118e+01 2.659066758422667411e-03 
-2.214638888146223561e+00 -7.961383519822397004e-01 1.157264615991540346e-01 9.610225869361963191e+01 4.870556636948433077e-03 
-1.891208516704372400e+00 -7.830322228958775943e-01 1.171295911899097181e-01 9.618748278701039567e+01 5.170724838451827739e-03 
-1.668870870522978889e+00 -7.890571445562986064e-01 1.067034073342838091e-01 9.606135295473856672e+01 4.537699679561794930e-03 
-1.875930960083263876e+00 -7.734461289790496297e-01 1.049091120198910460e-01 9.514855769070098290e+01 4.077312265106252526e-03 
-1.735196694580327659e+00 -8.334110451873134595e-01 1.101759743347985460e-01 9.495056980576077876e+01 4.411659638469482211e-03 
-1.792688012749934279e+00 -8.651853361688461863e-01 9.805653733382876935e-02 9.147250321892913405e+01 2.779220806874625489e-03 
-1.735256476054644725e+00 -9.007029181065173695e-01 9.397401006929700928e-02 9.702947116940431727e+01 3.526959176728813525e-03 
-1.589183189852810374e+00 -8.273888029711761183e-01 9.859815226247098385e-02 9.920916242243453098e+01 4.571977191064973377e-03 
-1.645923374010189510e+00 -7.988093793682367050e-01 9.695514016157730230e-02 9.715740239449124260e+01 4.028376432190318435e-03 
-1.855471815367058186e+00 -7.667272272783055564e-01 1.071707110885088410e-01 9.193455043420834727e+01 3.611515162185656436e-03 
-1.933431429885125397e+00 -7.271061041179069928e-01 1.099776350819741677e-01 8.895074698845934336e+01 3.238803691086509801e-03 
-1.977616166518806784e+00 -7.051933652371282779e-01 1.033680330254667518e-01 8.750796237628924246e+01 2.556519816903829456e-03 
-2.383338769390193068e+00 -7.006195967340613784e-01 9.556932685161645402e-02 8.380343736668491772e+01 1.572119553553400894e-03 
-2.265526786320535280e+00 -7.164271340230510265e-01 8.015926843743878538e-02 8.113976588619055974e+01 1.350274149863413178e-03 
-2.414672106327339751e+00 -6.394911842660528922e-01 8.279814154393601300e-02 8.262217349031331537e+01 1.415646581730786811e-03 
-2.470485492854928466e+00 -6.947935965614305820e-01 8.578130171440889740e-02 9.071917728073449894e+01 2.085575271265222193e-03 
-2.621652619494117875e+00 -6.950286342190287181e-01 8.702667515991133196e-02 9.351233572317889298e+01 2.429253777647713726e-03 
-2.584901264899779783e+00 -6.643443262256152337e-01 8.382069567943511990e-02 9.360414614576794179e+01 2.389929687330195202e-03 
-2.709380732687857840e+00 -6.438020070554389962e-01 8.600435424599534029e-02 9.036074147023026626e+01 1.857789883631905375e-03 
-2.744227883759593922e+00 -6.586506700181449236e-01 8.960272320816292657e-02 9.095217126111177208e+01 1.916617807764942408e-03 
-2.738995878682613405e+00 -6.313051408390032426e-01 8.272792935525315194e-02 8.999945885771923315e+01 1.687430280678373085e-03 
-2.789217004827336588e+00 -6.728058824936254956e-01 7.604997315679891401e-02 9.092091259154901195e+01 1.602413808748864334e-03 
-2.682741420373628394e+00 -6.671944592879416325e-01 6.597786604098844487e-02 9.416089122360014585e+01 2.180953884330393000e-03 
-2.758831002705327773e+00 -6.348210130230278470e-01 6.737406189271670509e-02 9.482457279451460863e+01 2.035610395189529735e-03 
-2.721189770794830931e+00 -6.009236684569394527e-01 6.875787378667155836e-02 9.523666083682437034e+01 2.139634963760303835e-03 
-2.975467357769885357e+00 -5.910250275365005468e-01 6.528617989809720745e-02 9.327659526576270821e+01 2.254260380614447196e-03 
-3.118673775320349062e+00 -6.922272256633724696e-01 7.110261432768379131e-02 8.694617257716959102e+01 3.057570307802906333e-03 
-3.203884370191823816e+00 -6.135501295104749397e-01 7.283276671525906742e-02 9.316781652481607523e+01 3.048911912990970655e-03 
-3.391293500503780756e+00 -6.190610886802981883e-01 6.573992343337178856e-02 9.149137629351493217e+01 4.530215131954859129e-03 
-3.362685553676695527e+00 -6.458247960453130654e-01 6.790840665127025055e-02 9.618623309490102713e+01 3.493804435201618326e-03 
-3.269349699298969014e+00 -6.419507024836336173e-01 7.073788402405672970e-02 9.606830704018440770e+01 3.029102504002140900e-03 
-3.269349699298969014e+00 -6.419507024836336173e-01 7.073788402405672970e-02 9.606830704018440770e+01 3.029102504002140900e-03 
-3.377555179276740649e+00 -6.659684241606125266e-01 5.833946795060215851e-02 9.552766018320780006e+01 4.771439960527337071e-03 
-3.484925307981912024e+00 -6.576766887230002245e-01 4.918514823994206420e-02 8.370012977332386583e+01 8.108621599024930238e-03 
-3.491955041738121324e+00 -6.219054222823483524e-01 4.710392944085850520e-02 8.086485734922030133e+01 9.098285400364579389e-03 
-3.462065890151346803e+00 -6.030505114816531176e-01 4.970724199987385655e-02 7.769694246468615972e+01 9.208421980667499951e-03 
-3.450198588028334346e+00 -6.701588217707875605e-01 4.368003766939307364e-02 7.673651397821681996e+01 9.772942589391205720e-03 
-3.325309535297246821e+00 -7.041349827311842446e-01 3.551248385826311776e-02 7.620456716566962996e+01 1.085627362818575650e-02 
-3.310444186596030125e+00 -7.610602522230835998e-01 3.246059605772769197e-02 8.033749643986479327e+01 1.074694718536954238e-02 
-3.717282135193658021e+00 -7.131523055033999192e-01 4.100714173069638230e-02 7.794465318544543209e+01 9.763688518395360894e-03 
-3.668915385532838247e+00 -6.217920583987255334e-01 4.320708286843889107e-02 7.657841582702194216e+01 1.013004597903651577e-02 
-3.883733271008362742e+00 -6.403329519055885877e-01 5.030427376134264522e-02 7.924117824158707890e+01 8.207476851343879082e-03 
-3.877050860691688250e+00 -6.543264586361932089e-01 4.928825353011952876e-02 7.970088358956718366e+01 8.243595878728776638e-03 
-3.881381321708704313e+00 -6.849014553532345451e-01 3.419235605515213994e-02 8.525531801355029415e+01 1.014624649968879841e-02 
-3.888962150364978942e+00 -6.790214815676333115e-01 4.411507492193887658e-02 8.823529711885424831e+01 7.897184779218399675e-03 
-3.859565435748138817e+00 -5.968873607634450629e-01 3.396636009599297845e-02 8.947977668268885054e+01 1.036473617567085226e-02 
-3.891650608966517932e+00 -5.305014643049014156e-01 4.440929946651920451e-02 8.893533545754118563e+01 8.956987888149532673e-03 
-3.992298996692678958e+00 -5.038466126530292133e-01 4.257469535074761419e-02 8.809768103826243646e+01 9.212683091752427861e-03 
-4.010695962449689844e+00 -5.173669324425148597e-01 6.347329414695732086e-02 8.400779857654192995e+01 5.904140138686980732e-03 
-4.010695962449689844e+00 -5.173669324425148597e-01 6.347329414695732086e-02 8.400779857654192995e+01 5.904140138686980732e-03 
-4.010695962449689844e+00 -5.173669324425148597e-01 6.347329414695732086e-02 8.400779857654192995e+01 5.904140138686980732e-03 
-3.836803319793625544e+00 -4.691298300378397568e-01 6.016772648326192824e-02 8.375600256426007206e+01 7.839457137662080716e-03 
-4.025475149127450081e+00 -4.331959203309886930e-01 5.059313231300870128e-02 8.400469169268814085e+01 8.921046261569880523e-03 
-4.116137536800745345e+00 -4.484717856430978644e-01 4.587437943383668171e-02 8.293472594158703259e+01 9.158082872032428587e-03 
-3.959868537578775882e+00 -4.419283031476667345e-01 4.516990586184135847e-02 8.424741216964764590e+01 9.854523570460644449e-03 
-3.899010662858612530e+00 -4.008398755511728417e-01 5.003315536739079417e-02 8.780472881996631429e+01 9.671570541474357532e-03 
-3.999946590187477113e+00 -3.395957338952305116e-01 5.406563069676674493e-02 8.968040870791558916e+01 9.365823939020915395e-03 
-3.999946590187477113e+00 -3.395957338952305116e-01 5.406563069676674493e-02 8.968040870791558916e+01 9.365823939020915395e-03 
-3.766239371581287187e+00 -3.607085207709865848e-01 5.108528031749269560e-02 9.789288627938915965e+01 9.820556020391911500e-03 
-3.871055550279057123e+00 -3.586363518530557570e-01 5.806071792459761849e-02 8.968282966508462550e+01 9.270171075852956522e-03 
-3.788245982485466623e+00 -3.556970138122427794e-01 6.025162046539613708e-02 8.766822719331385372e+01 9.471789980346378285e-03 
-3.676309796230004867e+00 -2.941727820651289793e-01 6.169906346947749004e-02 8.346084216464122107e+01 1.121144755721200509e-02 
-3.311120995933417799e+00 -3.120516351179956072e-01 7.050641775458547922e-02 7.723535731219182310e+01 1.069577074479113703e-02 
-3.109592580157776176e+00 -2.814303664462660670e-01 7.235759208243802698e-02 7.708866460813145238e+01 1.152256206588424606e-02 
-3.368145089009299653e+00 -3.352452652326403659e-01 6.032037382851835466e-02 7.457221801331451161e+01 1.120225776864106071e-02 
-3.787195114473724367e+00 -2.021326712500381706e-01 6.084266153728613846e-02 7.989906092658584669e+01 1.310207977999865159e-02 
-3.569509361777290835e+00 -2.220257093078676913e-01 5.570355976741974552e-02 8.070076127217093642e+01 1.297987736431274047e-02 
-3.450900306982273236e+00 -1.878550849293432745e-01 5.987943410279993744e-02 7.890397746424535796e+01 1.332791331331722659e-02 
-3.648129124047731153e+00 -2.200240312239959417e-01 6.464055073375729599e-02 7.386869223341824409e+01 1.299973417699580927e-02 
-4.028016845277693214e+00 -1.509015523929727320e-01 7.126166204331130238e-02 8.102231299537812959e+01 1.231183531650682783e-02 
-3.971018334747142831e+00 -1.969359928242138957e-01 6.242569568754819526e-02 7.968625756874907040e+01 1.200252006761573162e-02 
-3.623108308323857329e+00 -2.168434898546225675e-01 6.169284131381017056e-02 8.049784498568716629e+01 1.294392933648415983e-02 
-3.409174717204110472e+00 -2.136517953346315779e-01 6.673946068690927991e-02 8.126297508102270228e+01 1.232696102656991380e-02 
-3.415956434592421598e+00 -1.797097543034635314e-01 6.859484560714544654e-02 8.025933012423371338e+01 1.313594359203573876e-02 
-3.342457477457247528e+00 -1.973611889312645862e-01 6.611416761734142944e-02 8.115760441474914444e+01 1.286975504672951617e-02 
-3.501308136410258509e+00 -1.698739255074443455e-01 6.682261193635771757e-02 8.256458850713060826e+01 1.334620054748384375e-02 
-3.568180075853893740e+00 -1.843115902793888705e-01 7.914962609886963540e-02 8.062307434615698298e+01 1.278011550238311242e-02 
-3.916878867204226733e+00 -1.599436332753464141e-01 8.328633554956345331e-02 8.232071268059715408e+01 1.256907957965648290e-02 
-3.916006966992753302e+00 -1.201650703122514041e-01 8.513310343932001256e-02 7.808601289121412492e+01 1.413067075512161597e-02 
-3.986937994388113360e+00 -6.738186115008257260e-02 8.451940509199751261e-02 7.958567598540709298e+01 1.650273253139024343e-02 
-4.250133067109587159e+00 -1.226337287865900683e-01 9.955397469291471513e-02 8.011353952695738201e+01 1.028612328996937955e-02 
-4.115862437603972523e+00 -1.682840385566608532e-01 1.067609278806076339e-01 7.644709341572421124e+01 9.754270651335258946e-03 
-4.491373024643461775e+00 -2.004343069726914617e-01 1.087706438078031995e-01 7.352321323500930816e+01 5.805462386012192645e-03 
-4.516943144381403208e+00 -1.992246910526514481e-01 1.145390815814678331e-01 7.689972205043132192e+01 4.626070869859465196e-03 
-4.516943144381403208e+00 -1.992246910526514481e-01 1.145390815814678331e-01 7.689972205043132192e+01 4.626070869859465196e-03 
-4.565540361260434388e+00 -2.440674859036446320e-01 1.106745306923722499e-01 8.442606025368770872e+01 2.250583778826165463e-03 
-4.659031012672829597e+00 -2.935536544944195581e-01 1.181259513314308757e-01 9.101837581312578607e+01 1.212265620832048661e-03 
-4.659031012672829597e+00 -2.935536544944195581e-01 1.181259513314308757e-01 9.101837581312578607e+01 1.212265620832048661e-03 
-4.379094150742872671e+00 -2.786652696399838924e-01 1.158531830038995042e-01 9.399419912820124523e+01 1.728529174516554336e-03 
-4.474369358307292543e+00 -2.025555379429708203e-01 1.080848692413516055e-01 9.823607261545636504e+01 2.455459596024825962e-03 
-4.564377270268698439e+00 -2.720719167587317688e-01 1.075255322681212128e-01 9.991705900037767663e+01 1.459857929601239904e-03 
-4.666504437064794786e+00 -3.003674007098412480e-01 1.061669912897041518e-01 1.065561918605937706e+02 2.109099559847762463e-03 
-4.562114307818053938e+00 -2.512600160344156675e-01 9.562042265812041586e-02 1.024743836189527428e+02 1.668357372973769143e-03 
-4.521820004358811040e+00 -2.210860072253631736e-01 9.406003942639075410e-02 1.068748822839521893e+02 2.068323829274520964e-03 
-4.382443767902997500e+00 -2.893663717960134329e-01 9.048245475697498652e-02 1.038481588025815228e+02 2.233147718899567043e-03 
-4.515918964739968899e+00 -3.073835565105554335e-01 8.690891612648310449e-02 9.861402151367472868e+01 1.807034809509865721e-03 
-4.392206907092186974e+00 -2.710633855950039806e-01 8.780220933900675928e-02 9.862300163680826870e+01 2.778225281977771480e-03 
-4.356485061140228154e+00 -3.275675118502718308e-01 9.440331788469763508e-02 1.062825741501930992e+02 2.124668593104172241e-03 
-4.407847425153941678e+00 -3.152661293808890486e-01 8.825424573957148244e-02 1.079349644250410876e+02 2.102404430077701308e-03 
-4.474384210941328099e+00 -3.715854965845459823e-01 7.852292195997334634e-02 1.055355118271598514e+02 1.934321859773349868e-03 
-4.485590922322343133e+00 -3.791447390505198745e-01 7.727360927131197987e-02 1.083019923845889849e+02 2.013857515864973975e-03 
-4.496668613145392790e+00 -4.216747619349183185e-01 7.703641971512945053e-02 1.063804817639701525e+02 1.922189308218235151e-03 
-4.217513848699503853e+00 -5.414094564329283710e-01 8.029130630395095447e-02 1.083157618013971728e+02 2.626546206504068622e-03 
-4.265654042668058032e+00 -5.382361633202948914e-01 8.407291155377043246e-02 1.065342022445187666e+02 2.465895030329737052e-03 
-4.582027099413123139e+00 -5.087882819709792503e-01 8.184653843637146320e-02 1.113482734726426884e+02 2.779522182717532493e-03 
-4.706324252798744112e+00 -5.503513935538634216e-01 7.399512249958681287e-02 1.123921394627657406e+02 2.745942238382847664e-03 
