-3.384016852886315707e+00 -8.786734830123830164e-01 1.177617697212081233e-01 7.262525806260373429e+01 1.013942991977441910e-03 
-3.453307042460487697e+00 -8.746205845084042974e-01 1.146416579691724863e-01 6.840233173430468128e+01 1.472206797533056732e-03 
-3.231597605458981004e+00 -8.915302450232083231e-01 1.081761405223887751e-01 7.107302602283988335e+01 1.519325180087256495e-03 
-2.611565442504467871e+00 -9.067252216027503753e-01 1.059148329970548696e-01 7.223079006894468534e+01 8.866256177177530770e-04 
-2.404004238747895261e+00 -9.358366274772978999e-01 9.570485038774582953e-02 7.929564592339332307e+01 1.070750629748861218e-03 
-2.716408203777224362e+00 -1.002554887899072877e+00 1.006395433667327671e-01 7.258157177500849855e+01 9.428884498175495437e-04 
-2.364599140530030397e+00 -9.764566986798470793e-01 1.027839903214134570e-01 7.012956218836534106e+01 9.310156912495869651e-04 
-2.530456986430541733e+00 -9.975137765334165518e-01 1.020191171787982187e-01 7.388009702980279769e+01 9.046369547264785423e-04 
-2.530456986430541733e+00 -9.975137765334165518e-01 1.020191171787982187e-01 7.388009702980279769e+01 9.046369547264785423e-04 
-2.620004969750528101e+00 -9.931887149218048272e-01 9.949176718167855593e-02 7.657242125008893652e+01 9.629337007752282289e-04 
-2.501717905882836934e+00 -1.012724062596103813e+00 1.033723143217881307e-01 8.080566272458013088e+01 1.297464540229200909e-03 
-2.225157077307565956e+00 -9.814307544275742146e-01 9.530238545839442299e-02 8.400053595757077574e+01 1.396316776716553364e-03 
-2.132345467611086676e+00 -1.031851393476253209e+00 9.973478205331269553e-02 8.682712305545901188e+01 1.893267544609521669e-03 
-2.189576036945686699e+00 -1.099423686742270867e+00 1.045429110169012604e-01 8.874679873590756074e+01 2.409071957615103142e-03 
-2.276068041342913073e+00 -1.145943562133399540e+00 9.535140902264843676e-02 8.764030765368094933e+01 1.751586353972539069e-03 
-2.136257795117484815e+00 -1.148146202687968298e+00 9.961201969404349932e-02 9.013320267370120575e+01 2.333799030468854119e-03 
-2.106768771085300251e+00 -1.169902927078355415e+00 1.018266608263468792e-01 8.567486632655871404e+01 1.779850591673441933e-03 
-1.837315561777373762e+00 -1.198748713382747022e+00 1.020565041025999903e-01 8.775588248402432612e+01 2.117932334869833139e-03 
-2.056067166571058813e+00 -1.197290358939926858e+00 1.001018025630933395e-01 8.684894751534446300e+01 1.855926429926881786e-03 
-2.056067166571058813e+00 -1.197290358939926858e+00 1.001018025630933395e-01 8.684894751534446300e+01 1.855926429926881786e-03 
-2.056067166571058813e+00 -1.197290358939926858e+00 1.001018025630933395e-01 8.684894751534446300e+01 1.855926429926881786e-03 
-2.038932985499957162e+00 -1.127281002089647766e+00 1.057859005711369038e-01 8.944465046838151068e+01 2.610172573785936746e-03 
-2.038932985499957162e+00 -1.127281002089647766e+00 1.057859005711369038e-01 8.944465046838151068e+01 2.610172573785936746e-03 
-2.038932985499957162e+00 -1.127281002089647766e+00 1.057859005711369038e-01 8.944465046838151068e+01 2.610172573785936746e-03 
-2.127450166560731937e+00 -1.096721781400371576e+00 1.039543774423028200e-01 8.846042740724539044e+01 2.336012187630427846e-03 
-2.051156015067549188e+00 -1.047926282041009571e+00 1.182447066744063968e-01 8.726031518720552071e+01 3.054996000360662815e-03 
-2.297194395225311769e+00 -1.080494024407090192e+00 1.172502207022508153e-01 8.872317101985896670e+01 3.205228728909553446e-03 
-2.368539928972462238e+00 -1.082165794624619926e+00 1.112624829588952508e-01 8.576332929399541172e+01 2.298400653524573355e-03 
-2.555492251116220359e+00 -1.074105103611134870e+00 1.121590903313555154e-01 8.762292012457851342e+01 2.635716096431907785e-03 
-2.829044265369797806e+00 -1.031492996397353368e+00 1.110785600792056488e-01 8.623546636306697621e+01 2.046961990594711213e-03 
-2.864239931976110931e+00 -1.056453233849493856e+00 1.114358637810830138e-01 8.825783174383970220e+01 2.308855140566653651e-03 
-2.915069167460019095e+00 -9.707710414209043126e-01 1.047744281348814976e-01 8.936006203681569104e+01 1.881885045112203711e-03 
-2.915069167460019095e+00 -9.707710414209043126e-01 1.047744281348814976e-01 8.936006203681569104e+01 1.881885045112203711e-03 
-2.800496578579081408e+00 -1.010078568027671153e+00 1.089891145228382291e-01 8.689619557920428861e+01 2.090003491359256668e-03 
-2.648938360989676166e+00 -9.950168337482121483e-01 1.105105369519155251e-01 8.515087284359999842e+01 2.109408252410798108e-03 
-2.648938360989676166e+00 -9.950168337482121483e-01 1.105105369519155251e-01 8.515087284359999842e+01 2.109408252410798108e-03 
-2.798038596568565239e+00 -1.074629443379105265e+00 1.159657258879889935e-01 8.442593210089350464e+01 2.104791531941342490e-03 
-2.860562474876097827e+00 -1.071466421764530663e+00 1.108999645136283657e-01 8.442718429805827896e+01 1.731775596898628682e-03 
-2.906284832631679915e+00 -1.030454398429995866e+00 1.042018836288107625e-01 8.192122324370531317e+01 1.113914992541436546e-03 
-2.879771143990164095e+00 -1.012939802051193716e+00 1.039438315108698052e-01 7.988370649906995880e+01 1.004255695349540439e-03 
-2.879771143990164095e+00 -1.012939802051193716e+00 1.039438315108698052e-01 7.988370649906995880e+01 1.004255695349540439e-03 
-3.147601577232278292e+00 -1.020792384207456660e+00 9.365617414343094249e-02 8.489674938417998362e+01 1.007241904298630635e-03 
-2.999034435470321114e+00 -9.758779485498653150e-01 9.592422013968920913e-02 8.277767531058712791e+01 9.207157495787910827e-04 
-2.999034435470321114e+00 -9.758779485498653150e-01 9.592422013968920913e-02 8.277767531058712791e+01 9.207157495787910827e-04 
-3.004139801122491349e+00 -1.000239066378891373e+00 9.393106718729564431e-02 8.154270544203424720e+01 9.315263512745916748e-04 
-3.086027561931396601e+00 -9.907940181851635497e-01 8.960631922520097270e-02 7.730294930266251185e+01 1.443808766049238350e-03 
-3.040536714984800160e+00 -9.894090815330462974e-01 8.806892325121895571e-02 7.418062059791718355e+01 1.806289088747178861e-03 
-3.018069878767072112e+00 -9.449489507476708239e-01 9.220939781540836433e-02 7.074765498962607069e+01 2.012271290717605743e-03 
-3.143939465393943422e+00 -9.508335838198260781e-01 9.244606418743954446e-02 7.840901045217118792e+01 1.354129657737430633e-03 
-3.255627560990542513e+00 -1.025675816148427399e+00 9.013637374409085024e-02 8.066168044890592626e+01 1.319239838002988011e-03 
-3.436345740966018081e+00 -1.017970382960266873e+00 9.728913947493895986e-02 8.337035738236563986e+01 1.105320185460709637e-03 
-3.382956685736382862e+00 -1.027853845102838948e+00 1.000434579025456933e-01 8.698427859660158390e+01 1.260011575396729512e-03 
-3.078764824109064158e+00 -1.018875342154526020e+00 1.035823672506925724e-01 9.251389832913002920e+01 1.784400300771819782e-03 
-3.023998214922019034e+00 -9.753301690023186143e-01 1.070873441310194046e-01 9.382921577317313222e+01 2.227728612380530833e-03 
-3.078461991826837441e+00 -1.029045208285392476e+00 1.040610092175900392e-01 9.486310088884448533e+01 2.157547914873338656e-03 
-2.977031197801883966e+00 -1.083233462755166965e+00 9.184823643836348417e-02 9.206370930504576222e+01 1.569675019982977055e-03 
-2.997016100538757666e+00 -1.033894315060200686e+00 8.324101227263880354e-02 9.113974806790217542e+01 1.236260550278001427e-03 
-2.912800528583583404e+00 -9.404312877432814410e-01 8.109761428454130561e-02 9.285793346843001927e+01 1.432485417999844208e-03 
-3.078733103195421705e+00 -9.295664132880979702e-01 8.223217095944818089e-02 9.467189913810211976e+01 1.265590776353065633e-03 
-3.078733103195421705e+00 -9.295664132880979702e-01 8.223217095944818089e-02 9.467189913810211976e+01 1.265590776353065633e-03 
-3.078733103195421705e+00 -9.295664132880979702e-01 8.223217095944818089e-02 9.467189913810211976e+01 1.265590776353065633e-03 
-3.078733103195421705e+00 -9.295664132880979702e-01 8.223217095944818089e-02 9.467189913810211976e+01 1.265590776353065633e-03 
-3.078733103195421705e+00 -9.295664132880979702e-01 8.223217095944818089e-02 9.467189913810211976e+01 1.265590776353065633e-03 
-3.078733103195421705e+00 -9.295664132880979702e-01 8.223217095944818089e-02 9.467189913810211976e+01 1.265590776353065633e-03 
-3.078733103195421705e+00 -9.295664132880979702e-01 8.223217095944818089e-02 9.467189913810211976e+01 1.265590776353065633e-03 
-3.078733103195421705e+00 -9.295664132880979702e-01 8.223217095944818089e-02 9.467189913810211976e+01 1.265590776353065633e-03 
-2.941810331004123480e+00 -9.189143614603502153e-01 7.827031591864054560e-02 9.428250828005607787e+01 1.416716531255027105e-03 
-2.941810331004123480e+00 -9.189143614603502153e-01 7.827031591864054560e-02 9.428250828005607787e+01 1.416716531255027105e-03 
-2.762920748382304392e+00 -9.655107514667705670e-01 7.065732686212000679e-02 9.009229288450245576e+01 1.705965254228760698e-03 
-2.685174064863356413e+00 -9.941005279345493939e-01 6.970975180745325739e-02 8.830957613030210496e+01 1.772565412791702114e-03 
-2.935598213744228691e+00 -1.057996172948105773e+00 7.206490928035642896e-02 8.792701172465885406e+01 1.539443628455959730e-03 
-2.935598213744228691e+00 -1.057996172948105773e+00 7.206490928035642896e-02 8.792701172465885406e+01 1.539443628455959730e-03 
-2.943896905289391075e+00 -1.037894589060191386e+00 7.372959679787909060e-02 8.979144107216204418e+01 1.421816443178585635e-03 
-3.200291924930234622e+00 -1.038069668446643501e+00 6.679837691874873640e-02 8.838475031658359171e+01 2.452035058627019017e-03 
-2.926866783622099621e+00 -1.021727309266160066e+00 6.511764569454658869e-02 8.959350442402383408e+01 1.976625736828207039e-03 
-2.968503415122555555e+00 -1.057665091676408986e+00 7.262107452278362962e-02 8.345146798631290608e+01 1.780976223726221663e-03 
-2.968503415122555555e+00 -1.057665091676408986e+00 7.262107452278362962e-02 8.345146798631290608e+01 1.780976223726221663e-03 
-2.823998758208041693e+00 -1.014530835187375857e+00 8.001788840500234645e-02 8.211134395459210111e+01 1.333380389225246113e-03 
-2.823998758208041693e+00 -1.014530835187375857e+00 8.001788840500234645e-02 8.211134395459210111e+01 1.333380389225246113e-03 
-2.823998758208041693e+00 -1.014530835187375857e+00 8.001788840500234645e-02 8.211134395459210111e+01 1.333380389225246113e-03 
-2.757947677686071408e+00 -1.021185447145992686e+00 9.068464167384823749e-02 8.145945234918546873e+01 1.093666862362713873e-03 
-2.783501117721939533e+00 -9.899791008452933916e-01 9.022161489714683458e-02 8.557268502056959392e+01 1.284580911748380364e-03 
-2.783501117721939533e+00 -9.899791008452933916e-01 9.022161489714683458e-02 8.557268502056959392e+01 1.284580911748380364e-03 
-2.824030864021987330e+00 -1.023347857020003637e+00 8.377781970527821420e-02 8.948117960455522280e+01 1.436641134480978656e-03 
-2.787863382729826700e+00 -9.630097872483466270e-01 8.193904380431724088e-02 8.524516727009894623e+01 1.282775989038260466e-03 
-2.734520541933626703e+00 -9.764993346121798590e-01 8.755346938230171294e-02 8.589947941696298983e+01 1.330166895286014842e-03 
-2.548147903384313295e+00 -1.019348355761194203e+00 8.987764849935014899e-02 8.662872622676894707e+01 1.494348527452742884e-03 
-2.665160106072982593e+00 -1.085892414728905742e+00 8.946883044516605599e-02 8.195864034008475585e+01 1.139630596164371325e-03 
-2.479884437124607821e+00 -1.022367968202606558e+00 8.473738070650208010e-02 8.449721422596680043e+01 1.289881183629558708e-03 
-2.845518042604357589e+00 -9.337936218321106763e-01 8.186332390825121208e-02 8.930334929108185804e+01 1.365324782878323592e-03 
-3.124467932760699895e+00 -9.313510851227202458e-01 8.873966703671928857e-02 8.684027742023576479e+01 1.084070099263186775e-03 
-3.328847622152860009e+00 -9.187410033207248361e-01 9.817088803886975246e-02 8.524569128532307616e+01 1.134359290319545896e-03 
-3.360549331508875692e+00 -9.613658166035276009e-01 8.976580337424544531e-02 8.111125319729409000e+01 1.455845532910897151e-03 
-3.268698316862501230e+00 -9.390352330452506058e-01 1.078142246697454260e-01 8.424595338860295612e+01 1.032824683401003217e-03 
-3.180130971075615154e+00 -9.165135576094733949e-01 1.001748102688278796e-01 8.460166181313047673e+01 9.644897877175069058e-04 
-3.237642118002668212e+00 -8.747891015256619163e-01 1.022895758934169452e-01 7.960333907144047316e+01 1.092829938745621624e-03 
-3.411099054113957418e+00 -9.016826262510164725e-01 1.071853051209162994e-01 8.416935899754933814e+01 1.096916037631016222e-03 
-3.486306237752607728e+00 -9.761161795292998544e-01 1.087602497677300911e-01 8.370428106052277428e+01 1.128179889369645625e-03 
-3.688174904390419506e+00 -9.610297607701516753e-01 1.120021353906630879e-01 7.578781478336624389e+01 9.318598228900290634e-04 
-3.841474754429714533e+00 -9.128402968197650846e-01 1.160808103073123765e-01 7.719147660883608353e+01 9.309026075733093167e-04 
-3.759026289302472623e+00 -9.249141416294950346e-01 1.115093059416863847e-01 7.559812481306585141e+01 9.437593351881402252e-04 
-3.759026289302472623e+00 -9.249141416294950346e-01 1.115093059416863847e-01 7.559812481306585141e+01 9.437593351881402252e-04 
-3.911698359190394658e+00 -9.328069410987243071e-01 1.023819723891750966e-01 8.343172988218782393e+01 1.144760609442237870e-03 
-3.835426920502291281e+00 -9.431924767733488313e-01 1.018961607936662572e-01 7.928319896026667379e+01 1.045845820120809913e-03 
-3.835426920502291281e+00 -9.431924767733488313e-01 1.018961607936662572e-01 7.928319896026667379e+01 1.045845820120809913e-03 
-3.877676712324600761e+00 -9.320500401491215170e-01 9.807350140645194891e-02 7.919158508550070508e+01 1.139231502492567185e-03 
-3.929602427637584494e+00 -9.274463532044010527e-01 8.823395490844312961e-02 7.780405768081664064e+01 1.656896235659823403e-03 
-3.929602427637584494e+00 -9.274463532044010527e-01 8.823395490844312961e-02 7.780405768081664064e+01 1.656896235659823403e-03 
-4.420547726607336969e+00 -9.830044745865674782e-01 1.032075994040021621e-01 7.278012408749543738e+01 9.999559943159911594e-04 
-4.420547726607336969e+00 -9.830044745865674782e-01 1.032075994040021621e-01 7.278012408749543738e+01 9.999559943159911594e-04 
-4.439255797801543224e+00 -9.837436752154575803e-01 1.004906133047170080e-01 7.587908545194621013e+01 9.428299990051764974e-04 
-4.586510209043616726e+00 -1.001719767065559541e+00 1.019203536142678779e-01 8.112049415981620371e+01 1.007766201331655341e-03 
-4.803120029130727886e+00 -1.030717255805445376e+00 1.021939817468626027e-01 8.234098393047763409e+01 1.116175027456718389e-03 
-4.803120029130727886e+00 -1.030717255805445376e+00 1.021939817468626027e-01 8.234098393047763409e+01 1.116175027456718389e-03 
-4.722014644140896777e+00 -1.058692777819831399e+00 9.836257053399735661e-02 8.012670358530483838e+01 9.482676702426686907e-04 
-4.538692759633049967e+00 -9.784376570109190041e-01 1.037669458797408351e-01 7.324965936871465999e+01 9.408026905928536503e-04 
-4.480417371950102812e+00 -1.001373176529170017e+00 1.131184624154405460e-01 7.765829204866815871e+01 1.000615064608466418e-03 
-4.675879708722824546e+00 -9.760131120463809706e-01 1.029038529994579371e-01 7.690871026789083942e+01 8.781241598359155369e-04 
-4.607718638498729646e+00 -9.652279873033361435e-01 1.070569957151744356e-01 7.980583138803702070e+01 1.006341891887796696e-03 
-4.536308158671142898e+00 -9.912649584006654191e-01 1.058880241964355734e-01 8.005803843553799481e+01 1.005614524644404687e-03 
-4.502862487627075971e+00 -1.058233474127513896e+00 1.095862461120436226e-01 7.894984951365478310e+01 1.028501357032626795e-03 
-4.246511151753626478e+00 -1.025716306452768567e+00 1.054550716503593194e-01 8.254507551721660263e+01 1.165131259832295676e-03 
-4.246511151753626478e+00 -1.025716306452768567e+00 1.054550716503593194e-01 8.254507551721660263e+01 1.165131259832295676e-03 
-3.870714178838256636e+00 -1.007741732033975879e+00 1.081846492208727584e-01 8.276447538680469052e+01 1.183911642838356929e-03 
-3.714725870151676546e+00 -1.016170428633303091e+00 1.070690918273776299e-01 7.844836691116229588e+01 9.699886473371198588e-04 
-3.543574592945637924e+00 -1.016961010921029196e+00 9.448676997869001615e-02 8.111582840573564113e+01 1.177799867694649845e-03 
-3.460518872461553208e+00 -1.042555130569759791e+00 9.220935576635660991e-02 8.666766311362884778e+01 1.237304751194873501e-03 
-3.329692847216757734e+00 -1.052675901210023746e+00 9.460185479023201782e-02 8.049955248017343479e+01 1.148141549193641177e-03 
-3.365359364371560691e+00 -1.075205654321039983e+00 1.025736284294782308e-01 8.361186512186343123e+01 1.093333842824589786e-03 
-3.245424061985143105e+00 -1.073664334317492086e+00 9.317040984918106838e-02 8.480687599584727820e+01 1.095092285824824079e-03 
-3.245424061985143105e+00 -1.073664334317492086e+00 9.317040984918106838e-02 8.480687599584727820e+01 1.095092285824824079e-03 
-3.315694495717482759e+00 -1.052567063371746547e+00 9.139560429249959927e-02 8.501986197835081782e+01 1.184732153215005326e-03 
-3.519695511383095887e+00 -1.036742901974681441e+00 9.025607029317150865e-02 8.818208978311287183e+01 1.320799450657504474e-03 
-3.664395942394871764e+00 -1.026322861977690515e+00 8.603945555001754619e-02 8.964209966276168018e+01 1.491539972648248027e-03 
-3.670503291443558247e+00 -1.055911316428682412e+00 8.101396056776220822e-02 9.366232439926470477e+01 1.734859669001858305e-03 
-3.461720859020117391e+00 -1.126522918918395400e+00 7.554043103620677879e-02 9.090742187056584100e+01 1.684125889453544529e-03 
-3.139734418927933479e+00 -1.093438537344009420e+00 8.157527535313550959e-02 9.001920839317538992e+01 1.269168907067292143e-03 
-3.199857064585181377e+00 -1.075678181859772264e+00 8.528429855548047556e-02 8.834823214371459699e+01 1.237749936736547499e-03 
-3.216048695458709972e+00 -1.110928612074414623e+00 7.153353299806748666e-02 8.905520060246165315e+01 1.874062614539155798e-03 
-3.394501559075446373e+00 -1.184172139191846940e+00 7.158652681773230997e-02 8.875995321008905137e+01 1.909687277010179741e-03 
-3.311636724142196009e+00 -1.180932415321580997e+00 7.940831832190319017e-02 9.136654294973614299e+01 1.522529460437889101e-03 
-3.287680722240879483e+00 -1.275212525365405192e+00 8.586670617095054636e-02 8.876597303384204452e+01 1.326095242658930501e-03 
-3.287680722240879483e+00 -1.275212525365405192e+00 8.586670617095054636e-02 8.876597303384204452e+01 1.326095242658930501e-03 
-3.238140462472266279e+00 -1.279787220295775407e+00 8.782349891734470004e-02 8.513551653866848312e+01 1.159718254322442132e-03 
-3.355364001981581801e+00 -1.302803434303930974e+00 8.046833174147102752e-02 9.479361754625961112e+01 1.751570139428030790e-03 
-3.168578356810532348e+00 -1.234570618044201540e+00 9.016903546186016971e-02 9.148651905293510822e+01 1.456215673756244226e-03 
-2.985416570302118267e+00 -1.319302819319030817e+00 9.029832961930922552e-02 9.398364438059732606e+01 1.926862554239535882e-03 
-2.816174087675187732e+00 -1.291234551828164268e+00 8.480190507542578748e-02 9.505245483936923279e+01 2.092815165383517251e-03 
-2.628242253542203866e+00 -1.227998580140571949e+00 8.327507994896550525e-02 9.158273759328351105e+01 1.756740439311075923e-03 
-2.359457780726591292e+00 -1.238050897350885249e+00 8.269877579702177017e-02 9.477870532308843110e+01 2.133973413316762706e-03 
-2.509881597216519822e+00 -1.239053019741756634e+00 8.484268781510775903e-02 9.212685502359649092e+01 1.878032849754928280e-03 
-2.995044155675211872e+00 -1.332350320327030158e+00 7.427454998497275140e-02 8.603775278903810886e+01 1.466567990329433694e-03 
-2.733656505583834218e+00 -1.427568487597266067e+00 6.730865981932007691e-02 8.580331635156301218e+01 1.955870126607655527e-03 
-2.752441740582493246e+00 -1.495028396054638442e+00 7.608996089547000186e-02 8.710384271060752326e+01 1.431148125266303549e-03 
-2.674288293902492786e+00 -1.518288183310212203e+00 7.751336092307162251e-02 8.837044363244902456e+01 1.442988679539532800e-03 
-2.797779438324444978e+00 -1.479826877679493391e+00 8.050129425734235677e-02 8.915343447913296870e+01 1.435480507472251116e-03 
-2.406544869669771547e+00 -1.544611168277003843e+00 7.737680922796733030e-02 8.421328006473208916e+01 1.373349661938989569e-03 
-2.206515442387979142e+00 -1.505107388794303169e+00 7.900984203774924497e-02 8.589247075265203080e+01 1.333005440754007898e-03 
-2.055883932250862856e+00 -1.518103578224959449e+00 7.992929598514041112e-02 8.429423970542565314e+01 1.281326138869033626e-03 
-2.199874040958290866e+00 -1.490157548301987323e+00 8.035221996460535643e-02 8.989198455507053609e+01 1.522043627807897082e-03 
-2.199874040958290866e+00 -1.490157548301987323e+00 8.035221996460535643e-02 8.989198455507053609e+01 1.522043627807897082e-03 
-2.331756475112555016e+00 -1.444552992474340325e+00 7.430659906262164494e-02 9.039118485907545164e+01 1.578935659759796335e-03 
-2.295499364741740322e+00 -1.477548025298084600e+00 8.076871235075536171e-02 9.035996336524664230e+01 1.564626222938297548e-03 
-2.295499364741740322e+00 -1.477548025298084600e+00 8.076871235075536171e-02 9.035996336524664230e+01 1.564626222938297548e-03 
-2.074005313152758490e+00 -1.440232977235408329e+00 8.391943661410630750e-02 8.982098324886419505e+01 1.573417894825443475e-03 
-2.074005313152758490e+00 -1.440232977235408329e+00 8.391943661410630750e-02 8.982098324886419505e+01 1.573417894825443475e-03 
-2.014173972285223435e+00 -1.438500449114374025e+00 8.111535440753135651e-02 8.741779781695775853e+01 1.370743312446003320e-03 
-2.326182964066843883e+00 -1.416341370519588416e+00 7.460917177167324110e-02 9.215960028864446940e+01 1.675169180869793759e-03 
-2.326182964066843883e+00 -1.416341370519588416e+00 7.460917177167324110e-02 9.215960028864446940e+01 1.675169180869793759e-03 
-2.014019453766255907e+00 -1.373114919480608265e+00 7.073499765713493759e-02 9.133041855853886659e+01 1.687128976869976815e-03 
-1.899883990431225245e+00 -1.323649671561319074e+00 6.895754942161747003e-02 9.422276467965599522e+01 1.859544011036114164e-03 
-2.223736809299955652e+00 -1.343506742654767550e+00 7.811607458911309920e-02 9.439836278208184694e+01 1.914273051486098561e-03 
-2.245210217694909804e+00 -1.329452638784736296e+00 7.280246493375472361e-02 9.096464312159845633e+01 1.636111459067700509e-03 
-2.011861947811062645e+00 -1.259794300592372851e+00 7.220512513588066283e-02 9.403656744644791843e+01 1.827825867482420902e-03 
-1.839313692477916096e+00 -1.232095394744771033e+00 6.482519261506146380e-02 9.712240354444945467e+01 2.111644368621382745e-03 
-2.016586884515430000e+00 -1.249182221108439350e+00 6.352048736609343382e-02 9.501548187097073139e+01 2.054632518593849100e-03 
-2.057244172160185958e+00 -1.229392203556368246e+00 6.088421057506818168e-02 9.450219738081823095e+01 2.188273548976566590e-03 
-2.031909388221525781e+00 -1.246296754818114527e+00 7.076508762525166030e-02 9.664291945997938171e+01 2.036195058173010872e-03 
-2.126507163895154484e+00 -1.187214056369055859e+00 6.795951668023934855e-02 9.513663015566274339e+01 1.943843803847113659e-03 
-2.300044065193589837e+00 -1.186839684479200185e+00 8.267490579704094011e-02 9.156265011603896653e+01 1.763013044257319938e-03 
-2.249778789480771479e+00 -1.166009895580552236e+00 8.624212770725689370e-02 8.875311831457057110e+01 1.569933687374366546e-03 
-2.379126397419487837e+00 -1.148321722860464966e+00 7.862460983225225131e-02 8.382951830829922812e+01 1.349792091727713798e-03 
-2.834249632671351993e+00 -1.173339244281243809e+00 8.018173322292111715e-02 8.014593937108327282e+01 1.382518735524125662e-03 
-2.834249632671351993e+00 -1.173339244281243809e+00 8.018173322292111715e-02 8.014593937108327282e+01 1.382518735524125662e-03 
-2.819782807454648488e+00 -1.247557198766029662e+00 8.215005845924135131e-02 8.445505945488604027e+01 1.229294921151697154e-03 
-2.819782807454648488e+00 -1.247557198766029662e+00 8.215005845924135131e-02 8.445505945488604027e+01 1.229294921151697154e-03 
-2.818181594632782616e+00 -1.227657147030879248e+00 7.700412124298459948e-02 8.487233294352608937e+01 1.390266417273754423e-03 
-2.986603011928278484e+00 -1.222656030609537758e+00 8.604324310818305122e-02 9.146629308839717964e+01 1.435050392278598274e-03 
-3.338255575539480269e+00 -1.177976664667984785e+00 8.687771437765962057e-02 8.910099483010007759e+01 1.355165772711346486e-03 
-3.338255575539480269e+00 -1.177976664667984785e+00 8.687771437765962057e-02 8.910099483010007759e+01 1.355165772711346486e-03 
-3.513465422808657923e+00 -1.204667967152365016e+00 8.700501682498004707e-02 9.783585444446747204e+01 2.213866295901269730e-03 
-3.580757343095873235e+00 -1.211849478018701465e+00 8.423409759845386369e-02 1.018148890635057739e+02 2.704694697307646195e-03 
-3.559220419572278971e+00 -1.237807388991366331e+00 8.362325147421914573e-02 1.058906019352641010e+02 3.340932841004156523e-03 
-3.356915732401588581e+00 -1.228112512603828366e+00 8.786384552336877485e-02 1.029405813929449778e+02 3.003351207195382837e-03 
-3.163418180332007168e+00 -1.183525718567717044e+00 8.717150045779661904e-02 9.866220997416678529e+01 2.092598428452594785e-03 
-3.334601889155797583e+00 -1.190509337357089859e+00 7.854460320257987405e-02 1.018162137739442841e+02 2.358676390436259367e-03 
-3.334601889155797583e+00 -1.190509337357089859e+00 7.854460320257987405e-02 1.018162137739442841e+02 2.358676390436259367e-03 
-3.316876019320574631e+00 -1.202893394319795473e+00 7.058836524247812105e-02 1.053084628254079007e+02 2.558768732173273726e-03 
-3.492581136285333177e+00 -1.232065270051928563e+00 6.833617976377057146e-02 1.015634553827258912e+02 2.263277209474594959e-03 
-3.326088862676028324e+00 -1.258289929934278906e+00 5.886609198407541377e-02 1.034307718961103433e+02 2.613399628451194487e-03 
-3.243189789409654633e+00 -1.219699632836183545e+00 5.436842096630007531e-02 1.118724242453320130e+02 3.108018805276653238e-03 
-2.968005065241479112e+00 -1.296714067705605933e+00 4.510139936703424363e-02 1.163644509007771290e+02 3.584944205488859933e-03 
-2.968005065241479112e+00 -1.296714067705605933e+00 4.510139936703424363e-02 1.163644509007771290e+02 3.584944205488859933e-03 
-3.011436708389700456e+00 -1.287475533666646799e+00 3.495443833116031185e-02 1.160939340052371023e+02 4.805822586959274112e-03 
-3.022439564462129802e+00 -1.303642469887861921e+00 2.949600763502228939e-02 1.118139005465797595e+02 6.433138866250324647e-03 
-2.924495161644264041e+00 -1.348970063853285994e+00 2.117542170169230131e-02 1.103580212772820204e+02 9.158085248700459369e-03 
-2.891111487188752438e+00 -1.377551165013373824e+00 1.838271067315661381e-02 1.090666122975444665e+02 1.018982118551904105e-02 
-2.720193929262352039e+00 -1.368206964053266139e+00 2.253124827246127948e-02 1.054354157697887473e+02 9.195295555639998453e-03 
-2.720193929262352039e+00 -1.368206964053266139e+00 2.253124827246127948e-02 1.054354157697887473e+02 9.195295555639998453e-03 
-2.815343833695151066e+00 -1.256147338577051853e+00 1.928840325328445848e-02 1.045366104436096322e+02 1.027442485034582749e-02 
-3.000753452853406333e+00 -1.251508066412950981e+00 1.752833216275094183e-02 9.655100795163139082e+01 1.122765105060111179e-02 
-3.440336466090888834e+00 -1.329516707322296876e+00 1.889372524194857586e-02 9.516586153301695106e+01 1.132688178646126635e-02 
-3.621045819602607185e+00 -1.397574812625291818e+00 2.729897299251608095e-02 9.221154523250764612e+01 9.554393927549309495e-03 
-3.542197894156692062e+00 -1.335945459110786437e+00 3.161383830788225269e-02 9.805184572413584476e+01 7.800527533984370418e-03 
-3.626089937133222474e+00 -1.365138792919650568e+00 2.705336348038833716e-02 9.628716669077367385e+01 9.237747675466102468e-03 
-3.503042735182731793e+00 -1.338538892099794042e+00 3.680439595545085402e-02 1.010984447963668771e+02 6.013900147783949116e-03 
-3.489034450961269851e+00 -1.339796742988990763e+00 4.644648210995643012e-02 1.061626872804908857e+02 3.718123225117681702e-03 
-3.710525441862176255e+00 -1.390055246877469397e+00 4.698429089906050460e-02 1.031789790232225528e+02 3.712226101390256328e-03 
-3.710525441862176255e+00 -1.390055246877469397e+00 4.698429089906050460e-02 1.031789790232225528e+02 3.712226101390256328e-03 
-3.674115051029020584e+00 -1.358826102315967566e+00 5.279072976882938362e-02 1.048369823512137486e+02 3.069569676669442991e-03 
-3.856721248952696079e+00 -1.382544593536347399e+00 5.031320324231679242e-02 1.053034365462471555e+02 3.247055532779964671e-03 
-3.825491272741870841e+00 -1.472629718735297910e+00 5.476706641707966561e-02 1.052532408899214715e+02 2.872948542481913725e-03 
-3.971848513182405949e+00 -1.493300422681752337e+00 6.116123834303237305e-02 1.006528493922016310e+02 2.372636004672452545e-03 
-4.233095495621005178e+00 -1.543501631102027316e+00 6.372269258192961305e-02 1.020530813697173755e+02 2.356052327476697641e-03 
-4.101449598610127367e+00 -1.599929529257733574e+00 4.934197571652156750e-02 1.045561676871638355e+02 3.202026705331885957e-03 
-3.869101751570293235e+00 -1.574752912906025148e+00 4.957343308732551496e-02 1.043890270377864198e+02 3.236489594265516516e-03 
-3.645042559570952800e+00 -1.642960240687501683e+00 5.495001454827240506e-02 1.010294037175470976e+02 2.747523318971347578e-03 
-3.735000254489055038e+00 -1.756416296293005885e+00 5.771081225419860683e-02 1.006394759887519257e+02 2.513174942055527300e-03 
-3.632814589568588826e+00 -1.684316990762724009e+00 5.758497461924359795e-02 9.829267345381070697e+01 2.523625602075646977e-03 
-3.368242938925637198e+00 -1.707980510332864021e+00 6.119278401959867691e-02 9.918621468174337963e+01 2.290320579474755709e-03 
-3.186879357712363969e+00 -1.764623412006475212e+00 5.799014194653061283e-02 9.609377539740501106e+01 2.430912210172853430e-03 
-3.186879357712363969e+00 -1.764623412006475212e+00 5.799014194653061283e-02 9.609377539740501106e+01 2.430912210172853430e-03 
-3.056949133341684277e+00 -1.723913313176932638e+00 5.545989264478309172e-02 9.960339884355020956e+01 2.537999105649915883e-03 
-3.377601415218486558e+00 -1.675648431106925740e+00 5.031695300792772552e-02 9.336070505505747974e+01 3.659593587909916110e-03 
-3.377601415218486558e+00 -1.675648431106925740e+00 5.031695300792772552e-02 9.336070505505747974e+01 3.659593587909916110e-03 
-3.409643985523355791e+00 -1.789529124313356201e+00 5.368822018862268869e-02 9.458265819385216844e+01 3.004915849529286691e-03 
-3.661131026742798777e+00 -1.785843289397617273e+00 5.069162808639587903e-02 9.344337269522846157e+01 3.539635530718704404e-03 
-3.661131026742798777e+00 -1.785843289397617273e+00 5.069162808639587903e-02 9.344337269522846157e+01 3.539635530718704404e-03 
-3.322896328726471893e+00 -1.686226383997876388e+00 5.782352387473593813e-02 9.587882183694338778e+01 2.514482505035879611e-03 
-3.317730765714118846e+00 -1.721701550039201667e+00 4.685293994634627535e-02 9.965828682140818273e+01 3.714866642115777912e-03 
-3.263072218908332101e+00 -1.693047360642603749e+00 4.528564045231230767e-02 1.007122746434474720e+02 3.903986735507379742e-03 
-3.271597431046714632e+00 -1.695661340541146256e+00 4.263438984310845281e-02 1.014098217627671232e+02 4.340170603023635332e-03 
-3.253630319178926644e+00 -1.706845101239220064e+00 4.406826807309266458e-02 1.016739221274204539e+02 4.043028728583606367e-03 
-3.125694548906096770e+00 -1.688317834073053580e+00 5.657814144103374965e-02 1.050678619151195079e+02 2.621952250989730178e-03 
-3.275109839625215180e+00 -1.634571942634257091e+00 4.756613340104925286e-02 1.028239645447975619e+02 3.473518188433488522e-03 
-3.102947270476882125e+00 -1.634104716285317060e+00 4.839034558875602438e-02 1.086507950294812161e+02 3.207514271445196033e-03 
-3.153894491990067994e+00 -1.617175986594496351e+00 5.679977368258155856e-02 1.127651278199667644e+02 3.234152384500770319e-03 
-3.153894491990067994e+00 -1.617175986594496351e+00 5.679977368258155856e-02 1.127651278199667644e+02 3.234152384500770319e-03 
-3.073822376361750486e+00 -1.574045854166149505e+00 5.534624095223394935e-02 1.084079009266709193e+02 2.799910450169810355e-03 
-2.872606191011803478e+00 -1.605285907721439198e+00 5.751151573977339448e-02 1.059960335775098912e+02 2.707387741378480643e-03 
-2.861171007109051256e+00 -1.570440869965414876e+00 6.162279369347302416e-02 1.077710961680566442e+02 2.890964893839023837e-03 
-3.314783741181109189e+00 -1.592464252863891705e+00 6.482730594174690442e-02 1.051853417550902634e+02 2.613840405728095305e-03 
-3.311553986559904406e+00 -1.546868578091111113e+00 7.021029798233371921e-02 1.036478913175058096e+02 2.530247645691290591e-03 
-3.558937973817275058e+00 -1.534501657831925714e+00 8.000533405825326072e-02 1.078309332976578219e+02 3.708736827925746861e-03 
-3.622647037189041352e+00 -1.529453943107000446e+00 7.550656298698810165e-02 1.117159179239446303e+02 4.132471079520333435e-03 
-3.619708566333838640e+00 -1.597453043928578564e+00 7.322234466783353324e-02 1.141782845124279504e+02 4.462334649500613107e-03 
-3.987488998251196737e+00 -1.611132975040591386e+00 6.875186543995501220e-02 1.136735979960961487e+02 4.089348212733194370e-03 
-4.055106987742777669e+00 -1.517851525667331059e+00 7.500073302880545800e-02 1.096091496607514841e+02 3.764858683967520041e-03 
-4.047222994206087776e+00 -1.508919726000454542e+00 6.681688552083746291e-02 1.115393910166139335e+02 3.577856989918999989e-03 
-4.237449966568960669e+00 -1.501131392243100215e+00 7.088173549775234061e-02 1.181294558439736022e+02 5.066344706223404812e-03 
-3.940224645240534951e+00 -1.391260528932008134e+00 7.119066717511972342e-02 1.169051913477359648e+02 4.767632648701572440e-03 
-3.951152793069281799e+00 -1.412850599767347504e+00 7.890023623560067645e-02 1.210286638374755626e+02 6.304005277893339962e-03 
-4.107757377830951739e+00 -1.484355038168574614e+00 8.752795594121479117e-02 1.201788800294811779e+02 6.958030255789317275e-03 
-4.175021863547497603e+00 -1.485215894053093066e+00 8.192104976007374972e-02 1.196347629430725164e+02 6.354729297563786045e-03 
-4.067513057476559446e+00 -1.446666343671703991e+00 7.348541046081527583e-02 1.192871896631459379e+02 5.492175494444285176e-03 
-4.070714674337796879e+00 -1.402111593603335926e+00 7.374173380121655519e-02 1.193808326157086839e+02 5.505812078812177823e-03 
-4.144835447581008303e+00 -1.492928730456773989e+00 7.238497743211934343e-02 1.177754324781052304e+02 5.115151807276628430e-03 
-3.975855137404977757e+00 -1.427252499699356081e+00 6.828283369017756899e-02 1.160732472448359971e+02 4.411867371790906094e-03 
-3.932937173872305792e+00 -1.349446757874263714e+00 7.300500006230062344e-02 1.136271124047534329e+02 4.255744550640698509e-03 
-4.161178099095664606e+00 -1.268512358090296166e+00 7.288641472522068565e-02 1.098071786028707209e+02 3.533116592644201283e-03 
-4.158268260707270514e+00 -1.324736446293252046e+00 7.469896758501917700e-02 1.067858284685373036e+02 3.177545703252310054e-03 
-3.835061032544363702e+00 -1.265813065128554626e+00 7.275347339024323956e-02 1.077866003749983861e+02 3.176018910286237951e-03 
-4.064555195786921260e+00 -1.187978109247142866e+00 7.134308419801006773e-02 1.101687538868739011e+02 3.448904151212907679e-03 
-4.084742863445844918e+00 -1.188139586576581808e+00 7.404237475289007775e-02 1.099896518318662828e+02 3.573722746999088117e-03 
-4.310074160356232476e+00 -1.257089651934077068e+00 8.496046452611037691e-02 1.070985849123731555e+02 3.878777208228821258e-03 
-4.623945328882620665e+00 -1.223536459847306856e+00 8.986861684135163952e-02 1.043895736686384623e+02 3.734477155239364701e-03 
-4.623945328882620665e+00 -1.223536459847306856e+00 8.986861684135163952e-02 1.043895736686384623e+02 3.734477155239364701e-03 
-4.454982746759258205e+00 -1.259780121846441947e+00 9.094691999529629090e-02 1.096690819380575164e+02 4.881733274878769131e-03 
-4.391664758498841081e+00 -1.235919880431678219e+00 1.002373509659395534e-01 1.055290117219536654e+02 4.736355904234862586e-03 
-4.318445422998409278e+00 -1.267551723764261062e+00 1.023794070628931546e-01 1.057731678913227285e+02 4.966932349882241526e-03 
-4.229933985813165265e+00 -1.217606472556573172e+00 1.027511848370990938e-01 1.079298883651284200e+02 5.378590734788239736e-03 
-4.189033261165890032e+00 -1.220903964867743108e+00 1.045303564281845343e-01 1.129453451763847198e+02 6.572067471366321856e-03 
-3.952266984964709629e+00 -1.291218134317283273e+00 9.787800521296036171e-02 1.080039306751435930e+02 5.009612453692800435e-03 
-3.753037723497481437e+00 -1.355827892305543347e+00 8.898878653770740665e-02 1.101218624008196798e+02 4.752322255272068904e-03 
-3.699370321443659293e+00 -1.380797439896050305e+00 8.739072983318052490e-02 1.100198383495208532e+02 4.622308399059135015e-03 
-3.566954593820378161e+00 -1.358402297621353672e+00 9.183937817199004650e-02 1.060530157869404775e+02 4.070222219833330435e-03 
-3.511789656615303290e+00 -1.240947178999527889e+00 9.123667069927082762e-02 1.020044735679814067e+02 3.107987945471847938e-03 
-3.671375162866641340e+00 -1.292820153148689366e+00 8.698535571273538491e-02 1.025322593393188413e+02 3.096944876796617861e-03 
-3.965734197334469080e+00 -1.312140374224594064e+00 8.253336391304220976e-02 1.037441009518651782e+02 3.111264875804020322e-03 
-3.985800698692420596e+00 -1.305925766128666288e+00 8.443700253323159488e-02 1.035526016991801157e+02 3.192741109928645855e-03 
-3.861976426497470083e+00 -1.333679040465196142e+00 9.213381261613391715e-02 1.080895018862027968e+02 4.597136790032786517e-03 
-3.786856508107043329e+00 -1.294999946473451180e+00 9.178515207493781469e-02 1.111074700170682092e+02 5.120287636861500444e-03 
-3.877367423931517454e+00 -1.352767229096735857e+00 9.007977336419240033e-02 1.044108464479483729e+02 3.740263228034845094e-03 
-3.746983248343575656e+00 -1.371774810209549278e+00 9.589540636313545474e-02 9.981111380326677818e+01 3.257761707791154322e-03 
-3.993486383408459517e+00 -1.383784363055292843e+00 9.478835346017555619e-02 9.982634576563170015e+01 3.253248768400283757e-03 
-3.855891340293460257e+00 -1.358304350781490921e+00 1.062340121771986612e-01 9.444295146599466761e+01 2.966365574822164147e-03 
-3.783723440630598844e+00 -1.304302389214648583e+00 1.062524392284102531e-01 9.373656114925606175e+01 2.772248389577378330e-03 
-3.783723440630598844e+00 -1.304302389214648583e+00 1.062524392284102531e-01 9.373656114925606175e+01 2.772248389577378330e-03 
-3.763978896893123149e+00 -1.347036921324973990e+00 9.810361292265332156e-02 8.926135601123196750e+01 1.720549561448006179e-03 
-3.898564782050813360e+00 -1.300625885060264553e+00 9.858047148925379310e-02 8.890222004614561513e+01 1.696491887349750160e-03 
-3.412483870699506205e+00 -1.349625465157452187e+00 1.039581287867185067e-01 9.314534398623524680e+01 2.470454018386007092e-03 
-3.341613099406681275e+00 -1.391025426090624961e+00 9.300579959013502429e-02 8.889242646658061631e+01 1.465981836931558660e-03 
-3.522831345372634981e+00 -1.411947189237492406e+00 9.273966910074918357e-02 8.790953774958268241e+01 1.402679938936556101e-03 
-3.676709983747909583e+00 -1.363006944858055514e+00 1.044194690500193645e-01 8.899426824646144496e+01 1.947925264696142265e-03 
-3.650924006574738367e+00 -1.364486138268599769e+00 1.092548424231011561e-01 8.939986030324099886e+01 2.239564053553696511e-03 
-3.615437424092480256e+00 -1.325977095818865692e+00 9.896198965607024001e-02 9.432957609685342959e+01 2.421150511385606989e-03 
-3.482995943325779553e+00 -1.325890765305904662e+00 9.458676011577214771e-02 9.536086344968688877e+01 2.305206393967406189e-03 
-3.307150089966782502e+00 -1.262100310479454368e+00 8.489408934267425599e-02 9.407749987866500874e+01 1.703549708871430687e-03 
-3.307150089966782502e+00 -1.262100310479454368e+00 8.489408934267425599e-02 9.407749987866500874e+01 1.703549708871430687e-03 
-3.307150089966782502e+00 -1.262100310479454368e+00 8.489408934267425599e-02 9.407749987866500874e+01 1.703549708871430687e-03 
-3.152509160356803619e+00 -1.312436820937488591e+00 8.034741939120154663e-02 9.482308112377008058e+01 1.617261464574954941e-03 
-2.867119352260627085e+00 -1.282731997932627266e+00 8.002855162524485921e-02 8.905735182871613631e+01 1.378276234712593005e-03 
-2.596790074977243457e+00 -1.365929449856376543e+00 8.805816702363088166e-02 8.643133542635025890e+01 1.361656031759466735e-03 
-2.587046630633284661e+00 -1.372550937687691874e+00 8.438917431798201307e-02 8.759419155249273103e+01 1.404615678883317301e-03 
-2.879600366044005266e+00 -1.359288310564767732e+00 7.551455549159817593e-02 8.531212129212374862e+01 1.428453475063479541e-03 
-2.933769083192609539e+00 -1.309903638239758195e+00 8.480738710212296083e-02 9.196584276963149307e+01 1.574540523893039768e-03 
-2.867937310352739466e+00 -1.339930636188077173e+00 9.258259460267344310e-02 9.153476704058000735e+01 1.904790838711310861e-03 
-2.666464078250385672e+00 -1.359919323118683243e+00 9.261680909025554742e-02 8.822840716223456070e+01 1.640053564184946414e-03 
-2.573531900822328744e+00 -1.370370730068269260e+00 8.458929848105183058e-02 9.175709834142679711e+01 1.794981995645207953e-03 
-2.882417467280109946e+00 -1.452701471498630381e+00 8.453077184442980840e-02 9.287975398966730722e+01 1.768278960732921901e-03 
-2.437079492757961319e+00 -1.377813725012089208e+00 7.609815651001076986e-02 9.252544896089835902e+01 1.711622770029012225e-03 
-2.365179496131864845e+00 -1.408681722035298067e+00 7.690946790863296967e-02 9.000165246021722965e+01 1.536902661148442130e-03 
-2.684901486367190060e+00 -1.438370222229756301e+00 6.926937679951403193e-02 9.321015764704488049e+01 1.800313093285921089e-03 
-3.093361933480233361e+00 -1.448851739937127459e+00 6.432855004715998248e-02 9.550743985969472760e+01 1.936804836774669823e-03 
-3.093361933480233361e+00 -1.448851739937127459e+00 6.432855004715998248e-02 9.550743985969472760e+01 1.936804836774669823e-03 
-2.954708027108082113e+00 -1.455439021220042539e+00 7.102045891601302396e-02 9.485530673097449039e+01 1.706828856763109754e-03 
-2.954708027108082113e+00 -1.455439021220042539e+00 7.102045891601302396e-02 9.485530673097449039e+01 1.706828856763109754e-03 
-3.067956119515681479e+00 -1.521411373290885161e+00 6.554635623863754035e-02 8.947298666234124198e+01 1.952837252886859692e-03 
-3.096753142751465404e+00 -1.508916778514394208e+00 6.973614856849424948e-02 9.161779671115525048e+01 1.658479804389535912e-03 
-3.172268931217702814e+00 -1.476539412751717295e+00 6.925204238494149511e-02 8.772419476922360104e+01 1.831992652960810156e-03 
-3.334109488550344391e+00 -1.520836992840758350e+00 7.984427183288927976e-02 9.089610184642560853e+01 1.505330192528988448e-03 
-3.315200972436914917e+00 -1.542176035492752950e+00 7.915374016194580420e-02 9.229516333918789428e+01 1.587986456247325942e-03 
-3.613533061650986866e+00 -1.547415475297392984e+00 8.441253420038659361e-02 8.994221828377297356e+01 1.488866969743157017e-03 
-3.355271989566784185e+00 -1.442707722291476369e+00 8.271923117842708284e-02 9.125856551446295839e+01 1.527250505045159301e-03 
-3.224082857823281856e+00 -1.390386056620445565e+00 7.616491877466223526e-02 9.100127653072772205e+01 1.510325440710550381e-03 
-3.251799545693397686e+00 -1.345890300470372614e+00 6.045125982967854139e-02 9.303385231807493483e+01 2.495283839500634857e-03 
-3.251799545693397686e+00 -1.345890300470372614e+00 6.045125982967854139e-02 9.303385231807493483e+01 2.495283839500634857e-03 
-3.438086955821698432e+00 -1.397234210263842646e+00 5.126238027465532254e-02 9.060139238630370073e+01 4.000036604099613431e-03 
-3.308145038892645662e+00 -1.356601833168087579e+00 5.229628503795035604e-02 8.700528806275025318e+01 4.337016662904651272e-03 
-3.125405025788116298e+00 -1.351897891749045177e+00 5.037181835432392313e-02 8.203291250800808143e+01 5.361506675868881952e-03 
-3.039098183351175209e+00 -1.426079171673296564e+00 5.364505128585788513e-02 8.685201666291439437e+01 3.746566350330023457e-03 
-3.039098183351175209e+00 -1.426079171673296564e+00 5.364505128585788513e-02 8.685201666291439437e+01 3.746566350330023457e-03 
-2.970733775604386118e+00 -1.414103703016187374e+00 4.925627334465198376e-02 8.508234287311509547e+01 4.779151554150602721e-03 
-3.065728615500036724e+00 -1.372056142198434747e+00 6.306831941912807715e-02 8.389051431080088150e+01 2.743181485783199609e-03 
-2.862301997139366616e+00 -1.335808649114837099e+00 6.084923313066362138e-02 8.664891235713403717e+01 2.578789033337812280e-03 
-2.977505367208405307e+00 -1.381360427505416766e+00 6.908340664323028846e-02 8.846653504085743691e+01 1.698261431047788997e-03 
-2.977505367208405307e+00 -1.381360427505416766e+00 6.908340664323028846e-02 8.846653504085743691e+01 1.698261431047788997e-03 
-2.824260375890643271e+00 -1.412436087584602484e+00 6.926217975270984595e-02 9.111735115042523603e+01 1.708746154098479339e-03 
-2.571974702928020218e+00 -1.440582762188317378e+00 6.182225438037061704e-02 9.303721525686044913e+01 2.155733874434136166e-03 
-2.421113647145711756e+00 -1.450482637764437088e+00 5.392146992888015300e-02 8.768054464835641681e+01 3.399351480302263348e-03 
-2.145089727149895875e+00 -1.439212902125919458e+00 5.244380679911713611e-02 8.480470878743444985e+01 3.989913690558901174e-03 
-2.078944065139908925e+00 -1.458201584496609859e+00 5.302186966432796689e-02 8.180457134564471744e+01 4.327963484149139825e-03 
-2.046840813884298615e+00 -1.485266797486756829e+00 5.142067196614242414e-02 7.859977458022191854e+01 5.198589089627816441e-03 
-2.106424079655031534e+00 -1.526483287135198985e+00 5.271242210782434851e-02 8.774523097802703830e+01 3.569802270165949899e-03 
-1.965291676755150707e+00 -1.510746234893360018e+00 5.931071898641267909e-02 8.345112375002672422e+01 3.023266574048923561e-03 
-1.617977588939414568e+00 -1.529549789047502939e+00 6.751439778991050189e-02 8.158261354520845998e+01 2.175257271459974176e-03 
-1.617977588939414568e+00 -1.529549789047502939e+00 6.751439778991050189e-02 8.158261354520845998e+01 2.175257271459974176e-03 
-1.634004353351862671e+00 -1.536821456594901880e+00 7.608799252075465480e-02 8.147344411441203249e+01 1.483738231630765420e-03 
-1.449018775890399846e+00 -1.616224997789675211e+00 7.419972047570758122e-02 8.382622390258208611e+01 1.508188033173235576e-03 
-1.385945019472895723e+00 -1.661485386574380607e+00 7.265548962728786420e-02 8.609324758143142731e+01 1.545508676605918987e-03 
-1.476208988918642939e+00 -1.684763388751451485e+00 7.230804707460262992e-02 8.031766198507395416e+01 1.837088571547099321e-03 
-1.478524869804543229e+00 -1.643186990377594636e+00 7.178156271470098604e-02 7.949075234826260328e+01 1.952265224161568984e-03 
-1.349035826764320323e+00 -1.658988905137335212e+00 7.854842498211883628e-02 7.764600383109186055e+01 1.550685617342867362e-03 
-1.377153885239942088e+00 -1.651540698724959011e+00 8.532295830191681529e-02 8.369389071789223067e+01 1.182644481714046746e-03 
-1.377153885239942088e+00 -1.651540698724959011e+00 8.532295830191681529e-02 8.369389071789223067e+01 1.182644481714046746e-03 
-1.348662500520816820e+00 -1.697652695829357405e+00 8.379656612263503002e-02 8.269288894694430780e+01 1.173129690646549251e-03 
-1.139953302809999736e+00 -1.728199182612390805e+00 8.322871971698450611e-02 8.259518322355727094e+01 1.183715250286777095e-03 
-1.320075080272504753e+00 -1.762946245157885006e+00 7.616660028298556651e-02 8.619204206832755233e+01 1.405951847732869481e-03 
-1.577929019300395197e+00 -1.744801794204480894e+00 7.676828869950114154e-02 8.617644713696365955e+01 1.386725200338370569e-03 
-1.577929019300395197e+00 -1.744801794204480894e+00 7.676828869950114154e-02 8.617644713696365955e+01 1.386725200338370569e-03 
-1.739852935177514270e+00 -1.687020088424934894e+00 7.924929314889929410e-02 8.736485621829126558e+01 1.370230674419818228e-03 
-1.515910979578238615e+00 -1.672777773268914192e+00 9.126773934309330427e-02 8.814068591303491473e+01 1.599119301269994169e-03 
-1.792686323616134114e+00 -1.677886478461951825e+00 9.225096560836096304e-02 8.339329891464451805e+01 1.182031019819422199e-03 
-1.719798646130865638e+00 -1.654494680992451228e+00 1.000953755923612853e-01 8.309278270260239196e+01 1.341982107816988221e-03 
-1.554755092605267563e+00 -1.619744049211006676e+00 1.039068807629765084e-01 7.508722002292934405e+01 8.916007144168151908e-04 
-1.279264670018289252e+00 -1.640003014015596783e+00 1.105662519250307368e-01 7.386605890977085664e+01 9.188059122552124204e-04 
-1.231065388381176628e+00 -1.629949424470505281e+00 1.234985018856336880e-01 7.308291086808665682e+01 1.192729785095982377e-03 
-1.179194933471269247e+00 -1.610423784699370753e+00 1.190115056584077069e-01 6.833400039101088908e+01 8.584505487055794221e-04 
-1.329724890113945346e+00 -1.663046643576116645e+00 1.142338000185863511e-01 6.906808271842601243e+01 8.409770997889803781e-04 
-1.378523671209576085e+00 -1.665479625033786659e+00 1.097343031677132791e-01 6.909508099805228198e+01 8.613411005282462689e-04 
-1.470774455431516747e+00 -1.599240769706488319e+00 1.078932931731928502e-01 6.861522821380047787e+01 8.999195657996642830e-04 
-1.470774455431516747e+00 -1.599240769706488319e+00 1.078932931731928502e-01 6.861522821380047787e+01 8.999195657996642830e-04 
-1.706410554633703391e+00 -1.562657326878448494e+00 1.109949364516781278e-01 6.524384122819269294e+01 1.034207273022320558e-03 
-1.842464205159473289e+00 -1.587656192920011922e+00 1.077597164037783217e-01 6.641928479650091788e+01 1.039029408288646723e-03 
-1.842464205159473289e+00 -1.587656192920011922e+00 1.077597164037783217e-01 6.641928479650091788e+01 1.039029408288646723e-03 
-1.906830753807123191e+00 -1.577374613182374707e+00 1.094118234619907565e-01 7.018329362813480543e+01 8.465984976994529948e-04 
-2.126936551865241221e+00 -1.650426089302953869e+00 1.059693482559738303e-01 6.926130725277457145e+01 9.203066742771627172e-04 
-2.262683699462394671e+00 -1.739543575050274571e+00 1.055044149584102031e-01 7.349511603125840509e+01 8.582200080131021508e-04 
-2.404890039581057071e+00 -1.698938900149762787e+00 1.024948887812099224e-01 7.285319613258167237e+01 8.774137261529607427e-04 
-2.538161599741694197e+00 -1.669889879411857070e+00 9.757344563382543134e-02 6.994311134970527633e+01 1.141443834458273979e-03 
-2.585851191444913155e+00 -1.711772975851269640e+00 1.039143485606788403e-01 7.325712011406641011e+01 8.636197395980440899e-04 
-2.467490091755098369e+00 -1.715310486082749941e+00 1.107507803572324312e-01 7.679134642460148541e+01 1.071714689695330881e-03 
-2.642565621890047289e+00 -1.695453505791574500e+00 1.176093586707971650e-01 7.474008546836324740e+01 1.094100309323122865e-03 
-2.625620779578756725e+00 -1.681210269351885112e+00 1.115463785408766645e-01 7.686396994277802719e+01 1.093955448007735264e-03 
-2.625620779578756725e+00 -1.681210269351885112e+00 1.115463785408766645e-01 7.686396994277802719e+01 1.093955448007735264e-03 
-2.435764553963434498e+00 -1.718047720340081908e+00 1.119179983452377458e-01 7.462578122366625166e+01 9.565574617749621504e-04 
-2.874151121054325131e+00 -1.725356052558501663e+00 1.019609674688418260e-01 7.558726053471849582e+01 8.809555314672863017e-04 
-2.938073128000420642e+00 -1.789735671892099589e+00 9.929116310489254082e-02 7.437447225718275945e+01 9.027228474790806268e-04 
-3.011957804508197167e+00 -1.790233293589189589e+00 9.845424848086334335e-02 7.860333272863465481e+01 9.335556813462658407e-04 
-3.163099663408587947e+00 -1.846372515755504651e+00 9.697101263745888655e-02 8.347634536173970332e+01 1.175517177078847300e-03 
-3.163099663408587947e+00 -1.846372515755504651e+00 9.697101263745888655e-02 8.347634536173970332e+01 1.175517177078847300e-03 
-3.278323387840096359e+00 -1.864739899825544001e+00 8.933138077356167495e-02 8.332326016955542514e+01 1.116498402298669694e-03 
-3.278323387840096359e+00 -1.864739899825544001e+00 8.933138077356167495e-02 8.332326016955542514e+01 1.116498402298669694e-03 
-3.324950715402996249e+00 -1.906097329600864754e+00 8.867812966308420697e-02 8.276315180020962714e+01 1.107027339019505188e-03 
-3.221473318949745313e+00 -1.873916673851801606e+00 9.137411474525608535e-02 7.714248819700922866e+01 1.043249851551991680e-03 
-2.951011570032190612e+00 -1.804190009949445450e+00 9.202920859114523122e-02 7.236055309723472817e+01 1.239819057755302354e-03 
-2.798429928728517702e+00 -1.804131919006285001e+00 9.101446155627856971e-02 6.972214488475852079e+01 1.534802632632931325e-03 
-2.596986734893221183e+00 -1.833199282154411192e+00 8.598221743193118494e-02 6.785782411412434101e+01 2.175364900188919010e-03 
-2.495395626401743172e+00 -1.785560214491385356e+00 8.917813636920501885e-02 6.583735644954842314e+01 2.221331404098875455e-03 
-2.495395626401743172e+00 -1.785560214491385356e+00 8.917813636920501885e-02 6.583735644954842314e+01 2.221331404098875455e-03 
-2.652225794828887206e+00 -1.747851947565894903e+00 9.134927093624753414e-02 6.609285319184040475e+01 2.002712633646089833e-03 
-2.577170369787908921e+00 -1.738238145911681132e+00 8.694036798393708909e-02 6.632441384024174624e+01 2.345467679881532101e-03 
-2.629874629741941749e+00 -1.744115284679552902e+00 8.721477653925262252e-02 6.673712809236283761e+01 2.251993603798586527e-03 
-2.629874629741941749e+00 -1.744115284679552902e+00 8.721477653925262252e-02 6.673712809236283761e+01 2.251993603798586527e-03 
-3.066852562468689314e+00 -1.766630245792539800e+00 8.966570268723796089e-02 6.664323324309110319e+01 2.202973584972742118e-03 
-3.066852562468689314e+00 -1.766630245792539800e+00 8.966570268723796089e-02 6.664323324309110319e+01 2.202973584972742118e-03 
-3.084100047279409118e+00 -1.752578237160979713e+00 8.146059279526850216e-02 6.882084007394871605e+01 2.633438957648579458e-03 
-2.783494163116001285e+00 -1.786130518636617870e+00 9.574412328279674478e-02 7.119486466658483437e+01 1.137197111084851334e-03 
-2.615836811901426362e+00 -1.786673563450047020e+00 1.006046184612572753e-01 8.347270432251845307e+01 1.368783808035603858e-03 
-2.615836811901426362e+00 -1.786673563450047020e+00 1.006046184612572753e-01 8.347270432251845307e+01 1.368783808035603858e-03 
-2.487845831290727450e+00 -1.838402816076141200e+00 1.050779150060887901e-01 8.701881207267913965e+01 2.014946452366828556e-03 
-2.625472216800428082e+00 -1.858461545935484072e+00 1.060612040949625162e-01 8.538146217102004698e+01 1.822015647495500322e-03 
-2.582002009939580400e+00 -1.879698703997719544e+00 1.078338958876586817e-01 7.877220496163360508e+01 1.145139503638881347e-03 
-2.582002009939580400e+00 -1.879698703997719544e+00 1.078338958876586817e-01 7.877220496163360508e+01 1.145139503638881347e-03 
-2.998235221433022346e+00 -1.846747057944624126e+00 1.006745288455623832e-01 7.499683480176176431e+01 8.797404051047669551e-04 
-3.046038271836114752e+00 -1.863241525793736697e+00 1.117008517911329407e-01 6.552632414909510317e+01 1.080866380149203337e-03 
-3.153020422538149514e+00 -1.881345976819484900e+00 1.066344237199784578e-01 6.324364952877145640e+01 1.559708990715199259e-03 
-3.105979278469711335e+00 -1.864075227992649797e+00 1.097389827041080207e-01 6.139935809237028508e+01 1.673133216731640923e-03 
-3.070579792780467887e+00 -1.834914640626136073e+00 1.190910466225323372e-01 5.498332515204059945e+01 2.353501858864073641e-03 
-2.635487993372761295e+00 -1.765755165214578204e+00 1.149838281395300921e-01 5.636650363961959442e+01 2.135416934666655928e-03 
-2.265216278626087210e+00 -1.734035561675572712e+00 1.164916182361370872e-01 5.912016456575596379e+01 1.562437299911235023e-03 
-2.360521210398469183e+00 -1.780256562166950829e+00 1.092068874250396587e-01 6.915451321178693433e+01 8.754752815718449578e-04 
-2.360521210398469183e+00 -1.780256562166950829e+00 1.092068874250396587e-01 6.915451321178693433e+01 8.754752815718449578e-04 
-2.360521210398469183e+00 -1.780256562166950829e+00 1.092068874250396587e-01 6.915451321178693433e+01 8.754752815718449578e-04 
-2.449221807110011806e+00 -1.774268548532181411e+00 1.122271930191768297e-01 6.924349054058812669e+01 8.466710079787060327e-04 
-2.465572000836997901e+00 -1.685267886648046609e+00 1.180667490410734488e-01 6.939349030723406031e+01 8.545109033472462383e-04 
-2.472234162290706028e+00 -1.729595703614037250e+00 1.076717241537806236e-01 6.998515706578901074e+01 8.710528693536469941e-04 
-2.321920328595417971e+00 -1.748583114565374075e+00 1.187056382797429810e-01 6.652107006213530838e+01 8.712645246903244576e-04 
-2.330531217540275701e+00 -1.754210154453719861e+00 1.196041626743006153e-01 6.394957545111705599e+01 9.705782952276319903e-04 
-2.366923073843136827e+00 -1.764511763456995563e+00 1.356816618706807864e-01 6.097689157690092543e+01 1.021980973342146489e-03 
-2.366923073843136827e+00 -1.764511763456995563e+00 1.356816618706807864e-01 6.097689157690092543e+01 1.021980973342146489e-03 
-2.366923073843136827e+00 -1.764511763456995563e+00 1.356816618706807864e-01 6.097689157690092543e+01 1.021980973342146489e-03 
-2.366923073843136827e+00 -1.764511763456995563e+00 1.356816618706807864e-01 6.097689157690092543e+01 1.021980973342146489e-03 
-2.275202883923539865e+00 -1.707379467943549001e+00 1.389733398655412511e-01 5.840847523916520601e+01 1.144004013921770535e-03 
-2.371536709074194782e+00 -1.730635051972664762e+00 1.386895979986194072e-01 5.846205539358129499e+01 1.141142968861843555e-03 
-2.390136175618101433e+00 -1.682117149720196991e+00 1.369753984304221683e-01 5.959700765934626787e+01 1.078618137517286125e-03 
-2.346547152180518125e+00 -1.628619763407661347e+00 1.417994665685266276e-01 6.109014191555579032e+01 1.056072534126361977e-03 
-2.729035950177479908e+00 -1.646918552720341822e+00 1.412638778148430641e-01 5.919165372802500968e+01 1.100149189166199117e-03 
-2.704407900712306745e+00 -1.694732029705684706e+00 1.332711876775133086e-01 6.118822564178557855e+01 1.012619290577146305e-03 
-2.797946584078667254e+00 -1.688525282385631598e+00 1.450110493384863530e-01 5.860586765755358840e+01 1.145599402274316038e-03 
-2.797946584078667254e+00 -1.688525282385631598e+00 1.450110493384863530e-01 5.860586765755358840e+01 1.145599402274316038e-03 
-2.776123173493981966e+00 -1.698101261801421291e+00 1.465720988363618249e-01 6.222176787810820286e+01 1.133974520074341498e-03 
-2.646112833632460415e+00 -1.681174556198029135e+00 1.585735206227459615e-01 6.179118014406132176e+01 1.420811823811939795e-03 
-2.663382787942337515e+00 -1.663272022229647318e+00 1.658009240438974852e-01 6.037657606950683942e+01 1.555380292327733505e-03 
-2.818511913271382063e+00 -1.615822700815250590e+00 1.568052134500304562e-01 5.796291353498851606e+01 1.278166001173628320e-03 
-2.800136947240589702e+00 -1.582583964128044363e+00 1.577103665320710446e-01 6.064328376349330085e+01 1.333594402371418748e-03 
-2.526251718410127189e+00 -1.499217501989378309e+00 1.554714863688026194e-01 5.689401628217927964e+01 1.255570462481113425e-03 
-2.625629168403003977e+00 -1.514137281807366842e+00 1.564309806938364855e-01 5.825033504395400286e+01 1.252945960983785269e-03 
-2.549417258324172320e+00 -1.506132793066657927e+00 1.568093436234722637e-01 5.951385772585093292e+01 1.278875978076052938e-03 
-2.513273367076097387e+00 -1.458222655362626741e+00 1.515235136745604339e-01 5.611365858538323437e+01 1.251139489327346942e-03 
-2.366546770785665998e+00 -1.419220807603413848e+00 1.498769040205705227e-01 5.586041800201140717e+01 1.264389620599137062e-03 
-2.089571190347280449e+00 -1.425345951520781584e+00 1.441627653620793093e-01 5.373580955985345042e+01 1.498882048806381671e-03 
-2.111292829410735816e+00 -1.290138031961978182e+00 1.402030946704535264e-01 5.647649943327661504e+01 1.249073372952912327e-03 
-2.111292829410735816e+00 -1.290138031961978182e+00 1.402030946704535264e-01 5.647649943327661504e+01 1.249073372952912327e-03 
-2.111292829410735816e+00 -1.290138031961978182e+00 1.402030946704535264e-01 5.647649943327661504e+01 1.249073372952912327e-03 
-2.224240767586322054e+00 -1.274768411182829686e+00 1.423831495938071845e-01 6.092110944307675169e+01 1.056861816608842698e-03 
-2.357994732535267257e+00 -1.298271880155377866e+00 1.284492237128082859e-01 6.004211641313257530e+01 1.087513639026523558e-03 
-2.357994732535267257e+00 -1.298271880155377866e+00 1.284492237128082859e-01 6.004211641313257530e+01 1.087513639026523558e-03 
-2.415455610602104564e+00 -1.265717216982558346e+00 1.377297005219978721e-01 5.936035662717031158e+01 1.058541827853074803e-03 
-2.629364635718278720e+00 -1.221666467664182854e+00 1.529258129207559103e-01 6.180590694970182852e+01 1.236852079990360780e-03 
-2.452282557296753485e+00 -1.232717247399424121e+00 1.514249731130033472e-01 5.975368762032655923e+01 1.166554075175749074e-03 
-2.444611497835449399e+00 -1.226396622473475473e+00 1.542828941889165251e-01 5.473105567392487814e+01 1.306349402526196454e-03 
-2.604451264724700899e+00 -1.274603189310451912e+00 1.557140144998924725e-01 5.744121439505431681e+01 1.222123547346241988e-03 
-2.784665148082694053e+00 -1.317431606674970501e+00 1.582434703192207026e-01 5.545482286628728019e+01 1.332820298983490061e-03 
-2.784665148082694053e+00 -1.317431606674970501e+00 1.582434703192207026e-01 5.545482286628728019e+01 1.332820298983490061e-03 
-3.004901054879917766e+00 -1.373720918257496315e+00 1.576012557658114377e-01 5.084868949176315311e+01 1.978859605054132144e-03 
-2.666323464045213143e+00 -1.422461890025530806e+00 1.595436662307457842e-01 5.690007288705127309e+01 1.298087721483424505e-03 
-2.540560140798997502e+00 -1.407204302803194196e+00 1.735803001524637013e-01 5.355255356552505219e+01 1.552863519436236892e-03 
-2.719435336139600867e+00 -1.420416851233408329e+00 1.684052750974447954e-01 5.384736687207648487e+01 1.478659722469942601e-03 
-2.780181920941232399e+00 -1.413679882404243582e+00 1.652427465507582127e-01 5.272908060052740353e+01 1.521441390185890655e-03 
-2.795140015512952658e+00 -1.461225501213400779e+00 1.506114707520529450e-01 5.671447409880885715e+01 1.245920348736460036e-03 
-2.899133841498007236e+00 -1.528478434727272184e+00 1.438983430703775490e-01 5.688426088952951432e+01 1.287030381575865728e-03 
-2.970272814172578268e+00 -1.555646384231051504e+00 1.435149903715506881e-01 5.773538143698400660e+01 1.259312468680091543e-03 
-2.969209069036357729e+00 -1.527058729806073156e+00 1.241225755816190712e-01 5.848497077371639818e+01 1.533003268359723562e-03 
-3.320737647700913620e+00 -1.628611879894788839e+00 1.262730710783795673e-01 5.735550026195181061e+01 1.647532591162230008e-03 
-3.254868829818155618e+00 -1.582658897352130944e+00 1.230234148843896425e-01 5.468626655251851076e+01 2.334630362033943921e-03 
-3.179799853856393188e+00 -1.617489945620278924e+00 1.359042928356256896e-01 5.298395236555089127e+01 2.084094561873590067e-03 
-3.235534229595578459e+00 -1.580665427934956790e+00 1.420985239940347200e-01 4.637139647006123511e+01 3.374342401521711506e-03 
-3.548712882207389452e+00 -1.582147928396165248e+00 1.442744658081123732e-01 5.090060042515936800e+01 2.125532258819656968e-03 
-3.433712610557877909e+00 -1.622859493263118402e+00 1.436846844713803584e-01 5.112147776795762155e+01 2.097035523859674087e-03 
-3.638200910907720242e+00 -1.646161395837780983e+00 1.590490913545260510e-01 4.733108014983316991e+01 2.349718031784346628e-03 
-3.505838490282317643e+00 -1.687770443127431408e+00 1.584181747935816953e-01 4.499214849516144454e+01 2.898162981912750027e-03 
-3.592861273885026741e+00 -1.689296606484909313e+00 1.542045126063283089e-01 3.962086897523414564e+01 4.654842239521521721e-03 
-3.525680806043899107e+00 -1.672614249783800577e+00 1.560728746593148530e-01 4.124207796193979902e+01 4.049208593079907555e-03 
-3.266926916288043437e+00 -1.716702724588069717e+00 1.663405022799162303e-01 3.793216443718781505e+01 4.691352162327881367e-03 
-3.051255141549297445e+00 -1.700275707777394008e+00 1.679731819963899697e-01 4.000639999634895361e+01 3.984171161375868291e-03 
-2.944334331350317857e+00 -1.675184640052151952e+00 1.675142982994874685e-01 4.801567782255910544e+01 2.099327555321645229e-03 
-2.712559833233338491e+00 -1.740994099622392266e+00 1.615204223947346307e-01 4.557276789289856112e+01 2.519836828424553039e-03 
-2.174113708640927456e+00 -1.722990095353280626e+00 1.587076682280657847e-01 5.400005007968881898e+01 1.426096265483165794e-03 
-2.276799960055008842e+00 -1.716890593176408464e+00 1.531019684697743355e-01 5.918929452865779695e+01 1.224160825388388024e-03 
-2.276799960055008842e+00 -1.716890593176408464e+00 1.531019684697743355e-01 5.918929452865779695e+01 1.224160825388388024e-03 
-2.213819727370462509e+00 -1.693894629603704294e+00 1.551675380099105661e-01 5.551691142563555559e+01 1.325416613487837621e-03 
-2.213819727370462509e+00 -1.693894629603704294e+00 1.551675380099105661e-01 5.551691142563555559e+01 1.325416613487837621e-03 
-2.063528898484150886e+00 -1.672391959878007484e+00 1.573749312794046618e-01 5.870944292708310996e+01 1.304352610838922354e-03 
-2.142752065385380877e+00 -1.614958867252224151e+00 1.629764871842652174e-01 6.096966606781017362e+01 1.534859747324195112e-03 
-1.946506225921172950e+00 -1.611871765765986453e+00 1.618521131297220028e-01 6.088536589808600041e+01 1.501772564122414756e-03 
-1.946506225921172950e+00 -1.611871765765986453e+00 1.618521131297220028e-01 6.088536589808600041e+01 1.501772564122414756e-03 
-2.071283343411773448e+00 -1.570351474363605782e+00 1.667163920426003587e-01 5.948763232957080049e+01 1.567389385924023402e-03 
-2.160653372292262286e+00 -1.514276579956584490e+00 1.661301760269552341e-01 5.577887868592124931e+01 1.448393025182272142e-03 
-2.298848582432628351e+00 -1.594581644445032476e+00 1.650828782517888560e-01 5.291834012070917481e+01 1.511952517397693700e-03 
-2.298848582432628351e+00 -1.594581644445032476e+00 1.650828782517888560e-01 5.291834012070917481e+01 1.511952517397693700e-03 
-2.420438537989289429e+00 -1.500258380916561718e+00 1.587764630983467540e-01 5.163320227408016194e+01 1.589214348070003627e-03 
-2.213907860970020014e+00 -1.435465077196592665e+00 1.576481835156582356e-01 5.902422201544020197e+01 1.307510057049576010e-03 
-2.347038931345918122e+00 -1.441653397317223639e+00 1.490738358780895612e-01 6.298289449024005648e+01 1.230269829490406898e-03 
-2.456454396279425634e+00 -1.478214954765310951e+00 1.535091139011832140e-01 5.966904300665414240e+01 1.219597175306967943e-03 
-2.456454396279425634e+00 -1.478214954765310951e+00 1.535091139011832140e-01 5.966904300665414240e+01 1.219597175306967943e-03 
-2.255059508480945496e+00 -1.451981067232256839e+00 1.550694235299383827e-01 5.997501645129484160e+01 1.271039993449066350e-03 
-2.255059508480945496e+00 -1.451981067232256839e+00 1.550694235299383827e-01 5.997501645129484160e+01 1.271039993449066350e-03 
-2.237124968392095958e+00 -1.487399841979410775e+00 1.504937516474572634e-01 6.164942973740507881e+01 1.217809870116128273e-03 
-2.250139107440246367e+00 -1.594231327133718068e+00 1.518334959842294885e-01 6.163342566918979770e+01 1.248880778695496060e-03 
-2.250139107440246367e+00 -1.594231327133718068e+00 1.518334959842294885e-01 6.163342566918979770e+01 1.248880778695496060e-03 
-2.066774527560520713e+00 -1.714720247098184380e+00 1.641545717262313520e-01 6.290222452290661437e+01 1.722307029719392490e-03 
-2.045607118078815567e+00 -1.746633636208951179e+00 1.633487271994145396e-01 6.862397778287888173e+01 2.352250620926853945e-03 
-1.979388598635014818e+00 -1.731664064762496791e+00 1.648768983094685003e-01 7.302032057813411825e+01 3.121431526786819059e-03 
-1.979388598635014818e+00 -1.731664064762496791e+00 1.648768983094685003e-01 7.302032057813411825e+01 3.121431526786819059e-03 
-2.016458737125178757e+00 -1.651089743405203425e+00 1.700709981382358960e-01 7.699752212671636187e+01 4.127917311380040720e-03 
-1.774609985296957904e+00 -1.672700393167664945e+00 1.672949754666903377e-01 7.973464853584277989e+01 4.497904259364247578e-03 
-1.825579068854646492e+00 -1.618297469961557988e+00 1.657939876686466141e-01 7.580548641870706206e+01 3.685523628280612009e-03 
-1.954532941779996369e+00 -1.549888424775006657e+00 1.564259374135303082e-01 7.480601333342008274e+01 2.980626072245797127e-03 
-1.834300671617143275e+00 -1.629419818770130757e+00 1.694275917661518804e-01 7.528147551845073338e+01 3.792847354357019220e-03 
-1.813879388547142923e+00 -1.643919680084995782e+00 1.821218636704411975e-01 7.272448536888956028e+01 4.028411369219185578e-03 
-1.664465578133996981e+00 -1.624113781752832830e+00 1.766030702528963436e-01 6.928427319887082092e+01 3.159949521924633291e-03 
-2.149502539749886587e+00 -1.627831064438951092e+00 1.777268179281420446e-01 6.313684401867070051e+01 2.301197249764231918e-03 
-2.054481309935891176e+00 -1.646579231580693303e+00 1.742359177470343690e-01 6.000197092358758510e+01 1.848942387309230381e-03 
-2.454653520300888569e+00 -1.651260232325347799e+00 1.739577760811847063e-01 5.831940028601881210e+01 1.700118836978825251e-03 
-2.181618192209621832e+00 -1.686395441845123244e+00 1.730352224435699193e-01 5.548316951801500352e+01 1.588848681014305188e-03 
-2.097103317006035361e+00 -1.669716441775446869e+00 1.731146054018477820e-01 5.362977508694724804e+01 1.592810324044170896e-03 
-1.887028978846853500e+00 -1.661366788523810589e+00 1.638372367827516385e-01 5.400889333609165988e+01 1.461825227621200464e-03 
-1.913066875162934499e+00 -1.731366445201690585e+00 1.610819794771847502e-01 5.437679467908335340e+01 1.423638274758561462e-03 
-1.484453655593032551e+00 -1.717242664908669392e+00 1.545696207941019695e-01 5.461921791752967437e+01 1.369820292492645447e-03 
-1.453242072499900894e+00 -1.723537966727902715e+00 1.510348411045252526e-01 5.405629038995330404e+01 1.413216338925452065e-03 
-1.402173522409333239e+00 -1.737620131654350253e+00 1.550274351834311226e-01 5.427656903545589273e+01 1.391899182797232473e-03 
-9.437457974369618530e-01 -1.746788958633615385e+00 1.402534665742429798e-01 5.606799208209338303e+01 1.289942998667607896e-03 
-9.474442714889164119e-01 -1.777981707464936667e+00 1.463801265323388667e-01 6.029938583692639753e+01 1.128455537453082903e-03 
-1.054132648386342685e+00 -1.766726886476220226e+00 1.360559291436584106e-01 6.108750179953613468e+01 1.014832431389175050e-03 
-1.054132648386342685e+00 -1.766726886476220226e+00 1.360559291436584106e-01 6.108750179953613468e+01 1.014832431389175050e-03 
-1.253995929417350386e+00 -1.804694843059847287e+00 1.292296353548277876e-01 6.557059045709468137e+01 9.264951866571687240e-04 
-1.139966774402986660e+00 -1.847115462686762521e+00 1.225424317813535585e-01 6.746037834197903749e+01 8.756326564401914784e-04 
-1.162316427003951880e+00 -1.809721109028995301e+00 1.309129516459123788e-01 6.643583871528366558e+01 9.709813174162348903e-04 
-1.207205608543141295e+00 -1.814101837809143358e+00 1.325670027068807655e-01 5.991815733699343838e+01 1.074699798790539063e-03 
-1.376874262487634670e+00 -1.791467642987699005e+00 1.302814554703131400e-01 6.224176598795095572e+01 9.719868279375297199e-04 
-1.195504367997474837e+00 -1.684041358148634426e+00 1.286894485916667830e-01 6.516529949007096434e+01 9.185002735122489194e-04 
-8.926105471387665302e-01 -1.679652244184355769e+00 1.283760295965023501e-01 7.065879196705350296e+01 1.161403816135231533e-03 
-7.634056184818875934e-01 -1.669107163128100924e+00 1.193161698655480774e-01 7.476506785922049403e+01 1.226109456758303021e-03 
-6.269499861053327017e-01 -1.697277494848150603e+00 1.301698321953671522e-01 6.798801989761125242e+01 1.040459713323423204e-03 
-5.108107444864860014e-01 -1.698492859762778862e+00 1.370433308766103031e-01 6.903364732888223898e+01 1.336549641669926639e-03 
-6.759609447947411143e-01 -1.694194971033921693e+00 1.407043085962921269e-01 7.160218311799425805e+01 1.761335490381808234e-03 
-4.229889669413125497e-01 -1.699451310464615839e+00 1.472470683252210255e-01 7.232199142179882756e+01 2.202243154825920743e-03 
-6.115896355311041255e-01 -1.702360768959112480e+00 1.447943655742311708e-01 7.750003122702128167e+01 2.881632468872667545e-03 
-8.671468545879665868e-01 -1.714953118765965456e+00 1.355493963429743320e-01 7.723806419932707001e+01 2.282160532004586743e-03 
-1.050750204606276217e+00 -1.671789578607466575e+00 1.416973266981772506e-01 8.099316623407041504e+01 3.282756366582612745e-03 
-1.243991929713603062e+00 -1.632429083797514391e+00 1.388643146312676657e-01 8.485113714423874853e+01 3.821033211759930492e-03 
-1.138358566438028241e+00 -1.675815866113280483e+00 1.353109335387851497e-01 8.558759471067912727e+01 3.735071439319372945e-03 
-1.047259682616217269e+00 -1.628026117225285008e+00 1.349813838456162263e-01 8.313036612387080027e+01 3.278032847764898380e-03 
-9.363468979093361177e-01 -1.599581831975256163e+00 1.285593061764226663e-01 7.942529488767276291e+01 2.271879458961458334e-03 
-9.363468979093361177e-01 -1.599581831975256163e+00 1.285593061764226663e-01 7.942529488767276291e+01 2.271879458961458334e-03 
-7.497063494090577818e-01 -1.572182659674761895e+00 1.294529692704605162e-01 7.118330796551154549e+01 1.273378065861832404e-03 
-7.497063494090577818e-01 -1.572182659674761895e+00 1.294529692704605162e-01 7.118330796551154549e+01 1.273378065861832404e-03 
-7.407503216180832961e-01 -1.565364828843515355e+00 1.303606382165565514e-01 7.134128416739297052e+01 1.324385335038737611e-03 
-5.696060505988552736e-01 -1.610484193436065636e+00 1.340711772293175785e-01 6.653989560499874756e+01 1.074083068323484005e-03 
-7.015320918570293607e-01 -1.610539956305126141e+00 1.423047392495956076e-01 6.829279152495693950e+01 1.470630432078191916e-03 
-6.403320307504980491e-01 -1.568609685929825748e+00 1.320859186766645821e-01 7.018867769866528761e+01 1.280964117168144649e-03 
-6.403320307504980491e-01 -1.568609685929825748e+00 1.320859186766645821e-01 7.018867769866528761e+01 1.280964117168144649e-03 
-7.375759842310349867e-01 -1.539904072901611798e+00 1.298267652232561742e-01 6.938849548887921515e+01 1.140288290881591969e-03 
-7.758804081347933090e-01 -1.510979025477750648e+00 1.274453899998863604e-01 6.969377448425490229e+01 1.098104189311877726e-03 
-3.586152087871742888e-01 -1.547387676753436025e+00 1.351215456490360289e-01 7.067196683871479479e+01 1.474876479749314458e-03 
-2.629675625264119576e-01 -1.540310131063799437e+00 1.391799190105990069e-01 6.718773576585888918e+01 1.291567244302441533e-03 
-4.260162873550302209e-01 -1.594750842232490085e+00 1.493184026657285168e-01 6.772414354199213449e+01 1.732715489611655378e-03 
-1.346904323040558071e-01 -1.586567933593698854e+00 1.460601094196906369e-01 6.492982376494845198e+01 1.303601928505989044e-03 
-2.038555802979160891e-01 -1.587342418850955506e+00 1.504520635830938757e-01 6.770684519277699565e+01 1.760742860877691001e-03 
-1.473280562438810670e-01 -1.607930187415923973e+00 1.439232978045317801e-01 6.545767567635841999e+01 1.273365282675627090e-03 
-2.164869601363382245e-01 -1.676766094477034619e+00 1.436157979749297098e-01 6.400645592224934433e+01 1.182908337347436537e-03 
-2.164869601363382245e-01 -1.676766094477034619e+00 1.436157979749297098e-01 6.400645592224934433e+01 1.182908337347436537e-03 
-2.749169862859180413e-01 -1.643228734942553615e+00 1.419317151106471719e-01 6.968709412405814874e+01 1.616384815300516342e-03 
-3.006671128889408795e-01 -1.617126592297458476e+00 1.391591261478189456e-01 6.815535371169332279e+01 1.356961322236774868e-03 
-2.448918413842159081e-01 -1.612341312366075918e+00 1.464569845483306987e-01 6.536740597655695240e+01 1.375093459555779473e-03 
-1.514115313994049972e-01 -1.599410572680494580e+00 1.370799028574434808e-01 7.078209748861702622e+01 1.501447148667885232e-03 
-1.169104557612865719e-01 -1.613138432060759797e+00 1.326046661196016718e-01 7.247654920186623428e+01 1.471867011413504440e-03 
-1.309307487255368108e-01 -1.638989108863028621e+00 1.259139436252716404e-01 7.188879312315991399e+01 1.169101669006819642e-03 
-1.907380584246511079e-01 -1.649986272278769261e+00 1.298954436657305811e-01 7.055404130678647334e+01 1.213572125101762501e-03 
