-3.603256202230030070e+00 -9.468315857580329453e-01 1.284483960654715373e-01 7.645914368108221026e+01 9.902486171693100116e-04 
-3.533208831248332071e+00 -9.853057347503717533e-01 1.230118626229878276e-01 7.962114863677081189e+01 1.115286524705435189e-03 
-3.683167461120331332e+00 -9.763404087651884611e-01 1.258458373248502182e-01 7.421528616713013093e+01 8.950801000949261919e-04 
-3.565932917341731123e+00 -9.164112781997786339e-01 1.269000856797494747e-01 7.516787374746645867e+01 8.823421890654874851e-04 
-3.352528756548496247e+00 -8.493224338992296785e-01 1.218291566583462326e-01 7.142689179102433172e+01 1.043027006623682262e-03 
-3.329443196463204302e+00 -8.667163010375171783e-01 1.159876145427972127e-01 7.471970920045571063e+01 9.826480747707820422e-04 
-3.325842481454109212e+00 -8.690734802898248956e-01 1.205673490361667960e-01 7.783979000035702711e+01 8.810974229874860312e-04 
-3.467312575077580838e+00 -8.530240230745734786e-01 1.316173473811765027e-01 7.931795210144444752e+01 1.087310566105248585e-03 
-3.530909530159011656e+00 -8.068555459535567964e-01 1.268459737821832911e-01 7.403999329898930171e+01 8.756191591677336874e-04 
-3.354764109586965581e+00 -8.500757276446183619e-01 1.198875069373221136e-01 7.349544024303821743e+01 9.728653339510801717e-04 
-3.210295140624642496e+00 -8.457889317787118388e-01 1.196190522676119083e-01 7.795334807456383430e+01 8.571112280575273173e-04 
-3.241904451966502343e+00 -8.318099387617849949e-01 1.084331495864329781e-01 7.810353457105500752e+01 1.053924513023305181e-03 
-3.270351205311988529e+00 -8.577852424804131015e-01 1.105775696062160640e-01 7.525879821379841417e+01 1.114869769075585871e-03 
-3.270351205311988529e+00 -8.577852424804131015e-01 1.105775696062160640e-01 7.525879821379841417e+01 1.114869769075585871e-03 
-3.270351205311988529e+00 -8.577852424804131015e-01 1.105775696062160640e-01 7.525879821379841417e+01 1.114869769075585871e-03 
-2.996828402099860789e+00 -8.073721078148757835e-01 1.204807604105000013e-01 7.091126208471084169e+01 1.024931704686057529e-03 
-2.953931809492250427e+00 -8.106044127124155674e-01 1.111884932579594032e-01 6.798454701607325035e+01 1.337737448925345116e-03 
-3.023673946718225647e+00 -7.729729838353633919e-01 1.099722677993213993e-01 7.005426724809403538e+01 1.537084258375599321e-03 
-3.047534297839359141e+00 -8.445306174364535234e-01 1.198346211615666373e-01 6.706995734674903531e+01 1.433624923935206651e-03 
-3.022850592200251985e+00 -8.169641646109733202e-01 1.229027700374764887e-01 6.829919894073938735e+01 1.218998332869788374e-03 
-2.598307817751194904e+00 -8.327755036848770720e-01 1.191666424003625380e-01 6.484006588193165044e+01 8.940910698751732087e-04 
-2.404829694192751166e+00 -8.215659214703859847e-01 1.204100421360142920e-01 6.148833672018864149e+01 1.022307475741456289e-03 
-2.173768060975013405e+00 -8.143951715074727593e-01 1.255647372274020512e-01 6.123422228831283576e+01 9.539618966926460483e-04 
-2.163591913879775230e+00 -8.245098867030117296e-01 1.241752879964079237e-01 6.708459922778301632e+01 9.039715763529155299e-04 
-2.355092132790638448e+00 -8.983093927232895792e-01 1.342657916475727964e-01 6.431230097363535947e+01 9.579919536270391483e-04 
-2.355092132790638448e+00 -8.983093927232895792e-01 1.342657916475727964e-01 6.431230097363535947e+01 9.579919536270391483e-04 
-2.641835264124640315e+00 -9.782731876788582914e-01 1.360531117529562573e-01 6.405309163782224857e+01 9.509818896729592668e-04 
-2.548283895909787766e+00 -9.951822004362219642e-01 1.388105383084622113e-01 6.358207466931487062e+01 9.919362722331673352e-04 
-2.548283895909787766e+00 -9.951822004362219642e-01 1.388105383084622113e-01 6.358207466931487062e+01 9.919362722331673352e-04 
-2.521447945215534059e+00 -1.029188250904496282e+00 1.229432999302493418e-01 6.424474996971080998e+01 8.862648538046900316e-04 
-2.521447945215534059e+00 -1.029188250904496282e+00 1.229432999302493418e-01 6.424474996971080998e+01 8.862648538046900316e-04 
-2.755202311046414998e+00 -1.043385108710259246e+00 1.176403785638930888e-01 6.502389132135390071e+01 9.541522734155912693e-04 
-2.754603077092966146e+00 -1.007195556520273705e+00 1.191196063893348173e-01 6.671585847069472663e+01 8.710042239615396189e-04 
-2.850123970321753575e+00 -9.696245484379769630e-01 1.243840654995607004e-01 6.890368177055083265e+01 8.915774997044112644e-04 
-2.850123970321753575e+00 -9.696245484379769630e-01 1.243840654995607004e-01 6.890368177055083265e+01 8.915774997044112644e-04 
-2.990715791507242205e+00 -9.778770331016503059e-01 1.328744349122458479e-01 7.400800091444379802e+01 1.201774088855950664e-03 
-3.086459336198314141e+00 -9.794687097900062200e-01 1.297615744153886586e-01 7.672606661180235221e+01 1.122367573449502710e-03 
-3.005400175166258236e+00 -1.021236980446736275e+00 1.265731851287865417e-01 7.415299528275582475e+01 1.036620432994268945e-03 
-3.081742617657719396e+00 -1.027682886300982590e+00 1.309548117182155191e-01 6.815971429955629901e+01 9.794036352631378846e-04 
-3.059783955742696904e+00 -1.034921936379385121e+00 1.227299447617905132e-01 6.516847828692142741e+01 1.239582815712212110e-03 
-3.346823639816421725e+00 -1.052697508787287406e+00 1.308374740957048976e-01 6.533066282012964621e+01 1.009280995794558343e-03 
-3.198608110824934236e+00 -1.037340100080189176e+00 1.302531373539446979e-01 6.358140354256455851e+01 1.263700528115292146e-03 
-3.170202320274303265e+00 -9.894286690149163288e-01 1.434994946701574625e-01 6.416925211975323862e+01 1.111371220190547539e-03 
-3.014865478846349589e+00 -1.022861282582469888e+00 1.440723661074437556e-01 6.029244012358962834e+01 1.345039788778913410e-03 
-2.650966704951549957e+00 -1.039530751704776268e+00 1.414423404093185233e-01 6.427385868690942061e+01 1.055658768244932847e-03 
-2.789447180892050238e+00 -1.020570175097130772e+00 1.479272971673200321e-01 6.360832637127806066e+01 1.158578686774214706e-03 
-2.925706412490193919e+00 -9.612125557593060865e-01 1.508536064172981417e-01 6.276928823142498715e+01 1.226715446741911009e-03 
-2.707243282855749555e+00 -9.906708560695566268e-01 1.438913972783746609e-01 5.709160534791142538e+01 1.154793299667724541e-03 
-2.707243282855749555e+00 -9.906708560695566268e-01 1.438913972783746609e-01 5.709160534791142538e+01 1.154793299667724541e-03 
-2.707243282855749555e+00 -9.906708560695566268e-01 1.438913972783746609e-01 5.709160534791142538e+01 1.154793299667724541e-03 
-2.821783683443480850e+00 -9.674064348042543671e-01 1.424884695526855427e-01 6.205922515916404336e+01 1.045765263669934126e-03 
-3.129016999262934640e+00 -9.368255566987176985e-01 1.454601706516704118e-01 6.575185824347545349e+01 1.115498954793356281e-03 
-3.129016999262934640e+00 -9.368255566987176985e-01 1.454601706516704118e-01 6.575185824347545349e+01 1.115498954793356281e-03 
-3.278071629467322889e+00 -9.297143010698888377e-01 1.473705755944877405e-01 7.132013995008314566e+01 9.968168922003404955e-04 
-3.278071629467322889e+00 -9.297143010698888377e-01 1.473705755944877405e-01 7.132013995008314566e+01 9.968168922003404955e-04 
-3.278071629467322889e+00 -9.297143010698888377e-01 1.473705755944877405e-01 7.132013995008314566e+01 9.968168922003404955e-04 
-3.207844153417324318e+00 -9.446661402382368067e-01 1.461723145054572015e-01 7.045261719433003123e+01 1.011979299686532191e-03 
-3.341893452553804433e+00 -9.781067212301691738e-01 1.409640977685071572e-01 7.302639286127515561e+01 1.006317228877375881e-03 
-3.472047287792894288e+00 -1.003326804575552567e+00 1.390621617042451241e-01 7.497853039802399167e+01 1.162581060889575271e-03 
-3.472047287792894288e+00 -1.003326804575552567e+00 1.390621617042451241e-01 7.497853039802399167e+01 1.162581060889575271e-03 
-3.320244389680307773e+00 -1.009369373962058392e+00 1.285928085219158468e-01 7.300098878623252574e+01 8.548828847998162644e-04 
-3.253612524661395611e+00 -1.059492556881612257e+00 1.283920130329532505e-01 7.204452960063898104e+01 8.579305649196898240e-04 
-3.110533527791816244e+00 -1.018550038961158810e+00 1.316939489954173925e-01 7.097199084243025879e+01 9.408584612823776751e-04 
-3.120660611979608312e+00 -9.057607495729649294e-01 1.299400616891989435e-01 7.022636829733463060e+01 9.748792651531907466e-04 
-3.313847298640107741e+00 -9.226582404683520977e-01 1.212577518497675866e-01 7.004448406078253697e+01 1.040781491577305075e-03 
-3.154589221337222860e+00 -9.792348155978868318e-01 1.115623811347929428e-01 7.168302663388514873e+01 1.095908565558824637e-03 
-3.235220231697515381e+00 -1.026989545645776047e+00 1.083466480332405529e-01 7.050500964793214109e+01 1.269080889526117166e-03 
-3.512122056346236754e+00 -9.606018584781661485e-01 1.078896934126445106e-01 7.170871392383122611e+01 1.238447347772875760e-03 
-3.721322775228578461e+00 -9.684914763555888539e-01 1.040305049306852470e-01 6.928407511705162847e+01 1.581636543972899690e-03 
-3.805868404944022565e+00 -9.103527142439508113e-01 9.762597043866355628e-02 7.137668145021044097e+01 1.808162416273466095e-03 
-3.805868404944022565e+00 -9.103527142439508113e-01 9.762597043866355628e-02 7.137668145021044097e+01 1.808162416273466095e-03 
-3.689781433719328430e+00 -9.014105778658039192e-01 9.909707944414650194e-02 6.987623993123267496e+01 2.028279301291518663e-03 
-3.623814219737690134e+00 -9.380689935131539814e-01 9.214901798134786381e-02 7.537660014037089695e+01 1.801925977489236483e-03 
-3.742699878728617868e+00 -9.841343038125496268e-01 1.005401237639265699e-01 7.119211352279160110e+01 1.522439907931651733e-03 
-3.640119509545157062e+00 -9.601170060058251687e-01 9.802579092525288973e-02 7.453654791250085054e+01 1.453092978168918055e-03 
-3.595805440250056773e+00 -9.836158526199905161e-01 1.049093903637877134e-01 7.470440743597323774e+01 1.109365978592365088e-03 
-3.577424602674286191e+00 -1.072527919631987459e+00 9.931937182492049654e-02 7.620045990769509103e+01 1.128534752642030778e-03 
-3.532579426901634623e+00 -9.881214639387265741e-01 1.086632426389218670e-01 7.843970945256030802e+01 9.411278705576801330e-04 
-3.532579426901634623e+00 -9.881214639387265741e-01 1.086632426389218670e-01 7.843970945256030802e+01 9.411278705576801330e-04 
-3.846622418150468903e+00 -9.886912250706584304e-01 1.044883465178691045e-01 7.105299837760770743e+01 1.276948198621345254e-03 
-3.846622418150468903e+00 -9.886912250706584304e-01 1.044883465178691045e-01 7.105299837760770743e+01 1.276948198621345254e-03 
-3.573391527295353587e+00 -9.396950996442322568e-01 1.132341376211037642e-01 6.804021825980119331e+01 1.395327216485514653e-03 
-3.573391527295353587e+00 -9.396950996442322568e-01 1.132341376211037642e-01 6.804021825980119331e+01 1.395327216485514653e-03 
-3.835271716106426698e+00 -1.002273345982954922e+00 1.055418095789226185e-01 7.328762889221989951e+01 1.068684608776612754e-03 
-3.829130303161596416e+00 -9.463156464293150938e-01 1.004702195003764897e-01 7.442067901239255434e+01 1.262549046417924805e-03 
-3.775553467062151558e+00 -9.278355949167863548e-01 1.051480872367692165e-01 7.133469772076362858e+01 1.351985799643916179e-03 
-3.730799735752824642e+00 -9.213426676994124209e-01 9.814068604766899850e-02 7.433202957058134075e+01 1.485091925952666337e-03 
-3.967907736073778224e+00 -8.875317344605800907e-01 1.105663105534225310e-01 7.218728984212775401e+01 1.054631839086964075e-03 
-3.967907736073778224e+00 -8.875317344605800907e-01 1.105663105534225310e-01 7.218728984212775401e+01 1.054631839086964075e-03 
-3.997767834357139005e+00 -9.159008890653524970e-01 1.143219621524864810e-01 7.764314640264251466e+01 9.481900903127824399e-04 
-3.941834654252779124e+00 -9.482783407326592640e-01 1.082276197309845894e-01 7.938251120860834931e+01 9.905622603114006431e-04 
-3.711102978881916759e+00 -9.795841282380343129e-01 1.031603192886300230e-01 8.146709023629044566e+01 1.068647810236057327e-03 
-3.588203108868837532e+00 -9.793947283607539189e-01 9.212997821132486165e-02 8.663885879370539556e+01 1.298084515540480228e-03 
-3.505639579960842855e+00 -9.090160276645644633e-01 8.652507978112629339e-02 8.342027073707073725e+01 1.591227912819491615e-03 
-3.794140350851113119e+00 -9.381803838760857106e-01 9.524251368331831946e-02 7.872055278290230262e+01 1.268529976198074644e-03 
-3.869936202265991110e+00 -9.344758381742901410e-01 9.388049815455930258e-02 8.126781200360207436e+01 1.225263589783621553e-03 
-3.869936202265991110e+00 -9.344758381742901410e-01 9.388049815455930258e-02 8.126781200360207436e+01 1.225263589783621553e-03 
-3.825222645468493443e+00 -9.046393548845531596e-01 9.418011715933487238e-02 8.462119588339143661e+01 1.244997244249679801e-03 
-3.262785697554964948e+00 -9.141362059750657298e-01 9.105991031307927863e-02 8.863008099904610049e+01 1.235865573554197246e-03 
-3.262785697554964948e+00 -9.141362059750657298e-01 9.105991031307927863e-02 8.863008099904610049e+01 1.235865573554197246e-03 
-3.437896148519781647e+00 -8.303807700515033474e-01 9.109548772120300286e-02 9.078531935352010862e+01 1.442660611450237787e-03 
-3.437896148519781647e+00 -8.303807700515033474e-01 9.109548772120300286e-02 9.078531935352010862e+01 1.442660611450237787e-03 
-3.390883769479926091e+00 -8.646602755176768795e-01 9.012002498805479767e-02 9.229723509139977011e+01 1.500529894563061226e-03 
-3.367143431497232164e+00 -8.771033383710811204e-01 1.020129331953841673e-01 9.390667647391471462e+01 1.736089744857500887e-03 
-3.378840225506673178e+00 -8.841159408806248399e-01 1.046831368459511524e-01 9.420284138159352949e+01 1.877777023219234006e-03 
-3.378840225506673178e+00 -8.841159408806248399e-01 1.046831368459511524e-01 9.420284138159352949e+01 1.877777023219234006e-03 
-3.464438036146797462e+00 -8.463728810565775973e-01 9.585568550921355624e-02 9.439403957984754356e+01 1.647612853740333325e-03 
-3.309126889974505215e+00 -7.678419146856230171e-01 9.125971546524802580e-02 9.612151527011597807e+01 1.562388309255828903e-03 
-3.121611460451153786e+00 -8.795649421818695357e-01 8.335320099674950467e-02 9.076938823339681051e+01 1.208872890962969793e-03 
-3.112231096853410151e+00 -8.904260232459749735e-01 8.948685300297060108e-02 8.567875111303570179e+01 1.088879328188466699e-03 
-3.112231096853410151e+00 -8.904260232459749735e-01 8.948685300297060108e-02 8.567875111303570179e+01 1.088879328188466699e-03 
-3.254292164400536702e+00 -8.853873497450333030e-01 8.741968802566635333e-02 8.217827563865843388e+01 1.639910463063980455e-03 
-3.239972940037908256e+00 -7.999093653051317920e-01 9.304680984406002442e-02 8.364696635717602646e+01 1.416449875184063638e-03 
-2.791301522203989194e+00 -8.088824588307348407e-01 9.215635021759877032e-02 8.847936441786639250e+01 1.562483813236530128e-03 
-2.533621981899823794e+00 -8.058080474636099000e-01 8.473950976789645928e-02 8.598027776987412096e+01 1.474011882822819954e-03 
-2.195138737490343495e+00 -7.735535359723396676e-01 7.845725976657859368e-02 8.540808528814110900e+01 1.436701155101202144e-03 
-2.312510294825489421e+00 -7.896526915883741449e-01 7.425267647212899225e-02 8.570581345790219530e+01 1.569295176321048972e-03 
-2.271178901302883357e+00 -8.735913420257228612e-01 7.704724471179183465e-02 7.973062065249744990e+01 1.512416068312971967e-03 
-2.270060727438151460e+00 -7.378841594039446949e-01 8.469150665959276902e-02 8.332265305969630731e+01 1.319542285144944052e-03 
-2.257560138707064734e+00 -6.782627203753792688e-01 8.862262379661453582e-02 8.252058919904551715e+01 1.323902184750435501e-03 
-2.324268078075676591e+00 -6.529248193181926840e-01 8.537444186181254724e-02 8.561626299004032603e+01 1.562952571408694931e-03 
-2.366574738904443809e+00 -6.893729803110529852e-01 9.208503213836048695e-02 8.319406032066599721e+01 1.432313936827450413e-03 
-2.366574738904443809e+00 -6.893729803110529852e-01 9.208503213836048695e-02 8.319406032066599721e+01 1.432313936827450413e-03 
-2.366574738904443809e+00 -6.893729803110529852e-01 9.208503213836048695e-02 8.319406032066599721e+01 1.432313936827450413e-03 
-2.478031425533506749e+00 -6.835297812829604913e-01 9.907626013861067782e-02 7.977476828057984903e+01 1.286819172903666889e-03 
-2.445850698897356512e+00 -6.438850251197218988e-01 9.829238523412503481e-02 8.252037719300464857e+01 1.582451574140229193e-03 
-2.531966757806959123e+00 -6.314033666149700963e-01 1.063369143642772241e-01 8.385789876507227802e+01 2.073485987546727898e-03 
-2.484088100125736887e+00 -6.195774890903831267e-01 1.029548038396933124e-01 8.329084192540491927e+01 1.881569832371051028e-03 
-2.484088100125736887e+00 -6.195774890903831267e-01 1.029548038396933124e-01 8.329084192540491927e+01 1.881569832371051028e-03 
-2.498245414941960618e+00 -6.019822065826836432e-01 1.038231264742392052e-01 8.326237817840421940e+01 1.939354454291932536e-03 
-2.498245414941960618e+00 -6.019822065826836432e-01 1.038231264742392052e-01 8.326237817840421940e+01 1.939354454291932536e-03 
-2.498245414941960618e+00 -6.019822065826836432e-01 1.038231264742392052e-01 8.326237817840421940e+01 1.939354454291932536e-03 
-2.671289738133193037e+00 -6.032164297196194180e-01 9.035384213212224735e-02 8.818168837080405353e+01 1.864653358630121230e-03 
-2.671289738133193037e+00 -6.032164297196194180e-01 9.035384213212224735e-02 8.818168837080405353e+01 1.864653358630121230e-03 
-2.711632135462156423e+00 -6.016440552753408166e-01 9.579824552916668678e-02 8.928034660985223070e+01 2.085502719258479094e-03 
-2.688949912367622819e+00 -5.724620410815579596e-01 1.011726853303952234e-01 7.991810047046676857e+01 1.312400146223590986e-03 
-2.688949912367622819e+00 -5.724620410815579596e-01 1.011726853303952234e-01 7.991810047046676857e+01 1.312400146223590986e-03 
-2.686728368971381009e+00 -5.411352811506638938e-01 9.521910670131267240e-02 8.281240865999032508e+01 1.482136174424575261e-03 
-2.550655325337269019e+00 -5.110353096221676994e-01 9.907229145650063573e-02 8.315491065441410967e+01 1.890480700038477645e-03 
-2.253177981572627164e+00 -4.545330891082152713e-01 8.607190186036239865e-02 8.164197768180505932e+01 1.559227528735590736e-03 
-2.109044910177862331e+00 -5.390157862101934150e-01 8.633505714970149403e-02 8.198544656864532953e+01 1.403183183040398498e-03 
-1.980827725232200409e+00 -5.552196864485090533e-01 8.532983412935006562e-02 8.027904715757435383e+01 1.277816328795946393e-03 
-1.926335937069223236e+00 -6.233967022754816067e-01 8.578625794460557896e-02 7.744009863207564592e+01 1.146901858160967718e-03 
-1.920020451430659358e+00 -6.083141039369788228e-01 9.665742098037405361e-02 7.012476419149605533e+01 9.691472143423887371e-04 
-2.417448355540796623e+00 -6.351878951799190265e-01 9.590601812476855226e-02 7.125043606122669360e+01 1.098416402599278630e-03 
-2.606582688193052277e+00 -6.843293410017026179e-01 9.249773614743145300e-02 6.970839939519535733e+01 1.442054968535695994e-03 
-2.905019988769540262e+00 -7.129006831120062726e-01 9.892487391773555072e-02 6.717697088386466930e+01 2.069548863167606882e-03 
-2.809379041347027428e+00 -7.219116283148010460e-01 9.364207740190953755e-02 7.162521420828876728e+01 1.411865917632522480e-03 
-2.809379041347027428e+00 -7.219116283148010460e-01 9.364207740190953755e-02 7.162521420828876728e+01 1.411865917632522480e-03 
-2.809379041347027428e+00 -7.219116283148010460e-01 9.364207740190953755e-02 7.162521420828876728e+01 1.411865917632522480e-03 
-2.744281996138179025e+00 -8.140581979988406047e-01 8.988127831467321305e-02 7.386139154092160197e+01 1.303628068861425711e-03 
-2.576726528553162865e+00 -7.910756171090445044e-01 9.437558589409918153e-02 7.546104895300899784e+01 1.052569967557718785e-03 
-2.358467120896877489e+00 -8.010002033636129948e-01 1.005174244677410900e-01 7.796471844147386321e+01 1.091093483405129738e-03 
-2.344359413270657111e+00 -9.163465635913643492e-01 1.078498568071704217e-01 7.539537362269267362e+01 1.004921416625844917e-03 
-2.344359413270657111e+00 -9.163465635913643492e-01 1.078498568071704217e-01 7.539537362269267362e+01 1.004921416625844917e-03 
-2.344359413270657111e+00 -9.163465635913643492e-01 1.078498568071704217e-01 7.539537362269267362e+01 1.004921416625844917e-03 
-2.603160576155323369e+00 -8.736528030794732391e-01 1.060863655279958156e-01 7.306395936629944288e+01 9.021513775554443901e-04 
-2.570411360154246871e+00 -8.016205942054585032e-01 1.082929727588614749e-01 7.822801927820482604e+01 1.266010467954101822e-03 
-2.567636073868091007e+00 -8.101947761371506296e-01 1.021892936833127263e-01 7.512516365279053332e+01 9.709968196196828993e-04 
-2.229398580312348166e+00 -8.103088321978041408e-01 1.028528094715550900e-01 8.199116792430632472e+01 1.521353828119855270e-03 
-2.592258156060255558e+00 -7.596796771232809942e-01 8.941807048084557397e-02 8.275281343087492303e+01 1.310273421753309613e-03 
-2.901192502183342903e+00 -7.176608462259728149e-01 9.539006329416359342e-02 8.161017662369707182e+01 9.560303592748264348e-04 
-2.901192502183342903e+00 -7.176608462259728149e-01 9.539006329416359342e-02 8.161017662369707182e+01 9.560303592748264348e-04 
-2.969528780488254416e+00 -7.330221648165200499e-01 9.396027132518743052e-02 8.588771481825739329e+01 9.440153317124397227e-04 
-2.915621192647134485e+00 -6.808463221246978669e-01 9.884294527053037738e-02 8.642460603685110243e+01 1.076545483645794136e-03 
-2.917489970019469858e+00 -6.644368733864605137e-01 9.173663884602899221e-02 8.805544713767844200e+01 1.054570252829552766e-03 
-2.901828828674135607e+00 -6.755836811331975555e-01 8.364863323771482007e-02 8.928958189715247329e+01 1.157518316791833609e-03 
-2.914374084152254962e+00 -6.692369282118416640e-01 8.877161878222028513e-02 9.136472272258367866e+01 1.196577949552746212e-03 
-2.763460738680887818e+00 -6.467975214116842286e-01 7.979966986400303941e-02 9.460737763162585168e+01 1.971012024246931137e-03 
-2.887568804633219521e+00 -6.181767555763582056e-01 7.706960561662636044e-02 9.406090907668176726e+01 1.374192659872406058e-03 
-3.024808982051393702e+00 -6.336602347889443987e-01 8.286480542016141926e-02 9.093782165465691492e+01 1.248700209754769266e-03 
-3.085478462936540378e+00 -6.956871744864757678e-01 8.705791461153250532e-02 9.456013640174144541e+01 1.082839747056593607e-03 
-3.083960496016396213e+00 -7.066661829136980932e-01 8.240725471954259140e-02 9.107374116457687308e+01 1.329866786502605525e-03 
-3.193828369600099748e+00 -7.071571180570322968e-01 9.052601351063760404e-02 9.168880359286090709e+01 1.291421762610419971e-03 
-3.193828369600099748e+00 -7.071571180570322968e-01 9.052601351063760404e-02 9.168880359286090709e+01 1.291421762610419971e-03 
-3.193828369600099748e+00 -7.071571180570322968e-01 9.052601351063760404e-02 9.168880359286090709e+01 1.291421762610419971e-03 
-3.165108053446948677e+00 -7.115808496926826487e-01 9.085877962821738152e-02 9.201048118999960934e+01 1.187103948539228182e-03 
-3.042761863259987987e+00 -7.459896484774499736e-01 8.265418629854673349e-02 9.435137025125773391e+01 1.117155470622462543e-03 
-3.042761863259987987e+00 -7.459896484774499736e-01 8.265418629854673349e-02 9.435137025125773391e+01 1.117155470622462543e-03 
-3.042761863259987987e+00 -7.459896484774499736e-01 8.265418629854673349e-02 9.435137025125773391e+01 1.117155470622462543e-03 
-3.042761863259987987e+00 -7.459896484774499736e-01 8.265418629854673349e-02 9.435137025125773391e+01 1.117155470622462543e-03 
-2.981079329763665964e+00 -6.647188555648703145e-01 7.612970725796512628e-02 9.489252686991696351e+01 1.256618546505838558e-03 
-2.999274824970950881e+00 -6.465543437999404786e-01 7.526298804700169709e-02 9.501101609228507527e+01 1.324327745991334820e-03 
-2.999274824970950881e+00 -6.465543437999404786e-01 7.526298804700169709e-02 9.501101609228507527e+01 1.324327745991334820e-03 
-3.012407645348726071e+00 -6.872728711217194197e-01 7.639844179261873203e-02 9.419753322254405248e+01 1.288331161022035747e-03 
-2.888946125441744339e+00 -6.826574999622234685e-01 8.038690339568968501e-02 9.160379216370085942e+01 1.286687049337599011e-03 
-2.888946125441744339e+00 -6.826574999622234685e-01 8.038690339568968501e-02 9.160379216370085942e+01 1.286687049337599011e-03 
-3.122746825763375700e+00 -7.471476646802825972e-01 8.534721638781365971e-02 9.416578302587574001e+01 1.179965084572545848e-03 
-3.434756959872119708e+00 -7.328189063886368926e-01 9.261960306525039710e-02 9.572477917891802690e+01 1.654136852248487555e-03 
-3.498802960187136879e+00 -7.543741491467301774e-01 1.032179426506608516e-01 8.924248934564613478e+01 1.290759077278439988e-03 
-3.592605191548866816e+00 -7.645147151075066816e-01 1.024935311977013680e-01 8.771114347640126141e+01 1.317363090934930807e-03 
-3.377420583285945632e+00 -7.509835347087994162e-01 9.565776709966669622e-02 9.415142456815826222e+01 1.542310631097181320e-03 
-3.377420583285945632e+00 -7.509835347087994162e-01 9.565776709966669622e-02 9.415142456815826222e+01 1.542310631097181320e-03 
-3.286067721519061458e+00 -7.792841908112073668e-01 9.885075241238890087e-02 9.141561939899204958e+01 1.264534453144000939e-03 
-3.209582952515577681e+00 -7.568236523538239835e-01 1.022267828193723360e-01 9.045051348255579171e+01 1.075992934529895317e-03 
-3.101727877358244179e+00 -8.611177251361279428e-01 8.612961658157498868e-02 9.549411270869359214e+01 1.243421678085325933e-03 
-3.101727877358244179e+00 -8.611177251361279428e-01 8.612961658157498868e-02 9.549411270869359214e+01 1.243421678085325933e-03 
-3.309083976793829152e+00 -8.772103825186934323e-01 8.288440642994018837e-02 9.854676720541345958e+01 1.799141585740772487e-03 
-2.939772749235757043e+00 -9.068444775396988788e-01 8.301806440906991935e-02 9.609584005123609529e+01 1.624063887265279719e-03 
-2.898339877645585538e+00 -9.383474849550345054e-01 7.989739541280194146e-02 9.648063192007337818e+01 1.764883987387614022e-03 
-2.979572376483901053e+00 -9.013488470542817543e-01 7.569521713091682813e-02 1.006517810401706612e+02 1.717869363289678628e-03 
-2.982252872622768169e+00 -9.543776922700641929e-01 8.503980440342527591e-02 9.582990749710405964e+01 1.569605811151419863e-03 
-3.129979778543089619e+00 -8.640247036894656008e-01 8.643462339446103537e-02 9.448443799955481381e+01 1.224355768385830979e-03 
-3.129979778543089619e+00 -8.640247036894656008e-01 8.643462339446103537e-02 9.448443799955481381e+01 1.224355768385830979e-03 
-2.891348751007258411e+00 -9.080142572105771581e-01 8.969068499063487243e-02 9.235984289937303515e+01 1.626867059905276643e-03 
-2.891348751007258411e+00 -9.080142572105771581e-01 8.969068499063487243e-02 9.235984289937303515e+01 1.626867059905276643e-03 
-3.100974900301613602e+00 -8.444973159653984540e-01 8.808118487507149430e-02 9.012422685021047641e+01 1.069957421479684773e-03 
-3.100974900301613602e+00 -8.444973159653984540e-01 8.808118487507149430e-02 9.012422685021047641e+01 1.069957421479684773e-03 
-2.868154462611956834e+00 -8.776256789614234055e-01 8.445354790133777212e-02 8.542189145910748493e+01 1.162186842217799356e-03 
-2.715528420168701995e+00 -8.377224870800473733e-01 8.862762766082897536e-02 8.918343469238949694e+01 1.690699779179146919e-03 
-3.164739386699331636e+00 -8.903446591140157240e-01 8.239960357222492204e-02 9.371933606901232849e+01 1.325534020407193904e-03 
-3.380205327807102922e+00 -9.103781290113572844e-01 8.939842379425604058e-02 9.554084213545668547e+01 1.714944087446069847e-03 
-3.355280020236991678e+00 -9.081472796633759392e-01 8.148651862878249219e-02 1.003969254996965930e+02 2.031335452719662538e-03 
-3.215390024490151877e+00 -8.975366367757373620e-01 8.591214514509017131e-02 9.640091181008250487e+01 1.490182929487404630e-03 
-3.130355695449634545e+00 -9.326890774949729845e-01 7.975112887885851820e-02 9.528266778070739917e+01 1.361509935826244518e-03 
-3.165284956421397400e+00 -9.037532778025653135e-01 7.812623122021469801e-02 9.830209114606273602e+01 1.538717650841662458e-03 
-3.165284956421397400e+00 -9.037532778025653135e-01 7.812623122021469801e-02 9.830209114606273602e+01 1.538717650841662458e-03 
-2.929429116860823523e+00 -8.583220645097764390e-01 7.839152903821790253e-02 9.786743011916595947e+01 1.664674802052695628e-03 
-2.918681096319302615e+00 -9.225268491772117274e-01 8.164945119948355257e-02 1.007623285987383639e+02 2.230045594714419148e-03 
-3.310647593220195972e+00 -9.193456146821616937e-01 7.250341937086215993e-02 1.008438341054644667e+02 2.083035104341541925e-03 
-3.405017009969844466e+00 -8.915962744651726446e-01 7.755828441407242035e-02 9.927399233485401453e+01 1.996683881955146032e-03 
-3.405017009969844466e+00 -8.915962744651726446e-01 7.755828441407242035e-02 9.927399233485401453e+01 1.996683881955146032e-03 
-3.256691168754064503e+00 -9.084987094249428186e-01 7.049617902623057930e-02 9.967017410769717856e+01 2.019176867309825651e-03 
-3.197249524432433709e+00 -8.451534525206589876e-01 6.919420293275191369e-02 1.025915961584567242e+02 1.982683674608611002e-03 
-3.197249524432433709e+00 -8.451534525206589876e-01 6.919420293275191369e-02 1.025915961584567242e+02 1.982683674608611002e-03 
-3.182296367886283672e+00 -8.122689114274728173e-01 6.799408734705347790e-02 1.019405420573309868e+02 2.005692232723884326e-03 
-3.492059971243875793e+00 -8.110820059550954975e-01 7.387263036430018193e-02 1.054245993300205555e+02 2.422534433888158534e-03 
-3.924220484407383580e+00 -8.342163187195668073e-01 6.633130693448849313e-02 1.049607301628323910e+02 2.680870410171327586e-03 
-4.066786361698222052e+00 -8.306174485939430419e-01 5.555268371401760746e-02 1.109039014687225659e+02 3.278527800882851187e-03 
-4.019700446713771136e+00 -8.892061370763344463e-01 5.722121755294980877e-02 1.099859014820733165e+02 3.160599027756451698e-03 
-4.052324745490304636e+00 -9.013406365449401214e-01 4.869720690197149038e-02 1.105263195859176051e+02 3.741930557168777344e-03 
-4.150443053006795502e+00 -9.125053121801728340e-01 4.554394622952510213e-02 1.143510800089250523e+02 3.968834378312016339e-03 
-4.030437025910839743e+00 -8.584195921094504023e-01 5.659369236772236050e-02 1.114558786074358636e+02 3.278252879711703385e-03 
-4.081707976636063329e+00 -8.879022807548538898e-01 6.873420315729233954e-02 1.082291737362482706e+02 2.855329397946524024e-03 
-3.832473915042604151e+00 -9.443748033152540300e-01 6.475867723258670050e-02 1.040217406017549422e+02 2.622881380405945977e-03 
-3.754225954747874461e+00 -9.461108331266724347e-01 7.605412180281863332e-02 1.060819703617882368e+02 2.792717109892930809e-03 
-3.789948825156876033e+00 -9.057687353585700540e-01 7.869750277228118596e-02 1.069533069829981429e+02 2.954358442604504073e-03 
-4.087842387594570859e+00 -9.636853551587430955e-01 7.357527081474184161e-02 1.085688103999754333e+02 3.111506675263532584e-03 
-3.821941656127316733e+00 -9.493736228418937495e-01 6.776341374011281282e-02 1.026252414825584083e+02 2.456126326971237728e-03 
-3.578215290359854972e+00 -9.875111555341745673e-01 7.702869023832112361e-02 1.075224014774171621e+02 2.965269322654503353e-03 
-3.466744744370906517e+00 -9.316975306248604927e-01 7.167849241780263614e-02 1.089709217900683029e+02 2.813104333537602350e-03 
-3.503944254424804061e+00 -9.305645030105577087e-01 7.807625790367132834e-02 1.087402841302920109e+02 2.981894894098036618e-03 
-3.570802550998658731e+00 -9.724872325496787262e-01 8.096136757374032544e-02 1.029693412131974526e+02 2.475101596411582831e-03 
-3.708523459516884113e+00 -9.445641316350912309e-01 8.355978882327259882e-02 1.037259107109203882e+02 2.739837856064763523e-03 
-3.417686616569367342e+00 -9.336717915128195378e-01 7.835341725620313669e-02 1.061167838532366972e+02 2.641212479209347104e-03 
-3.084446756215452723e+00 -9.985631390644020833e-01 7.145892317423760409e-02 1.057293426314386409e+02 2.059292167196659189e-03 
-2.939992130407159010e+00 -9.218554627410886493e-01 7.336357307197521882e-02 1.016260544243046837e+02 1.942960114974082858e-03 
-2.939992130407159010e+00 -9.218554627410886493e-01 7.336357307197521882e-02 1.016260544243046837e+02 1.942960114974082858e-03 
-3.220396527082896476e+00 -9.457987086216304018e-01 6.937403433203501169e-02 1.015046858591588688e+02 2.005492364927004625e-03 
-3.220396527082896476e+00 -9.457987086216304018e-01 6.937403433203501169e-02 1.015046858591588688e+02 2.005492364927004625e-03 
-2.970142263209343714e+00 -1.003278866314440299e+00 6.991545559751902172e-02 1.019244456147819307e+02 1.906822641382122617e-03 
-3.218471502662011652e+00 -1.030801039990483670e+00 7.244836981715191415e-02 9.838652912890867697e+01 1.812655050632391331e-03 
-2.939355813458234046e+00 -1.044731308551021032e+00 8.049797089760513114e-02 9.845442841133365164e+01 1.952911076866026448e-03 
-2.939355813458234046e+00 -1.044731308551021032e+00 8.049797089760513114e-02 9.845442841133365164e+01 1.952911076866026448e-03 
-2.939355813458234046e+00 -1.044731308551021032e+00 8.049797089760513114e-02 9.845442841133365164e+01 1.952911076866026448e-03 
-3.227951137945735294e+00 -1.047255438389605997e+00 8.779530410850124034e-02 9.250657407067954807e+01 1.400642407030816289e-03 
-3.083502716731267856e+00 -1.100216922327893698e+00 8.403293388845077538e-02 9.411754988885489581e+01 1.415191237086577472e-03 
-3.083502716731267856e+00 -1.100216922327893698e+00 8.403293388845077538e-02 9.411754988885489581e+01 1.415191237086577472e-03 
-2.927519101101439869e+00 -1.114320551817516547e+00 9.031076488930647739e-02 9.541547763947332328e+01 2.091533868799405702e-03 
-2.924359938991942354e+00 -1.030811769876994299e+00 9.064521388125315604e-02 9.447303568061570900e+01 1.916277347317597510e-03 
-2.924359938991942354e+00 -1.030811769876994299e+00 9.064521388125315604e-02 9.447303568061570900e+01 1.916277347317597510e-03 
-3.115420633822964191e+00 -1.137375130595213113e+00 8.113579068246327963e-02 9.979536775084767442e+01 1.922952193164330359e-03 
-3.082409230113160703e+00 -1.157291850686340551e+00 7.071970281862342833e-02 9.986492687266517976e+01 1.789653863437486864e-03 
-3.023541460406574011e+00 -1.103907116720549419e+00 7.705607859905683199e-02 1.006388979734605442e+02 1.922143657837420243e-03 
-3.023541460406574011e+00 -1.103907116720549419e+00 7.705607859905683199e-02 1.006388979734605442e+02 1.922143657837420243e-03 
-3.009368591968150763e+00 -1.163444387166730376e+00 7.858539115521197271e-02 9.821893149648664689e+01 1.809972880729596861e-03 
-2.866571326158134703e+00 -1.200447867880657604e+00 7.415407149060777858e-02 9.349938273195638772e+01 1.639367876997996874e-03 
-2.838093858049137719e+00 -1.217620804372580690e+00 8.696567303253702197e-02 9.369025847600073575e+01 1.961936580333848313e-03 
-2.838093858049137719e+00 -1.217620804372580690e+00 8.696567303253702197e-02 9.369025847600073575e+01 1.961936580333848313e-03 
-2.744269241542463877e+00 -1.187339387231406196e+00 8.202139674347444509e-02 9.440169916129491412e+01 1.981385109440274121e-03 
-2.486219205581620351e+00 -1.140340747055178072e+00 7.303372907551529403e-02 9.124935267000242334e+01 1.692573109161358072e-03 
-2.611355262043081993e+00 -1.210197829070050801e+00 6.923542959593892432e-02 9.328456088793356571e+01 1.845093685285622426e-03 
-2.500249910687611710e+00 -1.153549029364330236e+00 7.631614186381643905e-02 9.177595572660310097e+01 1.702941036262753567e-03 
-2.566063235097705064e+00 -1.183835998615611507e+00 8.099666356884001328e-02 9.112240277311761361e+01 1.684838917256723835e-03 
-2.561856024713649038e+00 -1.187310131165175031e+00 8.931954983376851065e-02 8.910869843096948273e+01 1.683286810110335568e-03 
-2.392568339415192646e+00 -1.175950463960098391e+00 8.990946733334155561e-02 8.897517667504631333e+01 1.698348555576669004e-03 
-2.295700861851328156e+00 -1.176077402699765351e+00 8.115527059441274282e-02 8.793259290363438652e+01 1.435602517095992126e-03 
-2.431096385673099380e+00 -1.165629604827256527e+00 8.360863787971659078e-02 8.882851267620013402e+01 1.530641991683966401e-03 
-2.299920829058283545e+00 -1.082914828094979409e+00 8.328893028451918312e-02 8.443270010546628157e+01 1.267268073203818221e-03 
-2.290592621016365182e+00 -1.086827153027716042e+00 8.351313949325987751e-02 8.864546978971908686e+01 1.529104741280572829e-03 
-2.290592621016365182e+00 -1.086827153027716042e+00 8.351313949325987751e-02 8.864546978971908686e+01 1.529104741280572829e-03 
-2.185067510647386246e+00 -1.035265957256604530e+00 8.237094111893862591e-02 9.107761245314570431e+01 1.753779912459273518e-03 
-2.185067510647386246e+00 -1.035265957256604530e+00 8.237094111893862591e-02 9.107761245314570431e+01 1.753779912459273518e-03 
-1.873388503080638312e+00 -1.130510955771264481e+00 7.752402357082863182e-02 9.429078372836018218e+01 1.966172847203628837e-03 
-1.779579370826469331e+00 -1.158244864464966328e+00 7.337924274624919863e-02 8.703643328102256760e+01 1.520648077315510209e-03 
-1.779579370826469331e+00 -1.158244864464966328e+00 7.337924274624919863e-02 8.703643328102256760e+01 1.520648077315510209e-03 
-1.568583693299209880e+00 -1.201114753954763303e+00 6.607323349212974872e-02 8.834092528351546036e+01 1.877956110231545316e-03 
-1.815560995427421442e+00 -1.205545758888567187e+00 6.495149212879201828e-02 9.323002711446336832e+01 1.952285415492900286e-03 
-2.252117559724775120e+00 -1.157465970628491325e+00 6.165878997180022913e-02 9.413052488902496862e+01 2.157700958705416512e-03 
-2.306855457583262936e+00 -1.174680649633281337e+00 5.873498305043392542e-02 1.021870163898997106e+02 2.568308375065519490e-03 
-2.509081414364800811e+00 -1.221157641287355045e+00 5.440359248810445331e-02 1.063568092535751646e+02 2.963165507379461605e-03 
-2.489934369724366992e+00 -1.271558462140806922e+00 5.294292114312013769e-02 1.097619777604261913e+02 3.235674887018560181e-03 
-2.730156443766848628e+00 -1.314927515307800832e+00 4.658241148678593513e-02 1.057031247089048662e+02 3.443252253321535568e-03 
-2.573638957848615849e+00 -1.374681419339807809e+00 4.391471552538792761e-02 1.050840036017786900e+02 3.797046313872184421e-03 
-2.226514333441814486e+00 -1.413664713266739925e+00 4.719348151960590237e-02 1.090579096446532219e+02 3.415461959144516259e-03 
-2.158028811437679551e+00 -1.394767797717543223e+00 5.178344471316086856e-02 1.095413246600424060e+02 3.204285489251255253e-03 
-1.948844364712107202e+00 -1.364149981429563008e+00 4.960693186912741581e-02 1.076124149033069699e+02 3.195634379990349230e-03 
-1.486097394619536161e+00 -1.398481640193566466e+00 5.102024658064082535e-02 1.109253835706596760e+02 3.364096000303013270e-03 
-1.570422259338698945e+00 -1.416609040074177983e+00 5.079575461357662552e-02 1.102071433198826611e+02 3.301989731052017499e-03 
-1.250931097340135301e+00 -1.405794533127098234e+00 4.909363464597616550e-02 1.124490825771235336e+02 3.554864112011453525e-03 
-9.093200305998563326e-01 -1.422843043862371815e+00 4.361847804475527807e-02 1.084726702803978782e+02 3.740357498807040521e-03 
-1.123021403072998359e+00 -1.404575922847056235e+00 3.975022174400082153e-02 1.151399715243990585e+02 4.276649326308175347e-03 
-9.115955532379949044e-01 -1.440942524032771566e+00 4.095509966564903070e-02 1.169623674880054125e+02 4.251500746864077598e-03 
-1.077598494232339332e+00 -1.415699447587132953e+00 3.635981062257223617e-02 1.206908613763387734e+02 4.813735554723457682e-03 
-1.017313843381358662e+00 -1.418636054253562095e+00 4.564343751955923095e-02 1.216274247680201199e+02 4.547157074103486823e-03 
-8.293782829874947193e-01 -1.448021747496257561e+00 4.909312459030374526e-02 1.228539097583086601e+02 4.846297468736540312e-03 
-9.618560971033449647e-01 -1.496909655937153083e+00 5.177982010849786071e-02 1.239708904565834047e+02 5.132075033089298494e-03 
-1.280013711434889956e+00 -1.445800928439253008e+00 5.095977975890027267e-02 1.285275777722422674e+02 5.852762397012524487e-03 
-1.287029857892196372e+00 -1.514007528986722528e+00 5.562402766720687952e-02 1.340545550822951952e+02 7.388747291437239989e-03 
-1.428889383871200236e+00 -1.585961025328289642e+00 4.539941432069329735e-02 1.395781589471963002e+02 7.324390977536978514e-03 
-1.323889368355218865e+00 -1.596863756463522410e+00 4.202121431377257854e-02 1.316969425969230372e+02 5.679690714090798037e-03 
-1.326723764587606658e+00 -1.529710680662739408e+00 3.866499005786668691e-02 1.323317442957457502e+02 5.674160500320246311e-03 
-1.326723764587606658e+00 -1.529710680662739408e+00 3.866499005786668691e-02 1.323317442957457502e+02 5.674160500320246311e-03 
-1.343987820283540247e+00 -1.477750541296668940e+00 3.929131244739716977e-02 1.325120968274289908e+02 5.733697833318472659e-03 
-1.341301259275747393e+00 -1.529503490404563903e+00 3.731109692969646063e-02 1.386942722515520643e+02 6.517025581330705003e-03 
-1.606891421092086825e+00 -1.533020865231776719e+00 4.737689539796074295e-02 1.372267965262897178e+02 7.061056139850207386e-03 
-1.755932669712657379e+00 -1.497105890119814431e+00 4.483663701995021372e-02 1.389080252790370196e+02 7.113253308906046513e-03 
-1.628373093354100742e+00 -1.600718018453639813e+00 3.360432310273117618e-02 1.433397689659926471e+02 6.945876826507536156e-03 
-1.628373093354100742e+00 -1.600718018453639813e+00 3.360432310273117618e-02 1.433397689659926471e+02 6.945876826507536156e-03 
-1.595533869907163282e+00 -1.599765372934502716e+00 3.468803368757370637e-02 1.554106477687323320e+02 9.111502578983269804e-03 
-1.537757975165592983e+00 -1.534431063181379562e+00 2.866110279412310835e-02 1.571947914113061984e+02 8.777458198056255559e-03 
-1.334708061531903356e+00 -1.446885548016824785e+00 3.263131213038581585e-02 1.606582766353664908e+02 1.001313688991747365e-02 
-1.493928248861865260e+00 -1.374727383744329012e+00 1.868227596837249496e-02 1.603338253476339617e+02 8.993403088864112757e-03 
-1.546237633060226768e+00 -1.360662698717842956e+00 8.498693573141544513e-03 1.578102610108508657e+02 1.140028966254092758e-02 
-1.576436945401287648e+00 -1.396582167550720621e+00 8.897172078326041900e-03 1.567358599343594392e+02 1.126638570968825637e-02 
-1.717294679836306237e+00 -1.351868112403742828e+00 1.511835014930178883e-02 1.578128388406498743e+02 9.320989511185616416e-03 
-1.743761546276317409e+00 -1.372086689193934061e+00 1.809013072379976605e-02 1.548417067763455464e+02 8.660839308739605100e-03 
-1.881351303194071622e+00 -1.336704933967972631e+00 1.617590899743959892e-02 1.484572426767324771e+02 8.891672435442497802e-03 
-1.688676999086367259e+00 -1.348052080139698683e+00 1.720902971010940252e-02 1.505335523457040949e+02 8.665362032387892086e-03 
-1.842009365301629398e+00 -1.347841855675620204e+00 1.818953097356013071e-02 1.506698329972930992e+02 8.465434454609616424e-03 
-1.816284707054191205e+00 -1.340572872741944588e+00 2.308935291094548620e-02 1.454505290758518754e+02 7.480599387811173034e-03 
-1.750394841284722780e+00 -1.344714288526953405e+00 1.259924335250196294e-02 1.462563625412261388e+02 1.009274732153949555e-02 
-2.096039986350465512e+00 -1.398432578264456438e+00 2.061772156701634218e-02 1.456528722587226525e+02 7.842694056678554959e-03 
-2.315730921506294671e+00 -1.447815087364280551e+00 2.041427577399962043e-02 1.466030587429049206e+02 7.915902450107514463e-03 
-2.526325855443211310e+00 -1.462552669662837257e+00 1.896396967819678411e-02 1.458707148241399523e+02 8.204436348486689873e-03 
-2.508512929699641347e+00 -1.428320171436811004e+00 2.067228804797252920e-02 1.428779798889367214e+02 7.788039506504173745e-03 
-2.713762132026617646e+00 -1.462864831389251385e+00 2.740341713024582043e-02 1.412785875801850182e+02 6.735520484477250033e-03 
-2.740653443838309666e+00 -1.418059426163615910e+00 2.403892454114253674e-02 1.367538602656304647e+02 6.975050111504395994e-03 
-2.542118216410761189e+00 -1.389317191262092077e+00 2.107794302336621697e-02 1.385564090087268596e+02 7.666281294686503114e-03 
-2.305530997980227870e+00 -1.365814586956080046e+00 1.889991066007974674e-02 1.391210655426558560e+02 8.210953924235911763e-03 
-2.305530997980227870e+00 -1.365814586956080046e+00 1.889991066007974674e-02 1.391210655426558560e+02 8.210953924235911763e-03 
-2.285910236476688340e+00 -1.342258410709093575e+00 1.697763976070070652e-02 1.424632811387707250e+02 8.723919525633824779e-03 
-2.429489154338019041e+00 -1.433637307903131708e+00 9.430573298028228219e-03 1.379297621351380201e+02 1.179453179685728027e-02 
-2.665155584244760512e+00 -1.459823235724170720e+00 2.060788306871506187e-02 1.440944233751280308e+02 7.810544842847618949e-03 
-2.843803685841076234e+00 -1.386601996925213243e+00 3.103978350980666004e-02 1.483648161189105110e+02 7.275876184072962299e-03 
-3.038224464332381913e+00 -1.403580041106398557e+00 4.330721147892342693e-02 1.531600809318095457e+02 8.836437069984008977e-03 
-3.192406254123068887e+00 -1.348879184516918572e+00 4.858447376503038928e-02 1.461480371601798822e+02 7.992686919187750802e-03 
-3.215195621449895569e+00 -1.348736350017566865e+00 5.490290679780902156e-02 1.429291714429087108e+02 8.091883024988923492e-03 
-3.023382749438660255e+00 -1.282997277473815201e+00 5.591502124986497124e-02 1.454945795582577546e+02 8.627758988132516044e-03 
-3.072532507473127783e+00 -1.267141556830386095e+00 6.190977626755748281e-02 1.444233600309728729e+02 8.922357119278261431e-03 
-2.868082528489268146e+00 -1.297547441639047561e+00 5.712891363590177213e-02 1.435922101263676325e+02 9.050325144229640073e-03 
-2.690398568267920787e+00 -1.298649246524420375e+00 6.507608468257521095e-02 1.517285177407855770e+02 1.209141042402404886e-02 
-2.665934462509362834e+00 -1.267604128793250018e+00 6.661672695992881810e-02 1.529006610469421048e+02 1.251434277416212278e-02 
-2.587837194009830366e+00 -1.255301724493687487e+00 5.660202998661359453e-02 1.569773595074372281e+02 1.244724553922742921e-02 
-2.744737394721129764e+00 -1.183743571864685595e+00 5.448668500715634494e-02 1.561953331315047251e+02 1.185590446792852623e-02 
-2.887188135184506343e+00 -1.151128938187215178e+00 5.084455627266686734e-02 1.570858214105730895e+02 1.096370896861558440e-02 
-3.098481807942756738e+00 -1.152766496823573128e+00 4.989402702061017381e-02 1.575711048505672807e+02 9.867141840194595601e-03 
-3.317201906077018148e+00 -1.076820699221788580e+00 4.843328571837159091e-02 1.613202997798224771e+02 1.075674237709211417e-02 
-3.380704404615556768e+00 -1.116145657410202663e+00 4.668559331051656824e-02 1.628485138814238837e+02 1.109033181253746801e-02 
-3.525247816821817093e+00 -1.097404301035006746e+00 5.204252069456895280e-02 1.550653232557344552e+02 1.014253535969035849e-02 
-3.373294674307655505e+00 -1.124350832856834126e+00 5.822184525989679976e-02 1.519181299386295052e+02 1.019403302516629257e-02 
-3.602663149577830293e+00 -1.115717636638513977e+00 4.428582586224847489e-02 1.535787204586480357e+02 9.065922926399650264e-03 
-3.899405889008557224e+00 -1.085370404601656569e+00 5.067624693289923821e-02 1.529709979659561441e+02 9.856416761772079232e-03 
-3.845712317507963274e+00 -1.014414648205492098e+00 6.233776877301460545e-02 1.509684384883504151e+02 1.063488459027716465e-02 
-3.855620562315573263e+00 -1.018302981653538497e+00 7.771856192963817744e-02 1.516446550656551722e+02 1.222616159070801477e-02 
-3.693291130574314796e+00 -1.099612787184908180e+00 7.954752880920679114e-02 1.540111431770009176e+02 1.286859404713629890e-02 
-3.853465068395317328e+00 -1.110570047577038588e+00 8.414938979285636889e-02 1.588478359301088290e+02 1.414408449092293026e-02 
-3.959305962734800843e+00 -1.073366448526900552e+00 7.138173952473356176e-02 1.599858635911205624e+02 1.353932306789186989e-02 
-3.854158559973932974e+00 -1.105891208262939296e+00 6.276579652551658728e-02 1.575230744386906565e+02 1.229461197650350002e-02 
-3.770015537602955380e+00 -1.033118028243220854e+00 5.034569091527521523e-02 1.523577487068222922e+02 9.468812477097221167e-03 
-3.783064852561925484e+00 -9.659572846439408167e-01 6.081482071289428387e-02 1.506806924528936804e+02 1.019101982257263582e-02 
-4.004373464572504204e+00 -9.690291800144699152e-01 5.478090760920648061e-02 1.492449017434035454e+02 9.355209310534313288e-03 
-4.270026819612019686e+00 -1.008025388580888526e+00 4.560014982605822137e-02 1.432566909561416253e+02 7.133390109327062897e-03 
-4.089313928629091599e+00 -9.420976337357666042e-01 4.433749337149256453e-02 1.468285201771889490e+02 7.589460264342817730e-03 
-3.844108378061909637e+00 -1.021423811104893442e+00 5.558640316014899774e-02 1.469194364276525278e+02 8.995470830486110639e-03 
-3.847665420647076839e+00 -1.000921706707716963e+00 5.064580377028721214e-02 1.425793529417658476e+02 7.518451506193664022e-03 
-3.821888117093094284e+00 -1.034599073239895528e+00 5.827678661605432964e-02 1.392245806424052432e+02 7.656569632914405135e-03 
-3.858759093458401956e+00 -1.017362206254599277e+00 5.043026917573642520e-02 1.419142025683117936e+02 7.404187520496128411e-03 
-3.984839675532457992e+00 -1.017163314950748632e+00 4.945308689234572536e-02 1.441359024377058802e+02 7.759072297748810521e-03 
-4.041581703436542661e+00 -1.078958340552884643e+00 4.703769722580156132e-02 1.388040741970456509e+02 6.604330602456022839e-03 
-4.228880598069165053e+00 -1.159280617629849797e+00 4.693880009944529502e-02 1.391577760535371908e+02 6.715820444091505706e-03 
-4.162279723777453810e+00 -1.143702423300581694e+00 3.650582531175737555e-02 1.333713620634966901e+02 5.522214907624972691e-03 
-4.191146717602785898e+00 -1.130204440654379416e+00 3.903880900046167307e-02 1.306831253083175852e+02 5.181067348908335521e-03 
-4.191146717602785898e+00 -1.130204440654379416e+00 3.903880900046167307e-02 1.306831253083175852e+02 5.181067348908335521e-03 
-4.140600485610108628e+00 -1.129372578192555432e+00 4.078740177137796935e-02 1.280896208053964074e+02 4.930106534182250588e-03 
-3.953335957446145965e+00 -1.143491139023034897e+00 3.699399047416535719e-02 1.294444223577995103e+02 5.323709423287104406e-03 
-4.188352415556835240e+00 -1.144397300901987213e+00 4.204515121025111796e-02 1.321523724074917254e+02 5.330839643084551299e-03 
-4.358482285629881048e+00 -1.127056852593646408e+00 4.122002162539415565e-02 1.346069175374672113e+02 5.540115150706563518e-03 
-4.482302984760813125e+00 -1.086827498323400087e+00 4.581905367727755890e-02 1.299070014038193506e+02 4.991851745881865227e-03 
-4.477181077728232594e+00 -1.108151899144214747e+00 4.601629168079793969e-02 1.338153599456426548e+02 5.609738532669057698e-03 
-4.477181077728232594e+00 -1.108151899144214747e+00 4.601629168079793969e-02 1.338153599456426548e+02 5.609738532669057698e-03 
-4.368581521004466950e+00 -1.114457039886276535e+00 4.426022519466030203e-02 1.348694002927425970e+02 5.699198768172710275e-03 
-4.407331729236313222e+00 -1.177104354810895037e+00 5.896058049741828566e-02 1.299755751235665571e+02 6.103266536538094755e-03 
-4.272862352056238322e+00 -1.124485622089988590e+00 6.350376928065622206e-02 1.368109615905336511e+02 7.954193786826433896e-03 
-4.494708057445397031e+00 -1.137967376077994031e+00 6.253082241726813650e-02 1.361661103640518320e+02 7.725393913937637913e-03 
-4.258059006669585145e+00 -1.117127760424453387e+00 5.780161860316171407e-02 1.400748429648469369e+02 8.015055681160260237e-03 
-4.114980280255795542e+00 -1.092406470895263215e+00 6.953620475701634274e-02 1.478047588924795832e+02 1.092421730070015397e-02 
-4.114980280255795542e+00 -1.092406470895263215e+00 6.953620475701634274e-02 1.478047588924795832e+02 1.092421730070015397e-02 
-3.892581670943110694e+00 -1.083961577754841699e+00 6.600239639235808142e-02 1.434734975439343998e+02 9.552993633438023463e-03 
-3.881959369067902621e+00 -1.059828982571868750e+00 6.017771319359954685e-02 1.509744377256973280e+02 1.052117530556978715e-02 
-3.996011544832016149e+00 -1.135532029231363094e+00 6.740262210694356049e-02 1.502891868371898454e+02 1.129593994182408710e-02 
-4.243362945264544273e+00 -1.210044368359993072e+00 5.869766830505587091e-02 1.520922411239252767e+02 1.087946078638734985e-02 
-4.496345920471091162e+00 -1.218377394975734607e+00 6.114761272150492921e-02 1.525858667798165698e+02 1.126207377933143711e-02 
-4.495575740173858748e+00 -1.265125745357432718e+00 6.003100661974811181e-02 1.559226600347618330e+02 1.190927787306652295e-02 
-4.495575740173858748e+00 -1.265125745357432718e+00 6.003100661974811181e-02 1.559226600347618330e+02 1.190927787306652295e-02 
-4.457695091448034219e+00 -1.361703518381769396e+00 5.738802546302754909e-02 1.531924621008199949e+02 1.111348939622843444e-02 
-4.494844523877556064e+00 -1.356789949156477881e+00 5.423678780916505598e-02 1.484211042488449550e+02 9.677710427029858481e-03 
-4.589478508960192826e+00 -1.298840522020516364e+00 5.584182884550036724e-02 1.513125387807424147e+02 1.046049956735253979e-02 
-4.591222870439663595e+00 -1.396683951758161735e+00 5.788864971125504133e-02 1.562492066660181820e+02 1.186340703432528509e-02 
