-3.531000000000000139e+00 -8.794260000000000410e-01 1.320000000000000062e-01 7.281000000000000227e+01 3.149226078053489752e-01 
-3.516201978040324860e+00 -9.172477475526777946e-01 1.315774554255889905e-01 5.998210266498782772e+01 2.891651506749103318e-01 
-3.504314504652864759e+00 -8.384389930809494906e-01 1.313286108779198880e-01 6.218332779648446262e+01 3.517393702424531643e-01 
-3.503492340199590327e+00 -7.659980519308356994e-01 1.318864150645680244e-01 6.601211949611648322e+01 3.478105310462189514e-01 
-3.509845365652396687e+00 -7.899105846618981186e-01 1.273114904832813588e-01 6.301783705744773556e+01 3.918207370012857238e-01 
-3.498211329857669583e+00 -7.487949924831438508e-01 1.276596156019726702e-01 6.676656605686004298e+01 4.020812287363744186e-01 
-3.413571523823297760e+00 -7.144268877751662750e-01 1.128169046187284807e-01 6.266192702447111174e+01 1.500437352746941677e-01 
-3.467317714794656336e+00 -7.551613280608487910e-01 1.123714962314410482e-01 6.249071795875460111e+01 4.215641668048752400e-01 
-3.447839398538627531e+00 -7.377717179190289576e-01 1.104387699624233277e-01 6.666631844376047411e+01 2.809754257952987722e-01 
-3.550534450591504854e+00 -7.170939925412513904e-01 1.213479246022341751e-01 6.980543130355046344e+01 2.021238720234076192e-01 
-3.429881118914354321e+00 -7.230862696326620931e-01 1.253089598182027531e-01 6.853699342711817621e+01 2.050532240034897424e-01 
-3.542057167301152720e+00 -7.221007647669061003e-01 1.344881138008240384e-01 7.050922549018781638e+01 2.777476644696712516e-01 
-3.482050371858244286e+00 -7.247732602828248494e-01 1.303982159193048385e-01 7.003083895089581290e+01 3.828309592581811138e-01 
-3.433408115939212024e+00 -7.638566106715861670e-01 1.225954680549526388e-01 7.148472014669739849e+01 1.458104313790336837e-01 
-3.312222249050555067e+00 -7.672561146480690875e-01 1.253999665084493120e-01 6.953303807531685266e+01 7.103447078315827667e-02 
-3.394967906596491058e+00 -7.717335463261819628e-01 1.177212977640199609e-01 7.261230294923554140e+01 2.556179872421565635e-02 
-3.523717138040571850e+00 -6.867587931451566430e-01 1.095279864084704596e-01 7.469333695048852917e+01 2.398440671220988252e-01 
-3.537173823344602397e+00 -7.178457043166628360e-01 1.031983100673576209e-01 7.380844039079431695e+01 3.037246939091468589e-01 
-3.487426170365585332e+00 -7.610697513415232152e-01 1.026388910071421856e-01 7.589552035086383341e+01 4.609144104699699485e-01 
-3.473919836911902426e+00 -7.556102564015790835e-01 1.099658983769423448e-01 6.978728066356390514e+01 1.287470489905528093e-01 
-3.307282437352287108e+00 -7.132006483839757882e-01 1.124823269551900595e-01 6.639897869234590644e+01 1.119739811361659260e-02 
-3.393817677628863994e+00 -7.066375573072993799e-01 1.190092121472524356e-01 6.787512508355787588e+01 4.121126765751268600e-02 
-3.438819841686890033e+00 -6.826010553176281581e-01 1.165933300825661711e-01 7.024367205031603589e+01 3.286597387802104864e-01 
-3.452852705597271754e+00 -6.020988315211158737e-01 1.126645429792355324e-01 6.850040514320215834e+01 3.395267828642041241e-01 
-3.434189600891186522e+00 -5.816969780596097372e-01 1.192093999920825487e-01 6.787604971528020315e+01 4.231264017105239583e-01 
-3.470720980076388518e+00 -5.478273200587387981e-01 1.143618814828769314e-01 6.512288629063660039e+01 4.495312034054843586e-01 
-3.391662340114433238e+00 -5.211090562207978394e-01 1.149152842816893727e-01 6.223449711931217365e+01 2.976211413889116031e-01 
-3.443679791003738888e+00 -5.551373878584762167e-01 1.027013250323294685e-01 6.181767874422800446e+01 2.431619204695535386e-01 
-3.414043881547772052e+00 -5.899620785553695290e-01 9.269342899120858181e-02 5.901540138557093940e+01 3.626005504420789505e-01 
-3.430119610558267862e+00 -5.364603106293870383e-01 8.354469611194106915e-02 6.074169961852158650e+01 4.280758816573581593e-01 
-3.404944667375159106e+00 -4.812362141941375349e-01 9.039583099159990975e-02 6.385632407387706166e+01 2.518467777102397220e-01 
-3.440064957056452766e+00 -4.800741380618915866e-01 9.738945511924780585e-02 6.095153172098746808e+01 3.936238084310157981e-01 
-3.427887163955550154e+00 -5.524271130423620280e-01 8.993413187372603645e-02 6.291843005117809184e+01 1.843036462318784485e-01 
-3.411418265905329150e+00 -5.744333387520695888e-01 8.332063356058815040e-02 6.001104383696807787e+01 5.030218680444198398e-01 
-3.491794925679668982e+00 -6.199467590586971166e-01 7.799701827701442658e-02 5.731872640997437429e+01 8.477298995917509350e-01 
-3.390199006133683746e+00 -6.510536853385894274e-01 6.798535877100525537e-02 5.764749830913723372e+01 3.660650764056552764e-01 
-3.411641461484544724e+00 -6.164066151343561284e-01 7.108672117222358811e-02 6.161276484755408234e+01 4.998724872226803506e-01 
-3.531000000000000139e+00 -8.794260000000000410e-01 1.320000000000000062e-01 7.281000000000000227e+01 3.308349029131416597e-01 
-3.202220801439159992e+00 -7.871878971577428441e-01 1.215007253585420333e-01 7.518331318821172715e+01 2.878082271870257419e-02 
-3.196146580930706804e+00 -7.468777307868413873e-01 1.181209244306300615e-01 7.945836026500407456e+01 2.122179873710599435e-02 
-3.263421750491473539e+00 -6.963744944572307638e-01 1.219889356677739539e-01 8.178416762551421471e+01 5.493234452785662747e-03 
-3.267806429584807493e+00 -7.394079838002730609e-01 1.368504698760305005e-01 8.350253928714842289e+01 1.449082643221907482e-02 
-3.247384200027131573e+00 -6.726686080654596944e-01 1.327483773485824414e-01 8.090410579525516255e+01 8.045726058667381289e-03 
-3.421041492315286980e+00 -6.407891657833275634e-01 1.471906916898282347e-01 7.767137380369706534e+01 5.666707894149353858e-02 
-3.527522079605601935e+00 -6.361865832586598435e-01 1.546056200972902583e-01 7.946703977270013297e+01 8.677874259178022243e-01 
-3.510036477790895670e+00 -5.914626594620339128e-01 1.426014747051522202e-01 8.153689976466347389e+01 3.386230666970055370e-01 
-3.511579583273571892e+00 -5.866558416800029541e-01 1.454812175018893594e-01 7.982104443342979039e+01 5.532040549995828060e-01 
-3.471177380958331504e+00 -5.295433557251141288e-01 1.422894949370820949e-01 7.894874593428686183e+01 4.208782262184875833e-01 
-3.470605311641444146e+00 -4.940492982127396293e-01 1.331506423749445334e-01 7.928734182604044634e+01 3.416373271141899814e-01 
-3.512205024507002449e+00 -4.422639175130138045e-01 1.384387563373828955e-01 8.400947242512353341e+01 2.526166411731493033e-01 
-3.436317330220237221e+00 -4.592278369114239922e-01 1.379887710461354944e-01 8.049115154192945454e+01 3.826866919071796325e-01 
-3.382222533817427212e+00 -4.366979973033742191e-01 1.393584748929778683e-01 7.836697619519942748e+01 8.675553214527850776e-02 
-3.406263338747033576e+00 -4.132671075149624285e-01 1.361793153149673252e-01 7.422732743692719737e+01 2.644038427373595068e-01 
-3.443175275978921146e+00 -3.599593352395940582e-01 1.299939057101625051e-01 7.666399963182135480e+01 6.594252260812039079e-02 
-3.528237678283292489e+00 -3.657254151251162488e-01 1.337405267535251574e-01 7.772978160175924245e+01 1.026295776671789645e-01 
-3.233615742156486839e+00 -3.391213147428293051e-01 1.303461988196642218e-01 7.906188548364799829e+01 4.063063219073157623e-02 
-3.412870677351251381e+00 -3.952230198474789291e-01 1.280846279240080154e-01 7.687671595447234552e+01 4.317281393947235424e-01 
-3.319966766667262981e+00 -4.412141074035931809e-01 1.249240049001331815e-01 7.439062178981230034e+01 2.539822325781475321e-02 
-3.456490535038482026e+00 -5.048134036374322120e-01 1.130529769434442666e-01 7.629048167545943215e+01 3.199033871042451516e-01 
-3.433733228326105724e+00 -4.900880002143983005e-01 1.007236733523838718e-01 7.904645617442137961e+01 4.276485682163606583e-01 
-3.491502281209284853e+00 -5.446299623493745523e-01 9.736964760750467518e-02 7.824563669594344617e+01 3.572589377821451251e-01 
-3.172967143814305668e+00 -6.203026298270822858e-01 1.000210322291001652e-01 8.157902285943680454e+01 3.702736939307769981e-02 
-3.229369286174949671e+00 -6.434640706573411251e-01 1.011850756879441315e-01 8.489850222324793094e+01 1.380797623429867033e-02 
-3.246029049546053979e+00 -6.678010338605021579e-01 1.091862215893312366e-01 8.577828094497751010e+01 3.381236749750673315e-02 
-3.199056194202206438e+00 -7.191363353794131275e-01 1.053490053969968476e-01 8.422464664318287930e+01 8.128023317010270310e-03 
-3.261929131464721188e+00 -6.776703329857298730e-01 1.100796451626548933e-01 8.403653646028526225e+01 7.462417568957059252e-03 
-3.229642366152812638e+00 -7.258895216056208133e-01 1.160054987060777226e-01 8.426180992054796093e+01 7.490640486552430088e-03 
-3.398182870645744202e+00 -7.375439651431854315e-01 1.049449214042490475e-01 8.418012123739949004e+01 2.378966654981001100e-02 
-3.480153391607560209e+00 -6.860252913512895345e-01 1.117035519547196210e-01 8.487823569085695397e+01 3.686020073604872049e-01 
-3.530767570504735886e+00 -6.800146131729846166e-01 1.177344010859211754e-01 8.360431199933262292e+01 3.976308461769164637e-01 
-3.563693251747160673e+00 -8.079241849411751275e-01 1.152442831869478629e-01 7.696317639608051309e+01 8.671845993205644643e-01 
-3.500674036771144415e+00 -7.280356577571150956e-01 1.259498908623626345e-01 6.896124536202709976e+01 1.456990192210401991e-01 
-3.503439385743828627e+00 -6.967063487195417348e-01 1.317719593220040286e-01 6.850187788830352531e+01 2.763548136101881547e-01 
-3.509292688776863400e+00 -6.453300041307958868e-01 1.395736337698368357e-01 6.605178258513430478e+01 1.491462514056082767e-01 
-3.417818415480421201e+00 -6.534802680177119738e-01 1.451713121675767548e-01 6.851616629482566623e+01 9.559704744594854642e-02 
-3.490890491213460400e+00 -6.987167855206848355e-01 1.404588188094873236e-01 6.743887266005968684e+01 2.020746132319272137e-01 
-3.500653590433703499e+00 -8.296441353250223472e-01 1.425634747971592786e-01 6.391859227780028618e+01 1.891719650847923095e-01 
-3.531000000000000139e+00 -8.794260000000000410e-01 1.320000000000000062e-01 7.281000000000000227e+01 3.451461354093745548e-01 
-3.492898557509865665e+00 -8.430524407025095091e-01 1.358587591406813233e-01 7.103341865383896447e+01 4.009954903896500999e-01 
-3.503935788378663041e+00 -8.345309008520167549e-01 1.388868803622930748e-01 7.439464546738436468e+01 2.190871520786707438e-01 
-3.408864940843978619e+00 -8.714680884390406668e-01 1.478398745945702641e-01 7.531946960142846592e+01 1.794799300692392907e-02 
-3.330611804460295478e+00 -8.931796010608116232e-01 1.539645040894250527e-01 7.266617254547608695e+01 2.383302542861564198e-03 
-2.990789737281989602e+00 -7.749373005599842212e-01 1.604312615247769913e-01 7.242879094982858135e+01 2.108529685064500919e-02 
-3.128822449260172167e+00 -8.187696791517196093e-01 1.679391785431804673e-01 7.621125909542148236e+01 5.271139571005726415e-03 
-3.344105756282645725e+00 -7.963493837591035795e-01 1.738094970843681863e-01 8.056220258215535068e+01 1.042968740890237375e-02 
-3.565156106717650708e+00 -7.883904238483998572e-01 1.788359591466423815e-01 7.901398383580146856e+01 3.037246936678499321e-01 
-3.554732244729487345e+00 -8.008489619480813060e-01 1.725817725448428597e-01 7.870946923546357255e+01 3.155885874649573264e-01 
-3.552792078989867708e+00 -7.045699546682885339e-01 1.757646588646180619e-01 7.993382106441505641e+01 4.071223992053507601e-01 
-3.499605246840746364e+00 -7.031741690460067140e-01 1.715704346657561941e-01 7.957765922443084605e+01 3.676407259487917689e-01 
-3.536595651681220698e+00 -6.939321856760622964e-01 1.724876390305200846e-01 7.603094213129580226e+01 4.037905564220439225e-01 
-3.511767402426520412e+00 -7.065659330581104403e-01 1.879008171469042643e-01 7.779046945776285327e+01 1.934550611723127034e-01 
-3.529093896012036602e+00 -7.355532868385384893e-01 1.962202585045703385e-01 7.340204459555550898e+01 3.419571177082089131e-01 
-3.561450511294343091e+00 -7.353905701508929305e-01 1.962937605481600845e-01 7.348541132116008612e+01 2.422240995775720718e-01 
-3.482582095637765107e+00 -7.176423991636911026e-01 2.012105305855703408e-01 7.821073214003173746e+01 1.928156006476957618e-01 
-3.508421271798757957e+00 -7.791942469007251404e-01 1.992364531739110323e-01 7.915330635123788738e+01 2.636094467567214328e-01 
-3.210346263489959551e+00 -7.906883451917010586e-01 1.918508863806464848e-01 7.901524174985995330e+01 1.614309465267166344e-01 
-3.333709165248406325e+00 -8.363061672700846660e-01 1.918532249816336799e-01 8.263951431333229891e+01 5.355422432647979902e-02 
-3.446672512574276759e+00 -7.408031752065186160e-01 1.932793361452602443e-01 8.386203077251116156e+01 2.214126030112136684e-02 
-3.430393877579250184e+00 -7.664561383760998270e-01 1.891069664592743005e-01 7.512189481230532806e+01 8.574888469933173232e-03 
-3.312423936844618222e+00 -7.724305908266184684e-01 1.939122879067803618e-01 7.257184182758554414e+01 3.838291291305012676e-02 
-3.268139650776769933e+00 -8.145404581539100741e-01 1.978270483255048229e-01 7.605313768209043701e+01 2.230302404237641603e-02 
-3.325812474656873352e+00 -8.464834894329515969e-01 1.980822372514381424e-01 7.315375899666980786e+01 2.860542412782886984e-02 
-3.219897485411613580e+00 -8.598620559264850138e-01 1.850074066650030935e-01 7.250216162476387183e+01 2.746279707440708179e-02 
-3.388942861725765532e+00 -8.862333521881248233e-01 1.816680371759578361e-01 7.261520488473500734e+01 3.622142464031247178e-02 
-3.268926928997547776e+00 -8.317918196606466363e-01 1.890464107520074544e-01 8.092172811364048357e+01 1.188710858898503475e-02 
-3.320407279623993624e+00 -8.377813934998135093e-01 1.779417049468531853e-01 7.645195268120814092e+01 4.080090681089625429e-03 
-3.168113789600861985e+00 -8.258286028874003426e-01 1.739299944123679220e-01 7.225780063547682630e+01 1.357082854595098413e-02 
-3.118354819518530441e+00 -8.386627673598044952e-01 1.767212943348736576e-01 6.665952286085826017e+01 5.805080143889272681e-02 
-2.729821513394024901e+00 -7.802920902047819629e-01 1.893979045048247434e-01 6.659524577404704360e+01 8.567905540724983504e-02 
-2.834086878589968883e+00 -8.291602545412448677e-01 1.858478651508601309e-01 6.623225511217299299e+01 2.952296432078581334e-02 
-2.881369965442440506e+00 -8.125458064047783591e-01 1.834086727636747571e-01 6.413592727723704456e+01 3.735472109750946623e-02 
-2.969575754797395106e+00 -8.750677474899696273e-01 1.879924476627803653e-01 5.986058354084087796e+01 3.084397418468007301e-02 
-3.206005275502666230e+00 -8.700171854072197286e-01 1.856982196555991838e-01 6.497107482821093072e+01 5.071577337222400728e-02 
-3.229870584824222401e+00 -8.855770849499768893e-01 1.858565005479359544e-01 6.250648321532995055e+01 4.395991724094391873e-02 
-3.095540405672529083e+00 -9.223747176917167501e-01 1.781122282593060047e-01 5.869318878039769061e+01 1.642802343307393428e-02 
-3.362719203174647120e+00 -9.026434518043372490e-01 1.753297946054827305e-01 5.362196110734894461e+01 1.151513298035963251e-01 
-3.280376848910059984e+00 -8.924618479265327142e-01 1.863621059837096139e-01 6.096048881222596094e+01 2.658690184648396931e-02 
-3.115755769966261024e+00 -9.040530373627938543e-01 1.856008390876246472e-01 5.445211699511498438e+01 4.523984193546203708e-02 
-2.927211544054758807e+00 -8.521493177872189184e-01 1.856698165716847704e-01 4.872069484825351537e+01 4.072121676505129767e-02 
-2.756082044635939976e+00 -9.323816468184941142e-01 1.877837001411126194e-01 4.808073847994884886e+01 4.135090224241240453e-02 
-2.631101868872568694e+00 -8.401726223209785571e-01 1.883999580558539388e-01 4.614058583483572562e+01 7.413280878226177761e-02 
-2.589965221391202110e+00 -7.995489788836487310e-01 1.816038753038530240e-01 4.771188172471995159e+01 2.431945535403484682e-02 
-2.835040090644149302e+00 -7.658809234502412799e-01 1.843893227543550450e-01 4.960547182292042123e+01 4.475703921931199064e-02 
-2.920280315266720272e+00 -7.603190208734466049e-01 1.741396399505802939e-01 5.088039734889588317e+01 4.440784930866056163e-02 
-2.790688311188432635e+00 -7.917841285997245793e-01 1.793916266070292587e-01 4.741629579015698681e+01 3.878733486454426227e-02 
-2.910225907685105362e+00 -8.232592279173976957e-01 1.749488441308498232e-01 5.414584225701117504e+01 2.782967912985115366e-02 
-2.917103776284328376e+00 -8.553379030592592747e-01 1.753166011629515852e-01 5.568020411452250329e+01 5.219429569393366219e-02 
-2.987512782328446637e+00 -8.760588292640890673e-01 1.713881321705472693e-01 5.897047523796089763e+01 9.993904624681779203e-02 
-2.927554171110225312e+00 -9.293658753913076609e-01 1.739027908808200296e-01 5.926035829885901762e+01 1.794391547760033206e-02 
-2.873290154113961936e+00 -9.334166817333116040e-01 1.768233685032285785e-01 6.009551941530413188e+01 9.567870530768827347e-03 
-2.886219379724719314e+00 -9.411125736678309650e-01 1.704497031901069659e-01 5.774453594643725296e+01 2.878749720368962289e-02 
-3.064182711115565727e+00 -9.348199817239635223e-01 1.604802812782242238e-01 6.294349571214603145e+01 1.697566187972448376e-02 
-3.080363078660955711e+00 -9.433727626078874939e-01 1.574480021240964311e-01 6.160687500176389619e+01 5.615568259732660328e-02 
-3.280464602820683417e+00 -9.727483466328498141e-01 1.603898327086496489e-01 5.896912072960962092e+01 3.567723786600640601e-02 
-3.105930150803616563e+00 -1.051115254433575785e+00 1.609133464178599260e-01 5.798809518772351623e+01 3.212980610203157450e-02 
-3.375811362954473260e+00 -1.040936976160231175e+00 1.740468258767474130e-01 5.816740089853951190e+01 5.019326368714194242e-02 
-3.505946445371740605e+00 -1.145871741494040474e+00 1.729077003294426929e-01 5.859875126627555630e+01 2.700660674792972338e-01 
-3.529099627112023185e+00 -1.124257098127525278e+00 1.685369891544451215e-01 6.029429200628670316e+01 3.348705583772945138e-01 
-3.530935264322496714e+00 -1.142539737997026350e+00 1.790586952133215726e-01 5.865169233035665286e+01 2.386566200021258410e-01 
-3.312053589226389150e+00 -1.133813354363195636e+00 1.867511507916504720e-01 5.933928313492195628e+01 5.254224514061314744e-02 
-3.508500078073940820e+00 -1.146721278152332157e+00 1.865725408143692476e-01 5.856787870274774122e+01 4.511961945820570918e-02 
-3.470248982988300313e+00 -1.180254724406994304e+00 1.849220536044739183e-01 5.420529812847335194e+01 1.595858431838353270e-02 
-3.391445047716659555e+00 -1.190269842613777440e+00 1.812132418347472407e-01 4.866504233906111665e+01 2.467080975278309815e-02 
-3.408933132518622511e+00 -1.158268012770118816e+00 1.788930898160666638e-01 4.591278503925511956e+01 1.302958807592710655e-01 
-3.479532742227482878e+00 -1.098762090494153298e+00 1.808155311123808839e-01 4.332750758562832516e+01 2.719542605050282447e-01 
-3.556186039043088165e+00 -1.081214725962815981e+00 1.836942128072726055e-01 4.314207692065445343e+01 6.386192146845692807e-02 
-3.453355905926861702e+00 -1.012912175334757858e+00 1.784065827997746712e-01 4.326023738064976243e+01 8.862020146439258950e-02 
-3.225769254713050760e+00 -1.013518229440032448e+00 1.781789205729174264e-01 4.265291567510917758e+01 7.792857594279348210e-02 
-3.247444352534323286e+00 -9.674803386167164510e-01 1.764498531696070127e-01 3.944408441419755462e+01 5.427013651733245125e-02 
-3.531000000000000139e+00 -8.794260000000000410e-01 1.320000000000000062e-01 7.281000000000000227e+01 2.624916506479019751e-01 
-3.532247842366609714e+00 -8.828654105774842442e-01 1.415378316452686747e-01 8.174625937610854010e+01 3.035123965771456822e-01 
-3.534424580213286760e+00 -8.891159235900661928e-01 1.388273969084649340e-01 7.620929808685794171e+01 4.682980842328828830e-01 
-3.421710467015822044e+00 -8.062535516982046735e-01 1.363075455331994035e-01 7.086988829965768844e+01 5.158314071480962076e-02 
-3.230893219202335853e+00 -8.821786294044547949e-01 1.258213172492705645e-01 7.033540307555105642e+01 4.947903636628193762e-03 
-3.069189357439316090e+00 -8.163595313966154343e-01 1.186355544687528185e-01 7.380171168988789532e+01 8.475642420910849822e-03 
-2.921673278857312983e+00 -7.750264902990825489e-01 1.146830013469405385e-01 7.907240763323770238e+01 6.084753922588873390e-03 
-2.957004361313462670e+00 -7.861347221250302164e-01 1.105355403456198121e-01 7.635261688802492586e+01 9.724033027140381938e-03 
-2.819953924501991782e+00 -8.163045148228127434e-01 9.778707795136167003e-02 7.790922412603592306e+01 1.532659732407640543e-02 
-2.795751564770398101e+00 -7.540734179095758272e-01 8.715675003843066648e-02 7.407542780376188318e+01 5.251671692166443375e-03 
-2.544298141694772752e+00 -7.567183540307711453e-01 9.802259371278471134e-02 8.110086835295793151e+01 1.135642802038967433e-02 
-2.453393673857456658e+00 -7.398447477626937108e-01 9.236876484711931123e-02 7.337575212073421937e+01 1.562905246038053322e-02 
-2.243183926277139584e+00 -6.837671974192932600e-01 9.807276555034341592e-02 6.677141226881477110e+01 7.498814416550197461e-03 
-2.251761222469085055e+00 -6.836380150595874339e-01 9.777767807010669110e-02 6.530375816492987440e+01 8.364699929072474949e-03 
-2.278228552804323570e+00 -7.093024016978782820e-01 9.611065535005029747e-02 5.650905507829577346e+01 7.362397761399994828e-03 
-2.532503728173851609e+00 -7.081062575256246161e-01 9.699536561269513080e-02 6.137106831679291474e+01 7.274952151122600005e-03 
-2.266840661462928175e+00 -7.678790352450226564e-01 1.038441242027626499e-01 6.848970337410339937e+01 1.740760001510593263e-02 
-2.388302443734430458e+00 -7.689154499432943046e-01 1.077215761711502184e-01 6.744477297811644689e+01 3.080775682141292937e-02 
-2.453713283540059464e+00 -7.080833142110843914e-01 1.143021953725514989e-01 6.997217522295994740e+01 9.194300723591638733e-03 
-2.229945264995534693e+00 -6.314887611151408509e-01 1.035523785577690398e-01 6.686692418092157197e+01 7.455177857350130458e-03 
-2.392309825603541107e+00 -5.814050803074249929e-01 1.012610625443630813e-01 6.805681214181387872e+01 3.378613129304354479e-02 
-2.155172700754948156e+00 -4.793316605012649667e-01 1.066050636708795463e-01 6.475294951688029244e+01 4.086534401196282966e-03 
-2.202228705183724600e+00 -5.431453641883635663e-01 1.225758232055334518e-01 6.417542032208262981e+01 1.277150541984485577e-02 
-2.274855576884837305e+00 -5.642117862374889103e-01 1.211133980056551540e-01 6.286079915492901904e+01 8.153112241037563726e-03 
-2.089515245634645080e+00 -5.430098494789756813e-01 1.270052640170589719e-01 6.307005506709337794e+01 1.015654332007325661e-02 
-2.263798950499497309e+00 -5.724073063185605159e-01 1.156604016811484947e-01 6.985581191178455640e+01 6.693410665597599937e-03 
-2.548118052351611151e+00 -5.567836336977621814e-01 1.163445413213564789e-01 6.983386124100509562e+01 2.752129233987109930e-03 
-2.104580703231839767e+00 -5.715772192105251781e-01 1.174641993802535561e-01 7.171444452587842022e+01 3.896612347467914069e-03 
-2.279298981290041937e+00 -5.343476655542923615e-01 1.175667193736795457e-01 7.728086093696474279e+01 5.390020107133447654e-03 
-2.127470591396992461e+00 -4.682978808701547813e-01 1.207413138205524206e-01 8.056478354464225333e+01 8.205916403812617624e-03 
-1.801491476063925123e+00 -4.332591852694455126e-01 1.123820028964254009e-01 8.075197438982344522e+01 6.979860212398160749e-03 
-1.946075888282309485e+00 -4.593993704669251943e-01 1.151655993601345407e-01 7.800595268366338075e+01 6.499588026261781532e-03 
-2.087358971264022145e+00 -4.400592217614894830e-01 1.121755059021077028e-01 7.694631958215288137e+01 1.352200929285397348e-02 
-1.959011636094288633e+00 -4.822979846942699322e-01 1.108529489446926641e-01 7.527056474817483434e+01 6.406432615126272934e-02 
-1.964509723991123780e+00 -4.216174370878607025e-01 1.064669247216522979e-01 7.676567887944996471e+01 7.658591820546539752e-03 
-2.141457393094918338e+00 -4.016666822918890656e-01 1.111679402377480641e-01 8.092646198290864845e+01 8.411567476460454426e-03 
-2.381635317481495040e+00 -3.588303176666698402e-01 1.070668064635961481e-01 7.693402841271212367e+01 5.994267806044761490e-03 
-2.610345883467144468e+00 -3.925116453937146921e-01 1.128898390825979203e-01 8.316462127270168025e+01 3.718540393444816003e-03 
-2.390477480655122111e+00 -3.997001820271386396e-01 1.188993816356864741e-01 8.237628232933612082e+01 6.845317523103989013e-03 
-2.508331631311329080e+00 -3.883149297882036444e-01 1.134581167735619900e-01 8.453900967474805839e+01 4.246046932453630650e-03 
-2.326350989092780264e+00 -4.270754060687214082e-01 1.139794181677204893e-01 8.428379465710207796e+01 9.417499310361971548e-03 
-2.536630544576026214e+00 -3.614310921056472781e-01 1.085502169821859486e-01 7.981750048636182271e+01 7.298642309432445095e-03 
-2.379384727738095062e+00 -3.682943727369447640e-01 1.046190983854559525e-01 8.072012511491328723e+01 5.601514860992511807e-03 
-2.542010338518744916e+00 -4.173238293729342185e-01 1.119496895083402915e-01 8.431030707405473379e+01 1.204028169653368480e-02 
-2.674380114833043276e+00 -3.897230882887449122e-01 1.146568461391624383e-01 8.338753534447781135e+01 3.730624275047979971e-02 
-2.867104373142996820e+00 -3.609065178284708297e-01 1.158350560634730658e-01 8.044830758019672601e+01 3.678926302018833971e-02 
-2.673157749758476864e+00 -3.236524008519008899e-01 1.085881833369062854e-01 8.028633924375648689e+01 8.841477011454077634e-03 
-2.910848931910830828e+00 -3.593933618231347493e-01 9.728590307242687696e-02 8.400525613700197880e+01 6.488976336006182545e-03 
-2.809512143357035363e+00 -3.046351783474712804e-01 9.331739492118401591e-02 7.963196693535131487e+01 2.074034199273776941e-02 
-2.853727127742093472e+00 -2.762300492401653651e-01 9.588666253246964921e-02 7.519616074698554087e+01 1.636467315230816927e-02 
-2.983961708129429624e+00 -3.055900550657332793e-01 9.627986197147801739e-02 7.699166667051082413e+01 4.670768297088992785e-03 
-2.904888648107920801e+00 -2.429065374631537988e-01 9.665821051619617743e-02 7.777867289037504861e+01 5.277311011041480038e-03 
-2.936886496993858842e+00 -2.281873953692515611e-01 9.404469834412189366e-02 8.008592005944706216e+01 5.363440859222199167e-03 
-2.806989119121528375e+00 -1.192471178019184619e-01 8.924496245498644842e-02 7.861612566557704440e+01 5.441299197386680053e-03 
-2.930322011490914313e+00 -1.534617237260286482e-01 8.807744404249606696e-02 8.189530121528279949e+01 1.100941930576971803e-02 
-3.062936184336697565e+00 -1.268197399357433863e-01 8.656246156450950191e-02 8.199190139153189705e+01 2.584057835201772693e-02 
-3.531000000000000139e+00 -8.794260000000000410e-01 1.320000000000000062e-01 7.281000000000000227e+01 3.517611047168929250e-01 
-3.493110624343752413e+00 -8.854174085971123764e-01 1.263193757167176412e-01 7.071375660051054979e+01 4.216308413820757384e-01 
-3.476494202655732835e+00 -9.161987046005790614e-01 1.191986428053063568e-01 6.690123285705693945e+01 1.843842937887555100e-01 
-3.465393674976918970e+00 -9.108077839839749945e-01 1.234069141868079506e-01 6.572304955491567569e+01 4.029116058998882255e-01 
-3.384276073564261189e+00 -9.261483304434776631e-01 1.308170720936540909e-01 6.565595475144149873e+01 1.922290108573701875e-02 
-3.519011475073896111e+00 -8.601499639285968835e-01 1.256051217998478409e-01 6.549483804736587444e+01 3.063499378362480874e-01 
-3.584150184467546296e+00 -8.227127873111853562e-01 1.254510936731308701e-01 6.384810287522638816e+01 3.037246939091469145e-01 
-3.511857452877731767e+00 -8.525924962471304047e-01 1.252143692626397076e-01 6.233192937833864278e+01 3.102935052186560627e-01 
-3.550090040737071018e+00 -8.919071676460285092e-01 1.187171379119775910e-01 6.386339690237647204e+01 3.037248992970910111e-01 
-3.587174866438073817e+00 -9.499239989208378976e-01 1.248207099510619533e-01 6.714928173435006897e+01 2.607710849912180939e-01 
-3.482125535259696036e+00 -9.889280750118267793e-01 1.315799661186410618e-01 6.451738205277149518e+01 3.422529846154976352e-01 
-3.449504190316882823e+00 -1.047565361641930037e+00 1.308531294779284315e-01 6.017403475198877771e+01 6.771896622121402476e-02 
-3.450061560269545691e+00 -1.027558612246025849e+00 1.227538459527249548e-01 5.749561690569119321e+01 8.446589810588700509e-02 
-3.474865701285103636e+00 -1.029048399014711013e+00 1.120500558550582004e-01 6.030264487831439624e+01 3.814360544752192217e-01 
-3.474971830584497656e+00 -1.072341708352423817e+00 1.092485994083025463e-01 6.432813609787409348e+01 4.133281503497499010e-01 
-3.458535620296731228e+00 -1.042052064455976534e+00 1.067150053615364552e-01 6.331899380822849821e+01 4.396568025722871753e-01 
-3.429766874098514773e+00 -9.616320251044359058e-01 1.006984690962796913e-01 6.378047107099047963e+01 2.177069519681789633e-01 
-3.348462840312214528e+00 -9.696545244600461855e-01 8.869868691728594046e-02 6.695292605297734667e+01 2.740653515044563782e-02 
-3.101319098390013629e+00 -1.026730105716064045e+00 8.849032976663584460e-02 7.108584845084442350e+01 2.255350691529423024e-02 
-3.135844364384848149e+00 -1.004661684103049568e+00 8.315798757168789412e-02 7.086193024367101145e+01 1.893363239305089971e-02 
-2.843404946996387572e+00 -9.554711491030820625e-01 7.197413944747356462e-02 6.825266929059085896e+01 1.128091068292880715e-02 
-2.885847342352042766e+00 -1.036250277293823796e+00 7.408802870792631501e-02 6.302594676040497035e+01 1.371131796577143569e-02 
-3.080694758203915917e+00 -1.033248438660674617e+00 6.103115387287754573e-02 6.336910583399252772e+01 1.352020272762632577e-02 
-3.515326153006423482e+00 -1.090510159835092807e+00 6.251517648420105988e-02 6.225999804577067920e+01 3.042022985878183317e-01 
-3.393100752133170417e+00 -1.051043778333276002e+00 6.844324143446334219e-02 6.721636616068934700e+01 1.061344076551692106e-01 
-3.456132814657808083e+00 -9.446357688302209343e-01 7.430035198900533655e-02 7.009389276687662118e+01 4.922154914212573673e-01 
-3.476181408416171070e+00 -9.998211958366158836e-01 6.793099211299066797e-02 7.065128654602027325e+01 3.073613509065185045e-01 
-3.479125738402359502e+00 -1.035466448714490006e+00 6.084075812450152887e-02 6.376021486234449043e+01 4.552653596454308560e-01 
-3.459585886964416268e+00 -1.012625665596805336e+00 7.337823612325854172e-02 6.330372504424472169e+01 4.627296265746253523e-01 
-3.396011693826879174e+00 -9.718612877375973902e-01 7.532767111530902504e-02 6.125494199785562444e+01 2.015966748355402793e-01 
-3.526573228602978727e+00 -1.010484831042001597e+00 8.733840900224378034e-02 6.109194768072399029e+01 7.818684986372748114e-02 
-3.344421929423674111e+00 -1.020874070670250600e+00 9.215812266467929281e-02 5.650536486745134823e+01 3.557810298773482482e-02 
-3.254133190858384150e+00 -9.859391009663428518e-01 9.572441236887399563e-02 6.373468833296006864e+01 1.225519855588149722e-02 
-3.256595379364261689e+00 -9.680076809460362863e-01 9.787339091394441082e-02 6.345505711334400445e+01 7.576351589343865642e-03 
-3.224437507256513680e+00 -9.833316018381302870e-01 9.463198886486980099e-02 6.039921201054252009e+01 3.141535474984580995e-02 
-3.352166941230783070e+00 -1.012887683502940339e+00 8.200653417400088907e-02 6.237391889321936844e+01 1.192243598928437176e-02 
-3.249016569053080783e+00 -1.025837294300330882e+00 8.100920883455749177e-02 5.288459614192100133e+01 1.908566607191705677e-02 
-2.782495570155657738e+00 -1.031098612815550375e+00 9.050027736680488211e-02 4.970178819444709006e+01 3.871432235859826633e-03 
-2.910671360420554077e+00 -1.023779326231116116e+00 9.844445427590757525e-02 4.840717981440960216e+01 5.313447140884659803e-02 
-2.984086237228941396e+00 -9.964055148333502698e-01 1.093963960748205594e-01 4.961966378633129438e+01 8.250757692469648519e-03 
-3.032486790500503737e+00 -1.072396474514946574e+00 1.075280014658930167e-01 5.250288157264299826e+01 1.430961341557243291e-02 
-3.007680384156639519e+00 -1.000280879156566494e+00 1.030865454292041461e-01 5.120718877167482219e+01 2.252214015509627562e-02 
-3.244410538706382852e+00 -9.521486709934443571e-01 1.048849700838010435e-01 5.194338271316421896e+01 2.860143669348743506e-02 
-3.072698986868932725e+00 -8.766916192844345090e-01 1.040835816034527544e-01 5.303098537528910583e+01 1.273794762954244715e-02 
-3.304953271421688044e+00 -8.969894113314057504e-01 1.069478068299070800e-01 5.441344194269859003e+01 1.583654189345726562e-02 
-3.356981665052257924e+00 -9.711640967743955244e-01 1.060903463701920180e-01 5.528592217867086589e+01 1.367814728027457252e-02 
-3.367718603768948160e+00 -9.091124084877848510e-01 1.001885883280233674e-01 5.406562966246974611e+01 1.071737975047423568e-02 
-3.360537098176575199e+00 -9.052602006098654508e-01 9.860334925884860213e-02 5.448091318758609702e+01 1.797243924788339067e-02 
-3.480158217446148949e+00 -9.363793067469351472e-01 1.062404060527846056e-01 5.471920107653577503e+01 4.048783387592367888e-01 
-3.460125963904446156e+00 -9.494368418026553069e-01 1.039629250979103164e-01 5.177396747107366082e+01 4.004479184983432694e-01 
-3.436187907396457408e+00 -9.623912242495725744e-01 1.072529034935820053e-01 4.698501989923410349e+01 3.542942490397695821e-01 
-3.531000000000000139e+00 -8.794260000000000410e-01 1.320000000000000062e-01 7.281000000000000227e+01 3.871412261148591272e-01 
-3.599051620178963073e+00 -9.115571402668433132e-01 1.522113442352295565e-01 7.390260717850777894e+01 3.296945471880435852e-01 
-3.571961736410013799e+00 -9.091235125103583892e-01 1.554150280643418480e-01 8.162893673970322084e+01 3.221279793789879609e-01 
-3.541648041567389438e+00 -8.985578368316137210e-01 1.433323668001038886e-01 7.739154444213232864e+01 4.059499234707052429e-01 
-3.487313871174754887e+00 -9.134192422339362238e-01 1.362737187389993221e-01 8.069944175260472718e+01 2.470471490515547819e-01 
-3.560286073066141199e+00 -9.310016149560585985e-01 1.361310553865324458e-01 8.246665844252588329e+01 3.037246908705049653e-01 
-3.505434523542675151e+00 -9.736667206519762363e-01 1.287878523851410939e-01 7.347380396466954267e+01 4.601574484246541141e-01 
-3.602838392377036847e+00 -1.009165947586022183e+00 1.352892770922568821e-01 7.392268665872464339e+01 3.037246939090233466e-01 
-3.558823320288964087e+00 -9.867064366934075181e-01 1.422926690585184784e-01 7.117325679647312597e+01 3.037214384922582999e-01 
-3.501543696434528563e+00 -9.781927084077088885e-01 1.397493229918854718e-01 7.782556219076539605e+01 3.062737942873555164e-01 
-3.512503706174809004e+00 -9.669654231863584748e-01 1.335853708226976688e-01 7.290675325545217333e+01 9.459832456248165600e-02 
-3.603266129337479917e+00 -9.871364488282104999e-01 1.321535476835998812e-01 7.601497843136949939e+01 4.934041268688680870e-01 
-3.554228275785603852e+00 -1.022771784636973713e+00 1.203650691713970544e-01 7.692142892288154599e+01 2.360828608921962668e-01 
-3.502897726877149509e+00 -9.509233303876278853e-01 1.210135187712298444e-01 7.718613885289137500e+01 4.284646480817713154e-01 
-3.490975345761428095e+00 -9.406284688463907306e-01 1.247331742850486258e-01 7.047938686297253241e+01 4.277433888047268429e-01 
-3.500582373347679965e+00 -9.085482792283156028e-01 1.267381970075315001e-01 7.485296969074087770e+01 1.541956969861350280e-01 
-3.527636917058876165e+00 -9.384084927403300025e-01 1.176238567221350589e-01 7.646085721731337514e+01 3.062926255729567782e-01 
-3.526138850276145043e+00 -8.995347760350261845e-01 1.261522095271482014e-01 7.582214820179427761e+01 4.649500899373694152e-01 
-3.468014889116538768e+00 -8.979349740726834117e-01 1.239920672402537727e-01 6.772856057050759659e+01 2.383224466449477275e-01 
-3.529585711695512273e+00 -8.174211982157637557e-01 1.224668300406181048e-01 7.728415436487830448e+01 2.016866640299510016e-01 
-3.490848041937443025e+00 -8.610688825104136912e-01 1.139232835253376486e-01 8.267917325115192284e+01 3.601341850135052480e-01 
-3.347000037570498687e+00 -8.523565409965958573e-01 1.200162334721394525e-01 8.553824538525927323e+01 2.891968922066546349e-02 
-3.436645602830833646e+00 -8.223420340599494338e-01 1.277675255639067475e-01 8.166278042397706827e+01 2.781398687381620577e-02 
-3.363090375757025186e+00 -7.865404591570255288e-01 1.297178580967020822e-01 7.931785593660404743e+01 1.567033811716765992e-02 
-3.034113279199528890e+00 -7.583026875706252445e-01 1.304636480558617473e-01 7.684158977617549624e+01 1.767245293321477798e-02 
-3.086196066260487925e+00 -6.716788983645521904e-01 1.234560714688132110e-01 7.872747252882496127e+01 1.228582666490984909e-02 
-3.421504682157033628e+00 -7.158494182841085296e-01 1.193413073387142448e-01 7.426445676593230871e+01 1.147418539760688139e-01 
-3.529897574558091389e+00 -7.053709304579568462e-01 1.298236388013795095e-01 7.596606550140212732e+01 3.921771201985814193e-01 
-3.526975638833092841e+00 -7.135896923980979967e-01 1.426763900596097479e-01 7.657957775442126547e+01 2.526166086873437022e-01 
-3.511179056705696855e+00 -7.604211899407853359e-01 1.477258489563594845e-01 7.622793103845681628e+01 2.709705981182544132e-01 
-3.356364704560477197e+00 -7.590463164262998275e-01 1.533236659563461113e-01 8.175754401297072604e+01 1.343991970864766294e-02 
-3.285727620045802322e+00 -6.864201761721657746e-01 1.554230639034661354e-01 8.234211531238356940e+01 1.172355954755870816e-02 
-3.409084812505189799e+00 -6.301460965488375754e-01 1.506273064698201991e-01 7.552768285650873281e+01 1.018379637284522014e-02 
-3.348976914578745134e+00 -6.520463498577738770e-01 1.438340518692724779e-01 7.772290291098437365e+01 9.172924869624305561e-03 
-3.416867530094776839e+00 -6.644617408305634187e-01 1.496632050484046628e-01 8.435583250074846262e+01 9.555425916974558120e-03 
-3.498425773494752367e+00 -6.811641451394392366e-01 1.459311911954694896e-01 8.436532399504181967e+01 3.962053374838966358e-01 
-3.474683257757576360e+00 -6.559843597054900721e-01 1.536499860831658515e-01 8.029400897004644833e+01 2.885758720208803085e-01 
-3.469244394027461542e+00 -6.198114088875590344e-01 1.553844926497245649e-01 7.726460308159967383e+01 2.267369367659494150e-01 
-3.599888911669501645e+00 -6.718175157250374507e-01 1.560241734405699576e-01 7.976001375862955456e+01 2.384291058995794965e-01 
-3.528911553008546420e+00 -6.780757178870743251e-01 1.552074743093063425e-01 7.940970306640912213e+01 3.958728592558078963e-01 
-3.479196875697237346e+00 -6.482249139352157519e-01 1.559457898130144071e-01 7.847669551698075452e+01 3.655207516611856389e-01 
-3.499600388125127637e+00 -6.651153565114117372e-01 1.581722661934772955e-01 8.040746020914141923e+01 4.208131897983846681e-01 
-3.509687099233195884e+00 -5.859161362896079250e-01 1.580002296885144597e-01 7.859430403365529116e+01 4.791640744076845482e-01 
-3.534399658079351081e+00 -6.658632163152385930e-01 1.692810605974698346e-01 7.886551499726932946e+01 4.063177014379325547e-01 
-3.531000000000000139e+00 -8.794260000000000410e-01 1.320000000000000062e-01 7.281000000000000227e+01 2.871362824660098623e-01 
-3.540782582707352244e+00 -9.132635378907724144e-01 1.461633414543064557e-01 7.295718197361551915e+01 1.461577600885941575e-01 
-3.453179736709148351e+00 -9.021229576873522893e-01 1.425783181784468778e-01 7.225086546547065325e+01 1.269135879971861336e-01 
-3.617590451166194931e+00 -9.349580543387682185e-01 1.474704913933486128e-01 7.646122656577765042e+01 5.382830213823789345e-01 
-3.382924886484821148e+00 -9.979109963631929148e-01 1.553910512116747078e-01 7.362368799688749732e+01 3.348697339578371457e-02 
-3.357705490065933329e+00 -1.076700803186302791e+00 1.519825842158678275e-01 7.809046239232586117e+01 3.744106418483078569e-02 
-3.466147963915135133e+00 -1.054625190082632669e+00 1.475045494158598036e-01 8.325267573429738377e+01 1.403260414619851744e-02 
-3.492358447949174050e+00 -1.011591512958514238e+00 1.474256617974637751e-01 8.767128440308545123e+01 1.265568071253959370e-01 
-3.535276796596593663e+00 -1.057559666275290189e+00 1.414125020628291818e-01 8.643188163757220366e+01 3.992974899725122429e-01 
-3.433121903311376233e+00 -1.060051867516714985e+00 1.336572552172207717e-01 8.669500102308406042e+01 2.374238678085682092e-02 
-3.516718563163143241e+00 -1.026603068057743595e+00 1.331589703403251446e-01 8.690204643564477749e+01 3.735214908331224715e-01 
-3.548705741246219958e+00 -9.767097293552011728e-01 1.297978104318711079e-01 8.324975291471268690e+01 7.756996566713655894e-02 
-3.522872822479806043e+00 -9.889026223606278698e-01 1.232966239539719233e-01 8.201344553181216668e+01 4.166616935368785413e-01 
-3.508515876584532567e+00 -9.934102695580598885e-01 1.258003924613827484e-01 7.173752541670890537e+01 2.613328750568879033e-01 
-3.492816433496476414e+00 -1.071786460420159459e+00 1.236103820600480963e-01 7.370969970187420017e+01 3.627544656581741522e-01 
-3.485887043998047385e+00 -1.066904405947007417e+00 1.242967235456811093e-01 7.108120437493694510e+01 3.963904153038892986e-01 
-3.554778603970195849e+00 -1.100091661714440505e+00 1.254007511454042767e-01 7.792987196200250821e+01 3.005591165835685974e-01 
-3.571609742310770219e+00 -1.103219895898593483e+00 1.228058136098318376e-01 8.432894755884670701e+01 2.598554821260329883e-01 
-3.476747544436504800e+00 -1.108761470318659903e+00 1.174852422056867074e-01 8.958849188655773332e+01 5.510162842752042156e-02 
-3.340618916608185884e+00 -1.060450460640799175e+00 1.170532424317162201e-01 9.039539333307530455e+01 4.275841923080200835e-02 
-3.397967902983211719e+00 -1.078758913408639719e+00 1.180613393765882896e-01 9.534181171237207764e+01 2.437394553012270371e-02 
-3.265799392039190341e+00 -1.117248986212165507e+00 1.194306072247598299e-01 9.590067366055149023e+01 1.337142077872662156e-02 
-3.032593512014818860e+00 -1.063763849432427300e+00 1.164936984786899415e-01 9.888158500052260536e+01 7.160429340149977034e-03 
-3.273089978501494191e+00 -1.125329692018336880e+00 1.149431898767764443e-01 9.668680666799185985e+01 7.632015359434167999e-03 
-3.450685955635404145e+00 -1.169151937311772027e+00 1.172664576186681212e-01 1.017307652916868363e+02 8.903416667415061519e-03 
-3.361470574927862387e+00 -1.164168046916842503e+00 1.102785881215000291e-01 1.019674657656449313e+02 1.391593360877893190e-02 
-3.189075404084915633e+00 -1.137934737296357746e+00 9.973490460124501134e-02 9.917513746024421550e+01 1.584533467240800686e-02 
-3.037772836300022483e+00 -1.160195022974210843e+00 9.556215165506160014e-02 1.075214011679346555e+02 2.346645769111204566e-02 
-3.332697587966083397e+00 -1.163547623852243307e+00 8.831076908927767977e-02 1.028848128534842772e+02 6.915793717284646550e-03 
-3.114538812549525026e+00 -1.138916178581546479e+00 8.833171558985591920e-02 9.980906183312852420e+01 4.796518871784468882e-03 
-3.397513639757268944e+00 -1.141743333993664899e+00 9.013749412072455391e-02 1.027628441699489485e+02 4.275245268257671719e-03 
-3.411384723619257819e+00 -1.198596897943280615e+00 9.442905597235758119e-02 1.034946411769803944e+02 1.912886451851033079e-02 
-3.541682659533592403e+00 -1.259911781655502550e+00 9.138572184035949342e-02 1.048287811296830654e+02 4.534771102925145847e-01 
-3.566490903830560999e+00 -1.326246882934795313e+00 8.811470429185232212e-02 9.827849977934863546e+01 4.021034449438536384e-01 
-3.516563059402526559e+00 -1.321330491681480090e+00 8.740121361417656221e-02 9.784883890927051198e+01 2.241530059915965711e-01 
-3.517902529240557019e+00 -1.308982009001102620e+00 8.217220967834448775e-02 9.818003383720949273e+01 3.240008999081543384e-01 
-3.520535095407760551e+00 -1.407028224218566770e+00 8.470112850262746795e-02 9.791927147813603938e+01 4.405128233084805167e-01 
-3.498600836689322868e+00 -1.413497446860543016e+00 8.940492853091713821e-02 9.706647449389147653e+01 4.594948512370368443e-02 
-3.576549049411668513e+00 -1.416562884694805735e+00 9.149594602395405563e-02 9.565904551600634420e+01 3.553663430320236349e-01 
-3.540782470909365376e+00 -1.380054607520006638e+00 9.937144131989164575e-02 9.920186259379643445e+01 3.839471389594265593e-01 
-3.519592199854439496e+00 -1.351165359688237144e+00 9.884914620513839123e-02 9.739328469236870944e+01 1.966344555529805915e-01 
-3.475192945291968982e+00 -1.390015887059139921e+00 1.053566531035985548e-01 9.772799119828427195e+01 9.703047421819184851e-03 
-3.417174906333174889e+00 -1.334266798689811129e+00 1.170487397508568339e-01 9.270739059527981851e+01 2.395138308752036566e-02 
-3.481895869137231259e+00 -1.274211956622606667e+00 1.190800152360712433e-01 9.387984301615935578e+01 2.680890436735878374e-02 
-3.602099510281867367e+00 -1.220886081551570967e+00 1.169648337510473257e-01 9.349525043518990230e+01 2.574847172103131854e-01 
-3.566563781667809518e+00 -1.317152337418711516e+00 1.326085900420641839e-01 9.057892797474684698e+01 4.220333725744144782e-01 
-3.544796150417171443e+00 -1.291078714124806348e+00 1.274779098819655287e-01 8.166762378267618772e+01 4.468897853583039259e-01 
-3.590110722810797128e+00 -1.305408930410730806e+00 1.284806628363658054e-01 7.771794809434081230e+01 3.978991977490569654e-01 
-3.551490736591450315e+00 -1.272896680414833837e+00 1.282641976239370929e-01 8.307078450409082393e+01 1.239748226207990911e-01 
-3.602789574427665897e+00 -1.238863097663122748e+00 1.359968710870576025e-01 7.963444559855155092e+01 2.672888225421255481e-01 
-3.604466568694351558e+00 -1.208507607734587763e+00 1.318172959099882524e-01 8.053669910695718670e+01 2.552646886207592392e-01 
-3.533870589271457696e+00 -1.171131781392525273e+00 1.345733098080278134e-01 7.115119308991805269e+01 4.540569902705539618e-01 
-3.541073805353932347e+00 -1.223045172147274595e+00 1.426931666126040055e-01 7.049590444008548218e+01 2.255101750685067630e-01 
-3.563613219263146448e+00 -1.262970780189979658e+00 1.334918208767567616e-01 7.781992457002660046e+01 2.807415888873149301e-01 
-3.533887913895926491e+00 -1.239947321248467293e+00 1.327303240902139581e-01 8.051806922578326464e+01 2.896452366905876152e-01 
-3.560970068628839247e+00 -1.208630395982502437e+00 1.412712426427649159e-01 7.941125493040972572e+01 3.272738519024889214e-01 
-3.512436810800690257e+00 -1.175333839373624345e+00 1.458609392799530002e-01 7.653135070555129005e+01 3.254887560196005336e-01 
-3.583827246654557541e+00 -1.273800042839824176e+00 1.313419295713385282e-01 7.558670868570243329e+01 2.360606388267045830e-01 
-3.531000000000000139e+00 -8.794260000000000410e-01 1.320000000000000062e-01 7.281000000000000227e+01 3.309034759929236902e-01 
-3.487939110908553797e+00 -9.132367626211155276e-01 1.155780045718662052e-01 7.382189266255483062e+01 2.817504779061102971e-01 
-3.582977660609230064e+00 -8.855910117309243601e-01 1.245516752978540059e-01 7.131158209908690537e+01 5.382830213818987630e-01 
-3.544748061433541597e+00 -9.380718598014087251e-01 1.280996366327015745e-01 7.327659606789809743e+01 3.393617957232162863e-01 
-3.505761384311588902e+00 -9.259199032838226762e-01 1.286181648072844685e-01 7.232712965981818343e+01 3.913248865012802780e-01 
-3.565519268299929045e+00 -9.070995907374156397e-01 1.297847206705628476e-01 8.054726131770586051e+01 3.808901831374042479e-01 
-3.535713260968820659e+00 -9.842134994530163938e-01 1.346145577041604757e-01 7.522926017138729549e+01 4.390450290184153559e-01 
-3.504819263020978237e+00 -9.718788428976489202e-01 1.356128419511334338e-01 7.649683196125063489e+01 4.275214124609225674e-01 
-3.510703081284080707e+00 -9.637635559712967037e-01 1.349272283124309246e-01 7.539107250389029957e+01 2.258416077714453796e-01 
-3.471401507627938532e+00 -9.710329861393721673e-01 1.390681572339319272e-01 7.635201901567019434e+01 8.754977713794125094e-02 
-3.137729249359245021e+00 -9.211581703682640843e-01 1.362791676213639946e-01 7.407893577969923626e+01 3.942016597097248304e-02 
-3.035087224152673180e+00 -8.914420853549807067e-01 1.338103918977159579e-01 7.479868168561819175e+01 1.768938612258919713e-02 
-3.033609519671665478e+00 -9.429686065174196496e-01 1.404763115587569500e-01 8.090918468456794699e+01 2.516579088268288550e-02 
-2.694298862037156184e+00 -9.116369351758144557e-01 1.430032286697009714e-01 8.066944741571494149e+01 6.634883862586732350e-02 
-2.915733194253317784e+00 -8.800486844366732786e-01 1.419032671076893015e-01 7.739838622641364907e+01 1.525973170149780636e-02 
-2.819039761796288790e+00 -9.554621201301130018e-01 1.360064849108441332e-01 7.733969678683743609e+01 3.048556646396324843e-02 
-3.041474124265203471e+00 -9.725348704557821300e-01 1.313701584324264704e-01 7.787072763006929677e+01 2.893475484663302413e-02 
-2.993303903510465602e+00 -9.944344796872952585e-01 1.295817706188706619e-01 8.482414095814868915e+01 1.006584861741415329e-02 
-3.147511792628721494e+00 -9.585174759428795044e-01 1.246110887928415095e-01 8.827524625853665441e+01 2.162017158401887892e-02 
-3.125825487623190568e+00 -8.640128467044390081e-01 1.348787374429414876e-01 8.787115242209252131e+01 3.998139978667236694e-02 
-3.149376920932089430e+00 -8.492483535498166480e-01 1.305740713250329588e-01 9.091110318738219576e+01 1.321754331554432678e-02 
-3.255413833347323482e+00 -8.369444620348198693e-01 1.256331685709007051e-01 9.231659519023668281e+01 2.285123395938380708e-02 
-3.300720470023061903e+00 -8.410818347472316381e-01 1.242685948662090312e-01 9.556504276103419215e+01 1.257770720432494285e-02 
-3.441322164048397525e+00 -8.251824007128697458e-01 1.361435308897238905e-01 9.431867078265865700e+01 1.631965843873862607e-02 
-3.548554405011197233e+00 -7.367377395331988765e-01 1.491803573443561126e-01 1.012477406198178471e+02 3.768649922908408612e-01 
-3.634316069352669043e+00 -7.893351625765604451e-01 1.571051844987803314e-01 1.037502787218327285e+02 3.037246939091468589e-01 
-3.560897810199728397e+00 -8.151377796984845547e-01 1.628938645064931801e-01 1.040751251755991689e+02 3.363091924594153737e-01 
-3.570320459019194370e+00 -8.192789499966721678e-01 1.534084672474760325e-01 1.113740048414905033e+02 3.200946826777542609e-01 
-3.659727109342493456e+00 -7.680704402605776915e-01 1.511049199574888702e-01 1.149911955574159066e+02 3.158287959981666004e-01 
-3.578176725192284913e+00 -7.754382503155348161e-01 1.463918041537345394e-01 1.110840326765632256e+02 3.862199542010385511e-01 
-3.501002562738645185e+00 -7.621974326900916585e-01 1.500414131589562217e-01 1.084566487103230372e+02 3.774481699261392209e-02 
-3.613824195323453559e+00 -7.465925927599851297e-01 1.479720126071556452e-01 1.107273867790293025e+02 1.445149931696052825e-01 
-3.526366913959400939e+00 -6.969106130528586185e-01 1.530920713043429915e-01 1.077145787461622319e+02 3.698570236306361614e-01 
-3.538142099270604302e+00 -7.195567058594131149e-01 1.495277767207916220e-01 1.069969922170328402e+02 3.707291464067119513e-01 
-3.508564587040444049e+00 -6.602648979211913627e-01 1.439420907223638579e-01 1.089011989451274189e+02 2.486125785545663103e-01 
-3.500376752322495566e+00 -5.463736357029945756e-01 1.478736769352692326e-01 1.054340050206573380e+02 3.741833910736500068e-01 
-3.489779342935598105e+00 -4.779352104905923992e-01 1.598557125235507415e-01 1.059203537274164546e+02 3.568725199649169788e-01 
-3.560390954690562104e+00 -4.895345464365506438e-01 1.533173982205254249e-01 1.071222571843651394e+02 5.382830213818987630e-01 
-3.585157050602464590e+00 -4.840075625052689401e-01 1.607986749300803209e-01 1.025190567803792590e+02 3.037243194834600701e-01 
-3.512549895813963374e+00 -4.099071937818702938e-01 1.604212045263388176e-01 9.749861733014988374e+01 4.656299126802683208e-01 
-3.450472151832059353e+00 -4.294301707028855275e-01 1.639579500296993453e-01 1.037755119771075414e+02 2.019633538859116617e-01 
-3.493013918749279245e+00 -4.307251373144881934e-01 1.646990029503450637e-01 1.060641397180384047e+02 3.585139052600190279e-01 
-3.573401442919871052e+00 -4.639314493592176514e-01 1.595758689437813682e-01 1.025440651234342084e+02 3.036143682669103505e-01 
-3.521685569097417812e+00 -4.386487983524642864e-01 1.702975329863473386e-01 1.095021228049467936e+02 3.768828723712505102e-01 
-3.531000000000000139e+00 -8.794260000000000410e-01 1.320000000000000062e-01 7.281000000000000227e+01 3.399827230922117804e-01 
-3.570110325084529634e+00 -8.020821969051162847e-01 1.345532169094136865e-01 7.274785834702082354e+01 3.037238833399585336e-01 
-3.515627557959444260e+00 -8.445428055186554595e-01 1.320071814204936689e-01 7.527672354684249001e+01 4.276988024605545835e-01 
-3.480343996677242480e+00 -8.403212315862796933e-01 1.330500935181397615e-01 7.524030742453953735e+01 3.122912751341470616e-01 
-3.525230991626962851e+00 -8.543987448343446367e-01 1.283704340064128202e-01 7.969003818964716856e+01 2.360802839387958485e-01 
-3.500025863221148725e+00 -8.156318787009047000e-01 1.221297574914293471e-01 8.146675531916783086e+01 3.152684308135974556e-01 
-3.510764746660067548e+00 -8.834017931193461903e-01 1.242441624912243026e-01 8.005509781125016389e+01 3.192430748518015893e-01 
-3.518726608409632473e+00 -1.001887975874540260e+00 1.314160924411948150e-01 8.051164438617881558e+01 3.385229888205826265e-01 
-3.559209035798506449e+00 -9.922165518952263952e-01 1.352062228435111924e-01 8.188562878252193400e+01 3.627097120941505937e-01 
-3.589400605451682935e+00 -9.739342307070618654e-01 1.268249307494460076e-01 8.418235841707378597e+01 2.895684734298963336e-01 
-3.502834018768822499e+00 -1.006407665004365626e+00 1.278940190257924214e-01 8.279512645703007934e+01 9.251436548985997321e-02 
-3.381477519730747616e+00 -9.800000038096886579e-01 1.343167800493587638e-01 8.736335915985237932e+01 1.317582036733655482e-02 
-3.476848990151297336e+00 -9.710486155733101254e-01 1.238944385007800242e-01 9.062214665476628284e+01 3.608675360149073141e-02 
-3.394479048521038766e+00 -9.824518318807754502e-01 1.224572716611752321e-01 8.620817061156689931e+01 4.770840255314556799e-02 
-3.185999049777072933e+00 -9.988430063888934507e-01 1.251865122408706010e-01 8.794140653253194273e+01 2.073144689995108300e-02 
-3.048189997494486381e+00 -9.407025603927948731e-01 1.331293137687009909e-01 9.121429186976706660e+01 1.100909137414487864e-02 
-3.172943497878959906e+00 -9.012879667102582371e-01 1.343099683965896518e-01 9.204400390385416131e+01 2.539858092204594353e-02 
-3.147986686866488082e+00 -9.615431746049991624e-01 1.428690215149920339e-01 8.991859103240805950e+01 2.887451572860466609e-02 
-2.934145152107986210e+00 -9.032038211722722698e-01 1.413219435189308482e-01 9.198671909771255173e+01 6.908553778519060939e-02 
-2.846355087444545795e+00 -8.390844536089713257e-01 1.446966494910923440e-01 8.971866809456527392e+01 2.334578351124180079e-02 
-2.818726040783330333e+00 -8.150677117781276459e-01 1.381911762620098849e-01 9.478849668204041734e+01 6.101030774728940370e-02 
-2.856008060428592454e+00 -7.861642222448972372e-01 1.279057736325016070e-01 9.928849803462274792e+01 2.025060795077309600e-02 
-2.926754066290111478e+00 -8.455629790640034615e-01 1.205330351387253057e-01 9.083585901746276647e+01 4.245076071844131049e-02 
-2.879325809187894603e+00 -7.976368485084596172e-01 1.205260711465363926e-01 9.172058794058813191e+01 2.689991190475155697e-02 
-2.923174390437276671e+00 -8.835626660624479323e-01 1.244013646470032985e-01 9.221701471069850697e+01 2.469737970075019245e-02 
-2.960017658169543431e+00 -8.569855875025160774e-01 1.215090675728195679e-01 9.809454727161021026e+01 7.959220892488004517e-02 
-2.736789503542470747e+00 -8.471985591855504261e-01 1.167640686294038749e-01 1.014415899755024100e+02 9.570852492094336986e-03 
-2.649390688949968542e+00 -8.544610518002316857e-01 1.256850795708119861e-01 9.646784437293443659e+01 8.758431118015025385e-03 
-2.782159579047636999e+00 -9.005631231033708328e-01 1.320795203976917742e-01 1.014138195433648377e+02 2.881360272200448464e-02 
-2.778150426994260069e+00 -8.726018642136265102e-01 1.298988491766233933e-01 9.985211179750687904e+01 3.504055158100103512e-02 
-2.646243971481027746e+00 -9.275962347105703998e-01 1.295866426183631404e-01 1.006983778578018303e+02 2.563010267134999826e-02 
-2.731890407757624928e+00 -9.191878443862960824e-01 1.294056343732329084e-01 9.849885068740454130e+01 1.256157346969978723e-02 
-2.758765812119764682e+00 -8.750022923803491004e-01 1.275109562661556339e-01 1.013717469985087831e+02 3.132015198947595003e-02 
-2.717411783869291053e+00 -8.147329191572703078e-01 1.242820119697021081e-01 1.016067848882194937e+02 4.576029133346824068e-02 
-2.526374560444422546e+00 -8.504170751564585906e-01 1.282720903972664750e-01 9.507513041218153660e+01 1.268371468251095792e-02 
-2.540694439151076178e+00 -8.686306607882328112e-01 1.311349702367103631e-01 9.628540300025251497e+01 8.989115391313804923e-03 
-2.543555730292256900e+00 -8.918721494403252237e-01 1.308034895409744269e-01 9.915535766936706352e+01 4.112213518735442774e-02 
-2.645662604002854135e+00 -9.629288642337818782e-01 1.422631059451091029e-01 9.773777915070483857e+01 1.589614643803262395e-02 
-2.730002704862209750e+00 -9.232314361908737776e-01 1.586296065766304997e-01 1.006512920000479170e+02 8.545772384935972077e-03 
-2.543930525196572479e+00 -9.043370321927203248e-01 1.563897815026541738e-01 9.931509300935989870e+01 1.644185567774513954e-02 
-2.433621727455930195e+00 -9.329002385682538812e-01 1.570905138104158327e-01 1.009558242474137728e+02 1.328318457674484629e-02 
-2.498466448339939916e+00 -8.985308751311520403e-01 1.519236088769236881e-01 9.710390989491006053e+01 2.373875762933052441e-02 
-2.909868945032080045e+00 -8.760066120608692719e-01 1.526348893879947710e-01 9.827958372253996799e+01 9.093066853943414588e-03 
-3.067180740340257561e+00 -9.350540160241030962e-01 1.515797910685429684e-01 1.037339469057019556e+02 2.464796265394775601e-02 
-3.082306586527880032e+00 -8.959896248400012198e-01 1.515613887931133719e-01 1.069248637041869046e+02 2.093337737525755027e-02 
-3.030604751598247493e+00 -9.241557725918190247e-01 1.497434759142848293e-01 1.026888120402765878e+02 1.290790030662157181e-02 
-3.043362049954405180e+00 -8.384335144627499403e-01 1.466807636597949605e-01 1.039540854764650391e+02 3.338985499729110740e-02 
-3.318353123878806876e+00 -8.698274078563059675e-01 1.490831155040359679e-01 1.047134265482530395e+02 3.600218341300710778e-02 
-3.369224260335478505e+00 -8.538834232285896775e-01 1.433512179722255531e-01 1.012315581569123424e+02 1.164813243242629817e-02 
-3.458556261156532585e+00 -8.830886803905149129e-01 1.319982702994017820e-01 1.042450790747138711e+02 1.183175133728286976e-02 
-3.429407761910487018e+00 -9.165958779513746491e-01 1.450893846473320370e-01 9.940830829899164200e+01 5.358118606817503793e-02 
-3.519947489680356423e+00 -9.494073813597394551e-01 1.492431988845636104e-01 9.761984901572978401e+01 1.766294322150087637e-01 
-3.574915022880293503e+00 -9.490248329867637667e-01 1.460797609568242339e-01 9.258805710030365788e+01 2.970784891719108201e-01 
-3.515028687229091009e+00 -1.007935583334075957e+00 1.451638351545725125e-01 8.911787435278989733e+01 2.804426095910024785e-01 
-3.612770680666453682e+00 -1.019593738521351156e+00 1.515663975062252200e-01 8.485595678963677813e+01 2.360828608921962113e-01 
-3.585742884010809206e+00 -9.994395799321015295e-01 1.474209589765112793e-01 8.225367770491523345e+01 3.742652650008976289e-01 
-3.568501141637563379e+00 -9.445601866641587518e-01 1.445069931397658936e-01 8.230502689369080827e+01 3.723270264690456410e-01 
-3.534799315930616803e+00 -9.763346605742168061e-01 1.326151846003351120e-01 8.313179383728054006e+01 5.310293573861681882e-01 
-3.531000000000000139e+00 -8.794260000000000410e-01 1.320000000000000062e-01 7.281000000000000227e+01 3.557925463550918321e-01 
-3.332806445955001529e+00 -8.855231233760055831e-01 1.303371061236205664e-01 7.051269677876405240e+01 5.249624231764076637e-02 
-3.470637575999043989e+00 -9.055072195176357974e-01 1.252321101696978189e-01 6.649236838212976863e+01 1.625347081550239381e-02 
-3.480103388329307990e+00 -8.873343117422763937e-01 1.280831672726686354e-01 6.811864812733500685e+01 5.192483144248816185e-02 
-3.469636327200188219e+00 -9.167053951126094002e-01 1.294274878550096264e-01 7.204667869828737992e+01 1.880234462683618712e-01 
-3.360767061495009589e+00 -9.252948400024157971e-01 1.313154356852254123e-01 7.150082734807742213e+01 1.289504644647295611e-02 
-3.502492785071005255e+00 -9.315357626738561825e-01 1.307586612475708232e-01 7.444194156180948596e+01 3.630677860956838532e-01 
-3.575045813841456255e+00 -8.782198836114341045e-01 1.360406296661012815e-01 7.225494851460314294e+01 2.256348820980127456e-01 
-3.507060999173364113e+00 -9.298901918254198762e-01 1.336175787043134833e-01 7.410503805494643359e+01 3.258228409660032243e-01 
-3.565257169305477092e+00 -9.920866633052507488e-01 1.191006457285013476e-01 8.123417830003425877e+01 3.037246939089917608e-01 
-3.548818562823565337e+00 -9.342557601359207098e-01 1.181854792314510072e-01 8.440774437610436109e+01 4.643437600301200119e-01 
-3.572094490267278655e+00 -9.238274701810067491e-01 1.211985444086239039e-01 8.586850819716102023e+01 2.983670585126746988e-01 
-3.481398651832751767e+00 -9.310851118296359363e-01 1.189899327815283347e-01 7.863881721891348775e+01 2.653454634813222635e-01 
-3.303998072326178814e+00 -9.351142716363856078e-01 1.110659051815713200e-01 7.929812383228305350e+01 2.169654986148925394e-02 
-3.317364055231341258e+00 -8.691649018886620226e-01 1.069431135719661891e-01 7.867309317894448384e+01 1.021951225250568307e-02 
-3.523003246624991647e+00 -9.406553545889483336e-01 1.091538744877950939e-01 7.452693800920619083e+01 1.806022766487975217e-01 
-3.495930899506690004e+00 -9.745172279686515893e-01 1.111598406704078640e-01 7.795658340494765071e+01 3.979015083326436497e-01 
-3.555044113871660194e+00 -9.299242999365023854e-01 1.065994581610690273e-01 7.623202381720382448e+01 1.218624323701517909e-01 
-3.400327174113269457e+00 -9.552255739739272666e-01 9.320912261528592480e-02 7.402710807391804337e+01 9.001599327044507159e-02 
-3.331942365490039748e+00 -9.317395447507170747e-01 9.498942192055126466e-02 7.531167755883892312e+01 2.117088104750061706e-02 
-3.208757556463031957e+00 -9.185960169574468592e-01 8.863313716223662764e-02 7.992019381716556836e+01 1.153066801185767196e-02 
-3.263157939160453935e+00 -9.240514071536647389e-01 9.852286335492733971e-02 7.771029724104600689e+01 5.899411015510192327e-03 
-3.444254653896309915e+00 -1.004389911779094424e+00 1.039717754574737835e-01 7.945203670485331315e+01 7.412567006059889163e-02 
-3.361556298463154846e+00 -9.654440666917055713e-01 1.146929804024553884e-01 7.925117225530685516e+01 1.979650244971230613e-02 
-3.347843256677954571e+00 -9.468021270245318144e-01 1.248086683549198550e-01 8.011767265883122491e+01 1.362019449277573555e-02 
-3.575756539226158548e+00 -9.753913813069026162e-01 1.143501973162168173e-01 8.181827152907520428e+01 2.941612373287072479e-01 
-3.525499041802125255e+00 -9.513114382261851354e-01 1.148587447589212440e-01 8.237078319730595410e+01 4.864797210611178091e-01 
-3.515147262819002805e+00 -9.878718288391493685e-01 1.240814888099584790e-01 7.020620730023335909e+01 5.094410087782100804e-01 
-3.534627253465751906e+00 -1.007242138876388804e+00 1.237114679038957138e-01 7.279288317670096831e+01 3.069964134350228746e-01 
-3.531737010215654227e+00 -1.016035973956207927e+00 1.202214002996836728e-01 7.004208967979603528e+01 4.850418171978417292e-01 
-3.364145272178745927e+00 -1.059753037558555544e+00 1.269953313435726594e-01 7.478678745214521939e+01 2.017099506655613966e-02 
-3.325352007225679696e+00 -9.719957361531835760e-01 1.270450524331757092e-01 7.424518735675586356e+01 4.212482720792225938e-02 
-3.320759807842891487e+00 -1.058930168740136901e+00 1.303284981452692004e-01 7.349033335927447297e+01 1.752512237494237984e-02 
-3.341464762502107888e+00 -1.094030583614512331e+00 1.274605467206686993e-01 7.498793001547110748e+01 1.564682100238823370e-02 
-3.332236994564981014e+00 -1.074352300449034958e+00 1.203319256333492682e-01 7.308014064302521717e+01 1.903946632416675389e-02 
-3.453157608674475743e+00 -1.085781746044501617e+00 1.187299244312923358e-01 7.559750017548901724e+01 4.150144815628194206e-02 
-3.463728362846371756e+00 -1.196803491612583148e+00 1.215824516690205831e-01 7.227374507694484862e+01 7.586836698801513457e-02 
-3.400693298531591413e+00 -1.251024775211097007e+00 1.387886825584899730e-01 7.455902312383415165e+01 5.418418963218425699e-02 
-3.067291477925432108e+00 -1.243231710570862347e+00 1.434973627644140493e-01 5.784344368884515575e+01 3.941205960991839286e-02 
-2.788484351565369668e+00 -1.267029294524699923e+00 1.475762624167593906e-01 5.647319592843902569e+01 3.510815767897270540e-02 
-2.767424742847012453e+00 -1.253697022730625665e+00 1.431693617182971112e-01 6.102750745988255687e+01 3.826933453825553250e-02 
-2.764657542710012628e+00 -1.223990615613289590e+00 1.564045333475997668e-01 5.450238835064787679e+01 3.660379254684371225e-02 
-2.628345883669713334e+00 -1.154068945850978967e+00 1.469970571577779161e-01 5.477906430381039371e+01 1.837458722315811477e-02 
-2.859898160263937505e+00 -1.196593415469991539e+00 1.457386072927560061e-01 5.682660561291351797e+01 2.306987242078902683e-02 
-2.864388083392388040e+00 -1.173074701986722479e+00 1.403046590304660723e-01 5.396652491419808939e+01 3.357586176325479815e-02 
-3.000408786626707958e+00 -1.171271682416337390e+00 1.463771811471670237e-01 4.926941083569924729e+01 4.063083388142371688e-02 
-3.252003444340097360e+00 -1.136329524592054385e+00 1.458403316630500490e-01 4.843749254041053831e+01 5.389777544867852682e-02 
-3.224902537065192920e+00 -1.123935626073828464e+00 1.565578481701258851e-01 4.218358094586491802e+01 2.068588474950112943e-02 
-2.903682546111455487e+00 -1.129612712869582980e+00 1.560658835858630411e-01 4.134772420262235926e+01 7.320708443278468869e-02 
-2.960730662778081168e+00 -1.139383530683460544e+00 1.439255619901247396e-01 3.704011082889665119e+01 4.294018258949244826e-02 
-3.025770555480664648e+00 -1.148106408085746155e+00 1.465496413666644571e-01 3.069083869653988472e+01 3.534869478194934550e-02 
-2.783275505235987879e+00 -1.105462685790589816e+00 1.398509647745695417e-01 2.846454143322630159e+01 2.756413162080306040e-02 
