-3.531000000000000139e+00 -8.794260000000000410e-01 1.320000000000000062e-01 7.281000000000000227e+01 3.031596270893323619e-01 
-3.538332817205722236e+00 -8.659520855171981557e-01 1.411433034427263533e-01 7.003884435155244148e+01 3.037687914861150751e-01 
-3.375529469374854319e+00 -8.369973604238871712e-01 1.490975149828798474e-01 6.920503703629059089e+01 1.335062878375371798e-02 
-3.466367985000860408e+00 -8.652874954834075538e-01 1.510615548050446844e-01 6.588914898880472037e+01 1.525717466980781693e-02 
-3.527963707004731386e+00 -8.161796692022985633e-01 1.565283146583036078e-01 6.524237076872105945e+01 1.895755582158697716e-01 
-3.527098012065074339e+00 -8.965058136824060053e-01 1.683033131123263526e-01 6.777992983640558577e+01 1.543020326157060751e-01 
-3.577758763451005741e+00 -9.225561488882596528e-01 1.707562256449028926e-01 6.814530502225613873e+01 2.836581951284737890e-01 
-3.523885473581914063e+00 -9.736900116368290004e-01 1.770704599616594876e-01 7.409654743058985105e+01 3.973049331468362366e-01 
-3.534828455796713342e+00 -9.475331888412422687e-01 1.738645180760181874e-01 8.076380770829628375e+01 4.319190961547809127e-01 
-3.588857958613561827e+00 -9.000933503403543146e-01 1.697713960493272001e-01 8.789443116313283610e+01 3.257319599535835053e-01 
-3.599152152678845695e+00 -9.114426582639177932e-01 1.799216187805699196e-01 8.806896118263551898e+01 3.716095818229020464e-01 
-3.572742476946414669e+00 -9.240541073384203052e-01 1.787684239590764113e-01 8.397328702632751174e+01 3.701157449857317427e-01 
-3.573958971260855932e+00 -9.445052519680849912e-01 1.774573595383146241e-01 8.546730078242993045e+01 3.962284362072773791e-01 
-3.577593338828611191e+00 -9.200589793016346052e-01 1.788402312400083627e-01 8.454583992540031545e+01 3.828232603129109735e-01 
-3.567190505201351947e+00 -9.382225365670212591e-01 1.747084162812074792e-01 9.385592789806189273e+01 3.743220509689310083e-01 
-3.540702683256673478e+00 -9.535479750553595979e-01 1.733049775627598932e-01 9.742986079864400040e+01 2.420737108643453150e-01 
-3.537516175374771255e+00 -9.669349342691589966e-01 1.742095066943762094e-01 9.785887805436064468e+01 1.806888634188544285e-01 
-3.634550164037060327e+00 -9.759663879743922799e-01 1.773216167705867763e-01 1.036103772734557680e+02 1.113157485995071305e-01 
-3.594132847006402898e+00 -9.817210059545296019e-01 1.691384411696995882e-01 1.011779726143260376e+02 3.754342709718862525e-01 
-3.594341609210682797e+00 -1.035788615734049678e+00 1.692470390908170086e-01 9.843542807578647569e+01 3.646204728022897634e-01 
-3.548755795789515943e+00 -9.655514420724060631e-01 1.691810487744584701e-01 9.906561658767985534e+01 2.581641557722984537e-01 
-3.573730576352977195e+00 -9.382227414229105111e-01 1.744445366813359710e-01 1.026552773700109640e+02 2.943760872396267714e-01 
-3.554143389813433807e+00 -9.024846875822988279e-01 1.661722629374722260e-01 1.091118315455671279e+02 3.691315961345632002e-01 
-3.594551347496805160e+00 -9.269504575135785185e-01 1.612108848056730825e-01 1.121204116217247133e+02 2.767938834481213917e-01 
-3.560073797203419321e+00 -8.916129229361604569e-01 1.677667485444300499e-01 1.073281953906164006e+02 3.050787219397015360e-01 
-3.594354757241408294e+00 -9.320120253775685537e-01 1.747327054963893345e-01 1.102717082892497160e+02 3.858343968132673663e-01 
-3.641700015265467272e+00 -9.744644390588377281e-01 1.696540637800617313e-01 1.100884077245139991e+02 1.794931478403825609e-01 
-3.612315212808660636e+00 -9.491376841693164312e-01 1.737554875125235099e-01 1.080595978967845525e+02 4.263691724502385316e-01 
-3.582010154976940974e+00 -9.748261453952759004e-01 1.698562885571353320e-01 1.064067525307689834e+02 3.889149068540392329e-01 
-3.600871876338078703e+00 -9.445921031721102867e-01 1.708150796307293384e-01 1.036288781980885716e+02 2.970566349594480071e-01 
-3.561904194226837905e+00 -9.039898005454702901e-01 1.733454659489615801e-01 9.615450513970250768e+01 2.402162226434315095e-01 
-3.280579451305752681e+00 -8.564236777607002749e-01 1.734418881064116735e-01 9.770441805558398585e+01 2.338807005385966364e-02 
-3.456234208266214747e+00 -8.643384690439558371e-01 1.652712680879095397e-01 1.026099361793771862e+02 1.145214076452397145e-02 
-3.464151366967601842e+00 -8.008866617908434460e-01 1.652659985467029580e-01 1.050393240742426428e+02 2.261406133953270878e-02 
-3.344647602388341578e+00 -7.801121906300171327e-01 1.676248332956316034e-01 1.023446429516918670e+02 1.379488972482618113e-02 
-3.425635389518404850e+00 -7.667563375460332287e-01 1.744990469979550707e-01 1.006047848190382439e+02 1.570813703400125022e-02 
-3.119425957973695152e+00 -7.800579241488989624e-01 1.747668057422411825e-01 9.921442077550351257e+01 1.206501833388472222e-02 
-3.161337935948610678e+00 -8.213095744660302566e-01 1.702388057350553707e-01 9.561968430615239356e+01 5.711008967836460337e-03 
-3.118760786417989816e+00 -8.292972054870076937e-01 1.624817234876703431e-01 9.406938179035114445e+01 1.392093407590074688e-02 
-3.235951463628994329e+00 -8.049393721229873844e-01 1.575553409485868084e-01 9.682057010404746222e+01 1.602597533870245977e-02 
-3.494814099857852963e+00 -8.448054674351801463e-01 1.607422963739652544e-01 9.860991497220616964e+01 8.376728183383859438e-02 
-3.525193062910116915e+00 -8.214136048630865661e-01 1.663180416956577534e-01 1.007113990998515476e+02 2.867500503124980615e-01 
-3.531000000000000139e+00 -8.794260000000000410e-01 1.320000000000000062e-01 7.281000000000000227e+01 3.676806015856634025e-01 
-3.500899393325825226e+00 -9.180105638354720821e-01 1.275824615403050866e-01 6.854206800930634813e+01 2.971346715531436034e-01 
-3.454129162085389115e+00 -8.476870548236079550e-01 1.291253288463271587e-01 7.007756572056182165e+01 1.259130605672233172e-01 
-3.434750537208666188e+00 -7.776386326215626310e-01 1.264215305734584516e-01 7.166145686296894723e+01 1.408785829689231939e-01 
-3.450924015319067006e+00 -8.144529391457103751e-01 1.182496327274885350e-01 7.455932488527966484e+01 2.638484656549181517e-01 
-3.453340146769663832e+00 -8.480858968334260561e-01 1.189201942043964233e-01 7.568287673257616177e+01 1.303442722195130021e-01 
-3.232124786370350389e+00 -7.898420922301425673e-01 1.298733650051728805e-01 7.417523273872266998e+01 3.715387646504386687e-02 
-3.482945897599609264e+00 -7.792127258825382041e-01 1.232174322297618085e-01 6.860456607526980122e+01 3.661960874586232539e-01 
-3.284497826867854631e+00 -7.533042075187081910e-01 1.189229013923660400e-01 7.067713820646642375e+01 2.181693999814557361e-02 
-3.251803218337074863e+00 -7.673185734288183735e-01 1.073098957864207503e-01 6.746653102445421268e+01 2.590959067201280275e-02 
-3.424289755332825536e+00 -7.862211019172353765e-01 1.089945489959255193e-01 7.125449296239246166e+01 3.149474952012277368e-02 
-3.367421801691052874e+00 -7.927049434511367343e-01 1.087142642079810539e-01 7.071113434704403744e+01 3.166539544383388527e-02 
-3.425654234879982774e+00 -7.294952335413478206e-01 1.076686790241541403e-01 6.823111232912405910e+01 2.796726987745722370e-01 
-3.117083907808903653e+00 -6.881599681678911562e-01 1.143351382915506892e-01 6.821911153947417006e+01 2.958613221281223768e-02 
-3.068713405176025422e+00 -6.725606706404311241e-01 1.154778386176189969e-01 6.669265297280091431e+01 3.117609713384469905e-03 
-3.287891564511450593e+00 -6.128212624799910246e-01 1.194239304288232939e-01 6.527694370937160784e+01 1.796372917322443599e-02 
-3.372440579440848740e+00 -6.659911001418593601e-01 9.510302802900190422e-02 6.903782538373796740e+01 2.259406905399452548e-02 
-3.527384851694014500e+00 -7.090403701536495129e-01 9.771955373262457278e-02 6.541927637954287889e+01 3.037246939091468589e-01 
-3.426189918362065878e+00 -6.892386928519160794e-01 1.030120547144767890e-01 5.996035066873436392e+01 3.339598866613548989e-01 
-3.493919019228944656e+00 -7.148896788435392669e-01 1.028973869130281604e-01 5.870210278538399251e+01 3.037246939089917608e-01 
-3.394887618973629451e+00 -6.431443354523541656e-01 9.595895713764709956e-02 5.848344277098817656e+01 4.015097385687357301e-01 
-3.420752136026458334e+00 -6.395008508704531636e-01 9.449221628416983043e-02 6.013139666976518072e+01 3.991153141893097889e-01 
-3.486340141983577112e+00 -6.593893535265678008e-01 1.027581019246197741e-01 6.268433316058318638e+01 2.359823863345725803e-01 
-3.396589331312021898e+00 -6.806129919779250192e-01 1.045059992677543070e-01 6.131645986421774808e+01 2.524929668811870531e-01 
-3.484312731407141150e+00 -6.997551432299634611e-01 1.010107487637443846e-01 6.224508023028898407e+01 8.673240034615261607e-01 
-3.460983817988573019e+00 -7.613453308357727156e-01 8.996976300501033363e-02 6.097748527490451664e+01 2.925745458905554819e-01 
-3.485807544240318023e+00 -7.067748679406579138e-01 8.896466289689507201e-02 6.550102748877296222e+01 2.286882729606784515e-02 
-3.501368967399302257e+00 -7.192955433186449810e-01 9.786821151848584810e-02 6.726297378034466590e+01 6.330126652713574664e-02 
-3.355170340042055166e+00 -7.343224920760181851e-01 9.806732255594440006e-02 7.493993213187083313e+01 2.261824345803423175e-02 
-3.454903003520512605e+00 -7.269742298106509626e-01 8.772400073649014307e-02 7.790333350535033219e+01 1.780014107945811774e-01 
-3.485357461313803196e+00 -7.647767689485621689e-01 8.627248589064613615e-02 8.476444521939434651e+01 3.096690587875462475e-01 
-3.476367223526605432e+00 -8.064960820260724805e-01 8.815131725881951430e-02 8.423847676767644543e+01 4.010729593037698493e-01 
-3.432097977422113644e+00 -8.275379987726220188e-01 8.102388547777293615e-02 8.257881033141218552e+01 1.948775763795265736e-01 
-3.455721557357442908e+00 -9.465307290810718310e-01 7.423825689105385817e-02 8.157019630935700150e+01 2.366690196721839001e-01 
-3.483764397585002559e+00 -9.813970215964684662e-01 7.621298813211936640e-02 7.934062477672965485e+01 3.309389415526412526e-01 
-3.497480938198975764e+00 -9.510736710405517380e-01 8.209416517388672119e-02 7.510001618332356088e+01 3.698044013899731697e-01 
-3.463634991946059394e+00 -9.998518387664694362e-01 7.850840210943944852e-02 7.835052877657372505e+01 4.245676999333140023e-01 
-3.474300055997533221e+00 -1.015533278800601291e+00 7.705932968224854518e-02 7.498330164346658933e+01 4.086185818400358549e-01 
-3.531476403171746714e+00 -1.059504814298146913e+00 6.993848767507059028e-02 7.413176913534053369e+01 2.562893579651586151e-01 
-3.400431369694937977e+00 -1.016685001319013404e+00 5.517662886815240947e-02 7.283025928306560104e+01 2.321004624373098069e-01 
-3.488949548672180434e+00 -9.506856215445864677e-01 5.791058612595671035e-02 7.005820001992847779e+01 3.037246939089917608e-01 
-3.408954724308602025e+00 -9.751500087672591022e-01 5.720781368005571632e-02 6.868878861149684667e+01 3.462404027884333768e-01 
-3.450446732526930127e+00 -1.001164481796585903e+00 6.453129080603489665e-02 7.080794398125397038e+01 8.670264036260619256e-02 
-3.455153277634167797e+00 -9.951649859249280805e-01 6.229436013515764203e-02 6.896078700191907274e+01 3.648090120083252730e-01 
-3.477999193362503849e+00 -1.048371787633276986e+00 7.179480892396584990e-02 6.967866061944351941e+01 2.414802172046314199e-01 
-3.486972953952397702e+00 -1.091965345629265505e+00 6.932817459079829159e-02 6.884791763306601808e+01 3.711904870486422148e-01 
-3.475073904665914259e+00 -1.007931011568548252e+00 6.759411037975419922e-02 7.519835313289451051e+01 1.841432015460986449e-01 
-3.372917453843951918e+00 -1.033775608210726116e+00 7.407659547360817553e-02 8.241472022241789830e+01 2.603590454760067174e-02 
-3.502363247765664767e+00 -1.036759560167694438e+00 8.453052428807494856e-02 8.217773640770869292e+01 3.041306714669342881e-01 
-3.531000000000000139e+00 -8.794260000000000410e-01 1.320000000000000062e-01 7.281000000000000227e+01 3.884481616300429208e-01 
-3.505978386925230783e+00 -8.313643140001065746e-01 1.327946552567959571e-01 7.878497904461521273e+01 5.147908057912229385e-01 
-3.501325724969841069e+00 -7.703830182780915248e-01 1.192205214542444575e-01 7.968232189861630843e+01 2.750128988544058295e-01 
-3.523535652923892592e+00 -7.083066661802692732e-01 1.134570104055035306e-01 8.184364808652786394e+01 4.840157347063619997e-01 
-3.440919918494883767e+00 -7.182993663816240604e-01 1.118564896297795930e-01 7.189645058144505185e+01 7.823742054912223576e-02 
-3.502947773763882999e+00 -7.673139524109029441e-01 1.042044890369152044e-01 7.852020057260085650e+01 4.123651989051166367e-01 
-3.562503921908168003e+00 -8.114919100891592185e-01 1.009241594743942733e-01 7.828893745023377448e+01 5.703718656709918511e-01 
-3.398668184716402862e+00 -7.540871185683584166e-01 9.908727089409155586e-02 7.668609105691513150e+01 4.284660255393825390e-02 
-3.300723047980800740e+00 -7.540268016332534184e-01 1.095407964689475711e-01 7.760730312128680453e+01 7.479656887333865564e-03 
-3.404363700997031561e+00 -7.618957667737262796e-01 1.094949507151059265e-01 8.383904351478479100e+01 2.474640193272247685e-02 
-3.498217717246658420e+00 -8.206898459882081553e-01 1.214090935335624261e-01 8.601060033079936318e+01 3.823312167042691723e-01 
-3.450897479440340643e+00 -8.385047103810974178e-01 1.156533908953553541e-01 8.896104723825921212e+01 4.638111316990446709e-02 
-3.433524261704645753e+00 -8.779714356356672633e-01 1.127708686611853806e-01 9.064455213904319919e+01 1.373037961817214284e-02 
-3.424435548866585410e+00 -8.431899788146177688e-01 1.123066439981032782e-01 8.948216895401824900e+01 7.472798160733451836e-03 
-3.366854367750387933e+00 -7.259529374962617743e-01 1.238078101060624825e-01 9.179331152953015760e+01 7.559380198459217035e-03 
-3.306734970329417322e+00 -7.494552167022235922e-01 1.356027292370228787e-01 9.237977830317056771e+01 1.338693863129266498e-02 
-3.177659763044637486e+00 -6.231362870106531560e-01 1.387719842683993177e-01 9.509554754334810411e+01 2.604082494035941595e-02 
-3.439331836532721010e+00 -6.105929450801990122e-01 1.498820245991022426e-01 9.502170006260890034e+01 1.801882962739190935e-02 
-3.223878567055529221e+00 -6.607571432394581112e-01 1.585616658981870708e-01 9.592137143673862454e+01 7.279979936331596249e-03 
-3.204106375888119196e+00 -5.994709196583452027e-01 1.482605642522614453e-01 9.779478065652297403e+01 2.120836472683527985e-02 
-3.229099982176721895e+00 -5.794103081321685389e-01 1.574927426925810670e-01 9.654986888482710583e+01 6.736952647691120399e-03 
-3.498461945506371684e+00 -6.012184682011630921e-01 1.455455461702949427e-01 9.640280415034983719e+01 3.491547599572323302e-01 
-3.533474759996125147e+00 -5.858434864411895537e-01 1.435212445126468339e-01 1.050297971157722259e+02 2.115274319259086155e-01 
-3.525562969700756444e+00 -6.219069363516875892e-01 1.422823949493839946e-01 1.062390989877804657e+02 3.638442645828566802e-01 
-3.557047522993124655e+00 -6.353186124369595289e-01 1.509219706690194118e-01 1.077155387497321755e+02 3.245420608689467135e-01 
-3.523146863072462054e+00 -6.627349630270934489e-01 1.380275564407038025e-01 1.099333869027524315e+02 4.359599896487602044e-01 
-3.541597484226440162e+00 -6.108591126721142350e-01 1.380984115465949957e-01 1.051430251012127712e+02 4.395354904070137847e-01 
-3.530295032487643425e+00 -6.404768768940063417e-01 1.429798438627546964e-01 1.101209872683295714e+02 3.605801106534237688e-01 
-3.519580159764135630e+00 -5.930111865766278800e-01 1.416794111887952901e-01 1.125137128929858932e+02 3.600412872030922529e-01 
-3.530172668430447747e+00 -6.529473856943920351e-01 1.399395930344980166e-01 1.140720222556632990e+02 3.446723641681996297e-01 
-3.543180622782458045e+00 -7.130093745465532207e-01 1.345945010176650414e-01 1.140035095713109570e+02 5.183535523227194020e-01 
-3.553430622062160982e+00 -6.553405083891408189e-01 1.330507450859417518e-01 1.086201698611338031e+02 3.416479124963068825e-01 
-3.547201121142949276e+00 -6.053722704575821290e-01 1.327050832087703636e-01 1.051279558223183841e+02 2.340300523184750126e-01 
-3.568619551161764214e+00 -6.459301903851363269e-01 1.253437761536184969e-01 1.118957773287155675e+02 3.037246938386182205e-01 
-3.523821919192433594e+00 -6.605576382515148115e-01 1.271607186030960512e-01 1.149540138966059573e+02 2.906148950305668111e-01 
-3.544454990289866103e+00 -6.725086388632760537e-01 1.342241467510464359e-01 1.184247141094738112e+02 4.397532306861444140e-01 
-3.531000000000000139e+00 -8.794260000000000410e-01 1.320000000000000062e-01 7.281000000000000227e+01 3.102671863075040504e-01 
-3.507232598950259295e+00 -8.875331915397592919e-01 1.282614538059383691e-01 7.285626516981865564e+01 1.467939265938978388e-01 
-3.479437761712584898e+00 -8.408304339297971719e-01 1.190310722981283709e-01 6.626948621629682634e+01 3.463529533746789735e-01 
-3.476747869031614702e+00 -8.612767711521318592e-01 1.279687362324274935e-01 6.120133281852282892e+01 5.131744906916904103e-01 
-3.480739045062284820e+00 -8.155493042163529660e-01 1.282231252747999817e-01 6.267729207851105144e+01 4.190912620672582189e-01 
-3.501593817389541563e+00 -8.728426034694076741e-01 1.253679162162803506e-01 6.846817314894356343e+01 3.483414484241785791e-01 
-3.517287674496456074e+00 -8.466333116633150135e-01 1.249312335745163399e-01 7.350757945098251867e+01 2.015224581284851824e-01 
-3.576887092238984156e+00 -8.596894711847505866e-01 1.333164968257214700e-01 7.098406919493510259e+01 3.037246939090234021e-01 
-3.484497337269285566e+00 -8.448868269033003031e-01 1.391380814803074295e-01 6.333650896178922807e+01 2.701176825870841292e-01 
-3.484192627846040224e+00 -9.184511734861697807e-01 1.344733231446524346e-01 6.155154169032478251e+01 3.957858176829618935e-01 
-3.513338491251846829e+00 -1.033812815659836293e+00 1.350477372197771420e-01 6.487782805495496063e+01 1.023165167712238449e-01 
-3.505974261884433840e+00 -1.038509245936969361e+00 1.419660421527187966e-01 6.694568472545064708e+01 4.145614186208040897e-01 
-3.509657737418212964e+00 -9.908098018294223541e-01 1.436081304773677847e-01 6.153095914680289980e+01 3.658283421588467976e-01 
-3.504290748332735461e+00 -9.611359069952206680e-01 1.278118443011022065e-01 6.733321686716996624e+01 3.379803037100891361e-01 
-3.071858104681680413e+00 -9.894659658885176512e-01 1.345185160083932352e-01 6.739092022632824808e+01 8.483513107036528764e-03 
-3.077819409521719951e+00 -1.013383524674716707e+00 1.309924792769285584e-01 6.463707265399558821e+01 2.692892765557155024e-02 
-2.976430500749917218e+00 -1.038205903402703356e+00 1.213234969840835814e-01 6.637474272698018751e+01 4.369252868842130044e-02 
-3.503768922710507994e+00 -1.102310725446986162e+00 1.291244777520245413e-01 6.421226588443833805e+01 4.052693185716546020e-01 
-3.527507376541546336e+00 -1.119323553484561584e+00 1.284134241171471236e-01 6.322952233437809610e+01 1.049252447863928128e-01 
-3.461778799362217107e+00 -1.076430497828725130e+00 1.231731407058140326e-01 6.890102849191143264e+01 1.591165476909487397e-01 
-3.408014901348726866e+00 -1.158983377631378264e+00 1.207286348600814241e-01 7.480865285755861294e+01 4.786497252879470810e-02 
-3.188174554488441448e+00 -1.096568140670398872e+00 1.126696553971614917e-01 7.681798924382819393e+01 3.651843423269097305e-02 
-3.185028050745442041e+00 -1.121846618627312608e+00 1.172556348968310930e-01 7.512841124396283021e+01 4.687125244981456967e-02 
-3.557227206320902280e+00 -1.084809618817994981e+00 1.216881302368601064e-01 7.587225174471031153e+01 2.726115780323102866e-01 
-3.483293223072237765e+00 -1.120517967167405482e+00 1.159720970728705808e-01 7.585257261877721646e+01 1.322959528865973178e-01 
-3.397649432964780392e+00 -1.112862751352981405e+00 1.170831556161773673e-01 6.820233772782623305e+01 2.455818837647678193e-02 
-3.175197670894507773e+00 -1.131713819865499238e+00 1.125406170592165023e-01 6.431865488083302296e+01 4.276617244486350528e-02 
-3.367065522344114381e+00 -1.079924082547992104e+00 1.150084123223829580e-01 6.733894510259912636e+01 1.613683930182242821e-02 
-3.399169130106355130e+00 -9.819278959621751124e-01 1.272597455403435551e-01 6.764594048999848042e+01 6.798052255276877502e-03 
-3.340514534062760887e+00 -9.529364121349502836e-01 1.314697345666980544e-01 6.979863017605737241e+01 1.856772237906983633e-02 
-3.348906227211838171e+00 -9.665993870704142621e-01 1.196443143217803401e-01 7.377716915143444965e+01 9.694293992182672487e-03 
-3.434631547612719160e+00 -1.013760153171257006e+00 1.132985792799739988e-01 7.692610034886318715e+01 1.572637751806428910e-02 
-3.486289491719343214e+00 -9.513011195273107790e-01 1.225889063179575744e-01 7.585821581666473890e+01 2.141043431432778504e-02 
-3.401709248224999538e+00 -9.460869469890054173e-01 1.158622439640297208e-01 7.202177169686152070e+01 2.113772553240411342e-02 
-3.497449554646611780e+00 -9.421615553322331138e-01 1.103221971842661686e-01 7.145495260129415271e+01 2.285161011922418051e-02 
-3.348934602851153297e+00 -1.005610612798138126e+00 1.133634573905603210e-01 7.593900832799869249e+01 1.519265770623220817e-02 
-3.139094571559938540e+00 -9.287787003234724281e-01 1.099304911485798758e-01 7.551851965219275087e+01 2.802441843685444037e-02 
-3.048914649612283867e+00 -9.291841353796724823e-01 1.060172167480988581e-01 7.309193806331701637e+01 1.728862611592500015e-02 
-2.822384045214468618e+00 -9.675582145331127482e-01 1.018361204895379540e-01 7.750532511123864765e+01 2.407095355459829347e-02 
-2.869312304179273188e+00 -9.997353422179277027e-01 9.811589174209793540e-02 8.153166424953315072e+01 1.664465116643866135e-02 
-2.825788849845634942e+00 -8.661554712701921011e-01 8.892567039294430042e-02 7.976527673234060956e+01 1.443033194908973325e-02 
-2.922174666003269028e+00 -9.461668982620816681e-01 8.870217932034946129e-02 8.185694572302519134e+01 1.475894029312315933e-02 
-3.006705554926062618e+00 -9.323418570567775232e-01 8.964609636884984800e-02 8.615442313492202686e+01 2.104909377583442584e-02 
-2.967015013473412566e+00 -9.096690763154594572e-01 8.864692683642680371e-02 7.919848809266687795e+01 7.248204035197211743e-03 
-3.197644890554320884e+00 -9.618274617112140268e-01 8.608252759529708142e-02 8.074243628927915495e+01 1.421378928296782029e-02 
-3.439500716767392330e+00 -9.137292843252169394e-01 9.394327797957864601e-02 8.260850033262900638e+01 7.203367853980803537e-02 
-3.503284557580625513e+00 -9.155944614541031701e-01 9.881079555690291949e-02 8.508950032429105192e+01 2.589808614370172624e-01 
-3.503699343743497785e+00 -9.356068967041334394e-01 9.849186798234565998e-02 8.379603890922030018e+01 3.476909970365805180e-01 
-3.361749626682485115e+00 -8.738482074504464459e-01 8.788521173395975883e-02 7.884785388418059426e+01 1.120067280647098207e-02 
-3.209412376058777383e+00 -8.502699790181597050e-01 9.329825411152885273e-02 8.554439775584330619e+01 4.122930132868498493e-02 
-3.353071916755104187e+00 -8.694927524704267885e-01 8.590923981482620486e-02 8.949041534056298985e+01 7.144309077905067543e-03 
-2.954683068459238449e+00 -7.949609160931817575e-01 9.408437717932940925e-02 9.205200274893634571e+01 8.102402449079802726e-03 
-2.847068200383228831e+00 -7.724608128394045981e-01 9.461392440482495336e-02 8.958368915161889845e+01 7.212349176812387491e-03 
-2.877843042065092671e+00 -7.056847707522686530e-01 9.373052324366844268e-02 8.551886321165166294e+01 9.513059288998471780e-03 
-2.729185784907525392e+00 -7.047980946273341152e-01 9.638431749174213026e-02 8.564468480802314332e+01 2.383660668948310232e-02 
-2.544364449610074352e+00 -6.824350942675108112e-01 9.204763988894676396e-02 8.501501204126628863e+01 2.795924053808125989e-02 
-2.663833045465588967e+00 -7.095000845388000910e-01 1.056508136012487137e-01 8.122064544363323080e+01 1.501854331961513002e-02 
-2.626815412031057839e+00 -7.383157083863697290e-01 1.029692646048935012e-01 8.154707603941201910e+01 4.672213820098183173e-02 
-2.666703547064241508e+00 -6.638572591588135507e-01 1.035120988047788793e-01 8.669384070929821462e+01 5.901406969613066586e-03 
-3.091581613309541510e+00 -5.560805028237095771e-01 1.098253587160462619e-01 8.649400493567915760e+01 1.738934591216481640e-02 
-2.988164835164667021e+00 -5.699706852393948697e-01 1.102788390884900660e-01 8.802808922164129513e+01 2.708682464371903187e-02 
-2.964186652447283077e+00 -4.910483791566973011e-01 1.017005731082661624e-01 8.953170253554192470e+01 1.360915655079385223e-02 
-3.006538703360345455e+00 -5.317468479803997283e-01 1.017367759744666617e-01 9.309166994531668138e+01 1.624329211936529835e-02 
-2.990542606932339975e+00 -5.307354077651090796e-01 1.013421106690431395e-01 9.185035781673103372e+01 7.412592210935268350e-03 
-2.872785268789510571e+00 -5.881032002678484583e-01 9.038482533254049711e-02 9.642844380791107994e+01 6.217053405808137256e-03 
-2.825502074376027739e+00 -6.013829133055403897e-01 9.581506111927112768e-02 1.006538994569931162e+02 1.659100077418273339e-02 
-2.805428218510365834e+00 -6.040369521948339981e-01 1.019074159148424669e-01 9.574851620056000456e+01 1.829023518458267050e-02 
-2.813336844306895568e+00 -6.041774326369822035e-01 9.896295388203388277e-02 1.038060954275267420e+02 1.670998245231887849e-02 
-2.834390653206961819e+00 -6.354914168855408940e-01 9.684847812459516925e-02 1.041010712893867378e+02 7.649384141287353736e-03 
-2.821963091045028627e+00 -6.343957303490074251e-01 1.034368434576205253e-01 9.560101031115858916e+01 9.668175267621294255e-03 
-2.493737316178658681e+00 -6.623123966197639323e-01 9.920129422176020284e-02 9.806175314192748260e+01 7.069099140718108736e-03 
-2.567863957115449125e+00 -7.233986236588030305e-01 8.275629866125969181e-02 1.080336752014205075e+02 5.143904050041345558e-03 
-2.661255377152873525e+00 -7.647069854411985279e-01 7.822671082426092826e-02 1.057457409826220953e+02 3.683814934526947679e-03 
-2.709662563853116879e+00 -7.516492214538345040e-01 7.572447260561439297e-02 1.067925470355049669e+02 7.270115579846893328e-03 
-2.558039346025550387e+00 -7.686892323314967745e-01 7.526312776429761042e-02 1.068119676671220191e+02 6.734466021499077408e-03 
-2.720571835303501995e+00 -8.399414833630860500e-01 7.706244346606190565e-02 1.017571035003208806e+02 8.714791834193300751e-03 
-2.842210374991138266e+00 -7.846195678583216537e-01 6.906468232910795146e-02 1.099329511860462958e+02 9.224914531050898425e-03 
-3.159151251125603466e+00 -8.240109289589884201e-01 7.554522356919400605e-02 1.145685869529081913e+02 1.064901992631577671e-02 
-3.239516735498397804e+00 -8.444697930304769784e-01 6.947951896357359991e-02 1.138974630512184234e+02 8.856297451969015119e-03 
-3.392664833856133821e+00 -8.258105012205025908e-01 6.893763716745372749e-02 1.125900865231449330e+02 2.004695241206335202e-02 
-3.331478374440757673e+00 -8.779961812989446335e-01 7.326491402301117672e-02 1.150302999322723991e+02 1.381854027115337648e-02 
-3.338669753072252888e+00 -8.903303221936217371e-01 7.696869985386327329e-02 1.169485502171214222e+02 7.175772676162197813e-03 
-3.337297480764441993e+00 -9.000616273966898229e-01 7.889982277518640952e-02 1.182002779705978384e+02 4.717603653710510971e-03 
-3.417655928179436309e+00 -8.536505159080334249e-01 6.674260726350321471e-02 1.168321346490451731e+02 5.229064115815605651e-03 
-3.437901092006815151e+00 -8.998973887249045456e-01 7.757546163751354029e-02 1.231448891341547238e+02 1.607473469236778141e-02 
-3.428681596763972994e+00 -8.758420846705362584e-01 7.908902984790398827e-02 1.246792683156758557e+02 1.009567531105775434e-02 
-3.531000000000000139e+00 -8.794260000000000410e-01 1.320000000000000062e-01 7.281000000000000227e+01 3.777715143140278897e-01 
-3.527558190712941411e+00 -8.946290901197271328e-01 1.464422379454071999e-01 7.749882499064682406e+01 1.541433840279499701e-01 
-3.567149479318191929e+00 -9.650054903053126854e-01 1.376105610903236021e-01 7.492902277053549653e+01 3.885589825412596454e-01 
-3.500558731503172094e+00 -9.442166588388827275e-01 1.408196467040486732e-01 7.506659706860695280e+01 3.259419180857751203e-02 
-3.567796511214370359e+00 -9.180203589787522267e-01 1.386022430178342757e-01 6.800663648560916386e+01 5.703718659374992228e-01 
-3.531000000000000139e+00 -8.794260000000000410e-01 1.320000000000000062e-01 7.281000000000000227e+01 3.644476457911166589e-01 
-3.250387624550473920e+00 -8.692507513592552248e-01 1.318409805935730483e-01 7.311347726702561545e+01 2.195355385097059325e-02 
-3.127091537334850457e+00 -7.753078997396116723e-01 1.291223778650350262e-01 6.843992465450153873e+01 5.006026255365652461e-02 
-3.145905519736715394e+00 -8.243093453119930691e-01 1.267086236863003146e-01 7.134386605017171235e+01 4.268337197300629132e-02 
-2.943416751627099703e+00 -8.017175739480081331e-01 1.416645782382028596e-01 6.733969862902289094e+01 2.468075366063822440e-02 
-2.700276260855799304e+00 -8.252501599710513336e-01 1.376030817096357550e-01 6.625733060759890236e+01 2.768906455405242828e-02 
-2.720010686151511425e+00 -8.598237460293163270e-01 1.334023809542288774e-01 6.647161839988750387e+01 9.168235554427017764e-02 
-2.595878589471850795e+00 -9.092486364163264723e-01 1.279692372335970163e-01 6.739989338241568362e+01 1.239112681340691358e-02 
-2.455434446685065275e+00 -9.312786234359696769e-01 1.343559951115164963e-01 6.940497683997188005e+01 1.022355175961880275e-02 
-2.564710202450669385e+00 -9.206169017587639836e-01 1.275332170886979422e-01 6.611045579366989955e+01 1.332068711384940853e-02 
-2.789442330095362355e+00 -9.021665115402631718e-01 1.322300467494408327e-01 6.222618683370381376e+01 1.291778719100310571e-02 
-2.740142084644401788e+00 -8.936923960224744112e-01 1.395131647958840759e-01 6.563802223446417372e+01 1.773567180772071122e-02 
-2.766068367407428230e+00 -8.254558143737242837e-01 1.390019760287162232e-01 6.797558065633849367e+01 1.794626138477361035e-02 
-2.688201450390615754e+00 -7.413111262680309732e-01 1.358385503310398645e-01 7.744660406807143715e+01 1.619651333462983692e-02 
-2.485075093719965711e+00 -7.535607512755644333e-01 1.460349421056124086e-01 8.039904889040221292e+01 2.499441575587316861e-02 
-2.827678072231491146e+00 -8.055790515334293467e-01 1.430208614883544949e-01 8.113948216829480486e+01 2.590413650092361630e-02 
-3.381073670795108566e+00 -7.519594177311814676e-01 1.385681129112225629e-01 7.832742671031164150e+01 1.300312514223839547e-02 
-3.358850963669536061e+00 -8.037538594339608267e-01 1.300126845662597508e-01 7.710470152534520594e+01 2.123615047391809105e-02 
-3.429491269307457735e+00 -7.016680386156057825e-01 1.178122226289053109e-01 8.462018373386385406e+01 4.385337317404781887e-02 
-3.341857050825369768e+00 -6.003345601679642707e-01 1.248424320495356565e-01 8.289791746948418449e+01 3.172359036504297791e-02 
-3.408974178124688059e+00 -6.651851971764309868e-01 1.286417227280392817e-01 7.744247969581226698e+01 2.191574241564460401e-02 
-3.371420626179481239e+00 -6.441012108659218693e-01 1.251474265216974135e-01 7.532606994981205162e+01 3.143669308014444830e-02 
-3.457059272022007690e+00 -6.425423401569231308e-01 1.332410379273238354e-01 7.860104727952668213e+01 4.334526711576862368e-02 
-3.551146120770049652e+00 -6.587873054340199763e-01 1.402934235936485474e-01 8.213306737519074829e+01 3.037246939090210152e-01 
-3.533359190776152126e+00 -7.490172134071683141e-01 1.346281206986652546e-01 8.178075011675768735e+01 2.593028502751706377e-01 
-3.476741888864114838e+00 -6.759563488544314547e-01 1.375654643819200496e-01 7.799477714684699947e+01 3.327261454824684828e-01 
-3.541800037574515780e+00 -7.026286078784500511e-01 1.363125897490335414e-01 8.041726743833335433e+01 2.398440671353331832e-01 
-3.467863936493585264e+00 -6.888341081101984065e-01 1.341145271258533389e-01 7.768622785712251755e+01 3.563074117528122753e-01 
-3.471988654999434321e+00 -7.539830537235435726e-01 1.209397419465771811e-01 7.333296232483840527e+01 3.486545823959141255e-01 
-3.459186235312468494e+00 -7.434827828566792363e-01 1.154926031857856639e-01 6.963959072057113531e+01 3.105058357218343223e-01 
-3.491155784084967184e+00 -7.365186652299785530e-01 1.227443373680771055e-01 6.711395693709621924e+01 2.372406952981458705e-01 
-3.482932339239452446e+00 -8.208331844385612364e-01 1.329573247461246499e-01 6.475783136434046128e+01 3.328132038469536202e-01 
-3.467870502959076173e+00 -8.146049707239745308e-01 1.456853656180654433e-01 6.364308560257940428e+01 2.707755253123468597e-02 
-3.238989769639625482e+00 -8.180423335935382845e-01 1.423852638725060793e-01 6.223869065486123731e+01 4.516206910547782005e-02 
-3.354411603033061962e+00 -7.972575402388210053e-01 1.416517123157810532e-01 6.824649891549654512e+01 4.298650546259635830e-02 
-3.153009769059081702e+00 -7.849261206405944158e-01 1.445049267758964084e-01 6.803370619973878775e+01 5.877404293541869246e-02 
-2.994090574168870145e+00 -7.219898184061881441e-01 1.420643573088123113e-01 5.901133667541466821e+01 1.519611146791529158e-02 
-3.004057186721948103e+00 -6.991485383945362786e-01 1.377302061288120938e-01 5.467674135091964160e+01 5.053757140754290555e-02 
-3.041400452332260862e+00 -7.900233779270362522e-01 1.415067928080654958e-01 5.677160402278475715e+01 1.933161453297856103e-02 
-3.060358991943938012e+00 -7.695857652276200112e-01 1.468109973225507348e-01 5.780362675690838614e+01 1.745600707988718969e-02 
-3.094542013679336900e+00 -7.171088444809675666e-01 1.523145589765042829e-01 5.381923843976193922e+01 3.312729288606349604e-02 
-3.107258571972420391e+00 -7.710719007010857773e-01 1.571267170284080805e-01 5.302242637340582121e+01 3.086899723629788969e-02 
-3.499588280724191591e+00 -7.515097615557173594e-01 1.460574883007707825e-01 5.606028704064872414e+01 3.537119272306596951e-01 
-3.307770702895859838e+00 -8.078648038195932468e-01 1.539263602657622576e-01 5.570282408099149052e+01 2.430578476683397521e-02 
-3.420247674834942408e+00 -8.467231095029189580e-01 1.480493814052940282e-01 5.558314655278978478e+01 4.925006290266836784e-02 
-3.451098533808508062e+00 -8.510405422349138771e-01 1.447749661904875751e-01 6.037451684097376159e+01 1.550931516128467580e-01 
-3.493170892858090237e+00 -8.383658473914137321e-01 1.391807263166199016e-01 5.865051414488580406e+01 4.491239593519681383e-01 
-3.495186524358356195e+00 -8.314016380566698894e-01 1.384384733747257290e-01 6.149651654456538097e+01 3.716963514699601623e-01 
-3.580995540378120623e+00 -8.262811702409305070e-01 1.314308565293860198e-01 5.937647776756492135e+01 3.037246939091468589e-01 
-3.460369391447430942e+00 -8.153123251085423462e-01 1.306204298182569445e-01 6.589550155606701765e+01 1.747784724815762414e-01 
-3.403563431025067310e+00 -7.579840790903680237e-01 1.372163618332715718e-01 6.091460895519958285e+01 1.014358256627842514e-01 
-3.475213363152003687e+00 -7.994626443314466480e-01 1.329868166222107906e-01 5.486202001492002722e+01 2.913125891596687889e-01 
-3.340291688464106734e+00 -7.091832997626461577e-01 1.290174544301870008e-01 5.351067337565100956e+01 2.731888289589221031e-02 
-3.289563908421234917e+00 -6.890685567843645165e-01 1.209976014109240133e-01 5.745139876007019097e+01 1.664375728351672259e-02 
-3.531000000000000139e+00 -8.794260000000000410e-01 1.320000000000000062e-01 7.281000000000000227e+01 3.178533257732702455e-01 
-3.518868160650650445e+00 -8.564342107299725004e-01 1.324858661719064967e-01 7.608872624990983979e+01 1.890951996860405493e-01 
-3.577480428416893066e+00 -7.963917387164186623e-01 1.342840333961780319e-01 7.790363124629224956e+01 3.037247397981396868e-01 
-3.533934473527860387e+00 -9.423770218986572411e-01 1.360838493488177314e-01 8.037933721663436870e+01 1.890771608802293002e-01 
-3.569744246183673031e+00 -9.081968376958525768e-01 1.309801202668490483e-01 8.212673690162594653e+01 2.093446161556573037e-01 
-3.539236319164282829e+00 -9.493040638027471223e-01 1.213457562221336994e-01 7.382744181620442703e+01 4.438123899444526010e-01 
-3.538218260948674310e+00 -9.382836565993157851e-01 1.239220935908374316e-01 7.458118165783864129e+01 2.899327713154179476e-01 
-3.491876377833226908e+00 -9.384402815446551971e-01 1.293823759782783966e-01 7.563260070132700719e+01 2.644300334015391440e-01 
-3.496313586711396137e+00 -8.707198396118679407e-01 1.288527790877631585e-01 7.558943496695754050e+01 4.136999208057381416e-01 
-3.487300876519613624e+00 -8.704421862940261434e-01 1.369848405735789032e-01 7.337645944611904270e+01 3.456074688618193669e-01 
-3.509894513491857548e+00 -9.638409823339999516e-01 1.263246458711140274e-01 7.405415721672613927e+01 2.172790790163620922e-01 
-3.472204276936826872e+00 -9.018258171290305381e-01 1.170297808083716473e-01 7.529858944257158271e+01 2.955967216424594257e-01 
-3.546478735417058381e+00 -9.102631087857092629e-01 1.163025914702998515e-01 7.444800802230540171e+01 4.094404687800696774e-01 
-3.535574484936607753e+00 -8.543633493572433402e-01 1.173684424389811604e-01 7.334937315596762630e+01 1.184779995293230442e-01 
-3.465823054418701865e+00 -7.604016568794568220e-01 1.190613404761915045e-01 7.598017121331096746e+01 1.568915077622927146e-01 
-3.511903178411593274e+00 -8.343641401605474961e-01 1.310938243255408975e-01 7.931813155834525730e+01 3.806435877292537184e-01 
-3.605613723099873713e+00 -8.603688442954218196e-01 1.327859517584375482e-01 7.623492221314792516e+01 5.703718686833521012e-01 
-3.580208190225861120e+00 -8.677752214531760933e-01 1.389140867970375670e-01 7.925122403003403804e+01 2.526166411731494144e-01 
-3.567911077780203222e+00 -9.191936967880004472e-01 1.473949513627043351e-01 7.685885222856676080e+01 4.837941031325368457e-01 
-3.519380687248732542e+00 -8.985147502291770394e-01 1.504084233512820168e-01 7.726145024401908756e+01 3.861215516505792644e-01 
-3.535532729913969607e+00 -8.538451963721027660e-01 1.446897709844674473e-01 7.291860941360275206e+01 4.063274171610350427e-01 
-3.533363850270301310e+00 -8.372098672413834652e-01 1.568716509327645614e-01 7.532103660407354084e+01 1.376090113894210265e-01 
-3.513759201075658645e+00 -7.657256264510149402e-01 1.628279906091689710e-01 6.827443264808209733e+01 4.500319646406774621e-01 
-3.474653344051594761e+00 -7.604964141847208037e-01 1.592086505916981143e-01 7.244415322049376016e+01 1.656202306848524874e-01 
-3.498775505053300705e+00 -6.375987828889331244e-01 1.531071874605157146e-01 7.259755302067222260e+01 1.858542007605873403e-01 
-3.569062567506911421e+00 -6.518492937183519853e-01 1.527205495971903360e-01 7.714131300782929657e+01 1.966858640912410305e-01 
-3.483283659049956071e+00 -6.921564373963117189e-01 1.490871688678117868e-01 7.398125132173467478e+01 2.797206747677550287e-01 
-3.488815981228372554e+00 -6.177796155041475057e-01 1.507258243386841168e-01 7.788711270125882891e+01 1.581727650137776386e-01 
-3.498987335189736481e+00 -5.747912762786909768e-01 1.477948123805524483e-01 8.264732967206617786e+01 3.550461354382051238e-01 
-3.569190513470085424e+00 -6.073681889167071857e-01 1.341764316430641701e-01 9.053333837933952566e+01 3.037246939091468589e-01 
-3.587095443757241764e+00 -6.196894726861503777e-01 1.401169253332794906e-01 9.497502381242703962e+01 1.218624323701520407e-01 
-3.535362196508650801e+00 -5.897073443900863188e-01 1.378084218573524256e-01 9.844474605131503608e+01 3.491056881544231105e-01 
-3.460816830318602211e+00 -5.385234496354829314e-01 1.394953205595165224e-01 9.574132131329027118e+01 2.579478370607331539e-01 
-3.525822125336892210e+00 -5.970805060625740124e-01 1.423105311044376708e-01 9.399460035846709616e+01 3.659633324772428864e-01 
-3.564294512254841507e+00 -5.722741112705483912e-01 1.433121838901879053e-01 9.233242614894757594e+01 3.037229726988756040e-01 
-3.475720589265474114e+00 -6.082883094971945903e-01 1.404248739336874108e-01 9.327126059941593894e+01 2.691703751985234927e-01 
-3.521475330540689619e+00 -5.865774015407011488e-01 1.414970211669833999e-01 9.067198670477306166e+01 2.148876065837779237e-01 
-3.552423810310374463e+00 -6.252051982685878917e-01 1.435871057223169212e-01 9.054555404474972136e+01 3.474204243075048604e-01 
-3.555577521274168706e+00 -5.973993283406716648e-01 1.365300950527767176e-01 9.340092825607905525e+01 4.633436910349055804e-01 
-3.531000000000000139e+00 -8.794260000000000410e-01 1.320000000000000062e-01 7.281000000000000227e+01 2.847371700872883271e-01 
-3.500763522948478812e+00 -9.293017822711108211e-01 1.332673097956923736e-01 7.352993722563248014e+01 3.990663951177081392e-01 
-3.539477027338179926e+00 -9.093301106453702820e-01 1.370494049757747801e-01 7.551645703819393418e+01 2.891089591975334328e-01 
-3.527032319374472369e+00 -9.851667880732088989e-01 1.270009447014168735e-01 7.570300247304848540e+01 3.055012481122316714e-01 
-3.467420906529432134e+00 -9.906412259863240921e-01 1.237053049570483870e-01 7.523612628974720451e+01 8.216421774860374616e-02 
-3.501749139758104867e+00 -9.523157950108521730e-01 1.247490576955569835e-01 7.840563505420880119e+01 1.983604307080983481e-02 
-3.392803904358630884e+00 -9.604899250552898504e-01 1.338706114919069323e-01 7.824258778401389236e+01 3.059842039592899909e-02 
-3.592372002176558166e+00 -1.016204578754429599e+00 1.248893241957853284e-01 8.491623405165249494e+01 2.360836100390329428e-01 
-3.585500231265160931e+00 -1.011623334906302851e+00 1.250915624309914265e-01 8.800715390423671636e+01 2.961802514137162889e-01 
-3.553080953277409915e+00 -9.752956325207563504e-01 1.253605848827852032e-01 8.713363618103943509e+01 9.454773126536139549e-02 
-3.533426004769327111e+00 -9.915580382273404547e-01 1.215849387549260835e-01 8.485227342660243721e+01 2.661475314430357120e-01 
-3.496868908571511891e+00 -9.958258577350272978e-01 1.217566970759310918e-01 8.657206744080693284e+01 2.079992426678051731e-01 
-3.545423983277247615e+00 -1.042106344812373964e+00 1.167996503468312214e-01 8.554605106887268562e+01 3.053383143028031710e-01 
-3.555085966703849021e+00 -1.073020025494184848e+00 1.159331680184477742e-01 8.375022411623533003e+01 4.117601127863474986e-01 
-3.511836432030404964e+00 -1.051598151340962906e+00 1.105507943069539700e-01 9.142804816656662581e+01 1.149261699761527922e-01 
-3.533680002572967105e+00 -1.081533460429439764e+00 9.684011191285657461e-02 9.949375812947985764e+01 1.805513629973160561e-01 
-3.520192489834289340e+00 -1.061017306290938711e+00 9.901477466810708339e-02 1.017545261709418583e+02 1.880899532897914450e-01 
-3.539861887238289206e+00 -1.079407069362463556e+00 1.025177986732362378e-01 9.632379072645585438e+01 1.771866159006929009e-01 
-3.529213327517271015e+00 -1.056320140423568699e+00 9.944151834155164071e-02 9.946079410466117565e+01 4.877345629438217811e-01 
-3.566401261895532748e+00 -1.060200714290464363e+00 9.884978859552408237e-02 1.004153268225876161e+02 1.762052598886967858e-01 
-3.626027447391363179e+00 -1.061634894859674771e+00 1.071113317759156969e-01 1.037187583097991705e+02 3.038248976372560084e-01 
-3.628902496022959667e+00 -1.045757158135702580e+00 1.025907227036379765e-01 1.007302417883967394e+02 2.360828608921962113e-01 
-3.466763725396672768e+00 -1.018535227286613276e+00 1.097516728075756676e-01 9.730982282228106328e+01 5.552207988260990379e-02 
-3.511551054743708988e+00 -1.044162738716274186e+00 1.053181972784812820e-01 1.023462218875088752e+02 1.578703800759285181e-01 
-3.550808101912120041e+00 -1.029489348784478286e+00 1.071851907995927805e-01 9.941420626810219119e+01 3.258736216327239865e-01 
-3.594207032498825782e+00 -9.441515624103030691e-01 1.144586943327715600e-01 9.481813003086391234e+01 3.037246892282287059e-01 
-3.558333837881345829e+00 -8.992555645542041898e-01 1.157923984895927461e-01 9.230434947644798171e+01 3.090714157882404889e-01 
-3.515632751050008054e+00 -8.894363662724580344e-01 1.137204233399367603e-01 9.766567314036500136e+01 3.941398523745444638e-01 
-3.550526836122933183e+00 -8.656670159507402484e-01 1.077698031909130189e-01 9.899550923316418505e+01 3.664934872520865250e-01 
-3.522241593301896234e+00 -7.698283721270642310e-01 9.701189916965044513e-02 9.692610481192714644e+01 3.831027042354581136e-01 
-3.451944862935648395e+00 -7.729220147328050849e-01 8.939180477636493594e-02 9.189829919434852457e+01 2.298161969740034061e-01 
-3.512202702981829461e+00 -8.639043507298536095e-01 8.938592426188964046e-02 8.750196012830311076e+01 3.283367578929300978e-01 
-3.205210183097525700e+00 -8.753129961220903477e-01 1.026344292334605002e-01 9.107366259398146724e+01 1.444680041783608093e-03 
-3.286590153238604373e+00 -9.244226855792702091e-01 1.102191921735832247e-01 9.298441108038812786e+01 9.116195506418640210e-03 
-3.214022908214974272e+00 -9.594432723382139150e-01 1.130309395538576789e-01 9.288545877513449511e+01 1.200633647081944533e-02 
-3.456828792658613647e+00 -9.685675440204365438e-01 1.155052492868604980e-01 9.179732736367061818e+01 5.328655665138896241e-02 
-3.565125749108029929e+00 -9.718841449318790238e-01 1.123180094033240650e-01 9.056714032186594920e+01 3.842506491874027041e-01 
-3.582847209279482747e+00 -1.007837719075480365e+00 1.136805145960254476e-01 9.184211854921912277e+01 3.406384574719854563e-01 
-3.512748154741470064e+00 -1.030085186986052781e+00 1.166215519758940500e-01 8.810830679302381441e+01 3.710699985421592739e-01 
-3.541008052668408457e+00 -1.026487433643898495e+00 1.089705351038725983e-01 9.040081286461543186e+01 3.324782403371833173e-01 
-3.611492342850211479e+00 -1.081017238848922535e+00 1.021641068245605771e-01 9.120121705060655870e+01 3.037246939090233466e-01 
-3.489958483639400200e+00 -1.089986457667530662e+00 1.023584897129311000e-01 9.784014317883317347e+01 1.593095397689846954e-02 
-3.276309694730937583e+00 -1.069268967875657284e+00 1.103191468708665246e-01 9.520882477214003359e+01 1.193382647932158050e-02 
-3.310648198948586973e+00 -1.128590649496998832e+00 1.140143446403541760e-01 8.911668259713742657e+01 2.484653992398638822e-02 
-3.271753860893578558e+00 -1.177630978349891722e+00 1.122752188797676992e-01 9.284146229722261978e+01 1.138833627820256753e-02 
-3.181352692085483103e+00 -1.225088824610493177e+00 1.139202908901336964e-01 9.672839233809450832e+01 1.329349169671620486e-02 
-3.079161090581268301e+00 -1.111022716985957226e+00 1.179094959926616365e-01 9.791482271667572945e+01 1.628033842917972485e-02 
-2.931340154898039341e+00 -1.089851186342210454e+00 1.236030574137355620e-01 9.500726553583275802e+01 1.462101838969603017e-02 
-3.005174239431121386e+00 -1.098756778875304985e+00 1.389089807593847647e-01 9.471192370264935789e+01 1.054207102777394989e-02 
-3.206773847308348468e+00 -1.043002724409453963e+00 1.444609663126311394e-01 9.210849835189097234e+01 6.984490952284873669e-03 
-3.117236060270791143e+00 -9.482904951332188359e-01 1.309236036254453617e-01 9.403037182241388336e+01 2.240554707313780619e-02 
-2.832238538956673768e+00 -9.374738879778719003e-01 1.355378068887856668e-01 9.532930218459605953e+01 2.008652606225614506e-02 
-2.721161001919920608e+00 -9.843223081631276017e-01 1.340349077135872813e-01 8.390454951287381391e+01 1.984750745538009509e-02 
-3.531000000000000139e+00 -8.794260000000000410e-01 1.320000000000000062e-01 7.281000000000000227e+01 3.322960078264801664e-01 
-3.496279002205244790e+00 -8.249565359018482535e-01 1.321383946741131188e-01 5.736252805169175417e+01 3.815257801223305156e-01 
-3.536575185550969280e+00 -8.857729098229292219e-01 1.072718474619178131e-01 5.718055645389474506e+01 2.435893029951483879e-01 
-3.489770930504124902e+00 -8.693660549299409013e-01 1.148998718250447554e-01 5.564125015416350806e+01 4.013445862729755897e-01 
-3.458967942352005220e+00 -8.327741368783866394e-01 1.147478412518926211e-01 5.716116467047490346e+01 4.193311228317966877e-01 
-3.475394700499001566e+00 -8.211995645638011654e-01 1.167260415313430139e-01 5.835004405348914247e+01 2.523509716486658783e-01 
-3.463482466300738416e+00 -8.656335930798275680e-01 1.126670162672600978e-01 6.015006777640194713e+01 3.659236573370161505e-01 
-3.463147431741019133e+00 -8.251674716400290155e-01 1.242087314926212660e-01 5.881874849774943215e+01 3.111236733100888330e-01 
-3.484226131832291795e+00 -7.824729013640636666e-01 1.186374784943916572e-01 5.268013956120849883e+01 4.683699205530273968e-01 
-3.436402847211730283e+00 -7.643162494702289145e-01 1.062194422707500030e-01 5.092804327125670483e+01 3.604320204298647745e-01 
-3.433083281938940523e+00 -7.554121709563675902e-01 1.203403848970373141e-01 5.518894107184141262e+01 3.294851606762582152e-01 
-3.426870742640498069e+00 -6.923130177583358691e-01 1.200052819080938971e-01 5.342940389356618880e+01 1.175884200322616924e-01 
-3.383842486191034116e+00 -7.186362875210569046e-01 1.156026091843816578e-01 4.581456008809632863e+01 1.562553420078635902e-01 
-3.273491930468678923e+00 -7.128256633065044312e-01 1.087241575042588032e-01 4.705117384656492163e+01 2.376414844114144859e-02 
-3.288523696938984386e+00 -7.816630321035046292e-01 9.666325561403278643e-02 4.406525970580252505e+01 1.804154876026839438e-02 
-3.072202560119065673e+00 -7.674947531041997895e-01 1.016128137280035426e-01 4.450788568294243674e+01 2.467759310697117264e-02 
-2.917605247241899846e+00 -7.155365274517253571e-01 9.426044656704972435e-02 3.778877028919087877e+01 4.237063037526694886e-02 
-2.671663493491994501e+00 -7.012663863064027003e-01 9.845906284410502196e-02 3.848067637144995246e+01 1.955388941407637179e-02 
-2.538907809440868135e+00 -7.141892330760647445e-01 9.002857651229419222e-02 3.546711987592683357e+01 9.097291317437340707e-02 
-2.680287136151016991e+00 -7.352253236693465643e-01 9.811032520790521905e-02 3.422313456042211754e+01 4.030008072096172289e-02 
-2.766825651956307031e+00 -6.319004936131233929e-01 8.854288954818380353e-02 3.226593002130424281e+01 2.852767262514263255e-02 
-3.146662618506623321e+00 -6.187319038354618383e-01 8.129121394476800100e-02 3.487601853364970594e+01 2.760136431969748005e-02 
-3.084553605043667268e+00 -6.538137734071559626e-01 8.780786532666326472e-02 4.010664985846984365e+01 1.903168885797112270e-02 
-3.098234304134263262e+00 -6.827334432153239208e-01 8.344876257996726443e-02 4.203277534175257557e+01 1.552088068383088854e-02 
-2.905229970093716307e+00 -6.786977693472939777e-01 8.017297266697077929e-02 4.337231473737380583e+01 2.705935607750769786e-02 
-3.225217082310542605e+00 -6.382453769632066010e-01 7.174202521727193749e-02 4.488476831280674872e+01 3.040436633360166230e-02 
-3.033322481787534830e+00 -6.441287772419561630e-01 7.654389213575724105e-02 4.906111044461655979e+01 2.595423460446348932e-02 
-3.107828345906848089e+00 -5.839507166056990828e-01 7.140316513462827142e-02 5.277048459202897135e+01 9.581912509188302354e-03 
-3.079051058168665644e+00 -5.578652321538414283e-01 7.387898453514027408e-02 5.571773575620127872e+01 2.625656319993694213e-02 
-3.201427631894190995e+00 -6.360741682693482613e-01 7.106409947407893446e-02 5.312816138571919566e+01 1.155847424618567515e-02 
-3.226128481321936192e+00 -6.437605579151673973e-01 6.418743421900018065e-02 5.227637439876659897e+01 3.232316716378181437e-02 
-3.058892309039780155e+00 -6.681310843561134583e-01 6.237721050116611793e-02 4.940242457471973836e+01 1.142694207201257889e-02 
-3.102738676754619895e+00 -5.994443958876033429e-01 6.715739847948222485e-02 5.108286387271986939e+01 1.126611814884670958e-02 
-3.264079763771452480e+00 -5.466206178395863757e-01 6.692056347435416941e-02 4.762286936969916695e+01 1.760353822968326390e-02 
-3.003705924602324551e+00 -6.419458986485834240e-01 5.988455806951199778e-02 5.360665332368897396e+01 1.580564988922381064e-02 
-2.667299972043172041e+00 -6.479520166633067069e-01 4.718138309671826569e-02 5.421530628192815726e+01 1.897792744081396379e-02 
-2.799713119643451709e+00 -5.896309905967390685e-01 5.607954622598443351e-02 5.259607255583787833e+01 7.828279903986772037e-02 
-2.619633963447768554e+00 -5.634561411136392861e-01 5.663589758311064065e-02 4.739405592091199537e+01 2.273146334649182865e-02 
-2.675329187192958091e+00 -5.522990733344753655e-01 4.576623709739635615e-02 4.552503958389945637e+01 1.109220649526064528e-02 
-2.940678427462037448e+00 -5.066796110149032195e-01 3.601044253575591547e-02 4.510423792841162083e+01 2.384166826913832610e-02 
-2.869984585092423934e+00 -5.724945080770842409e-01 3.218413267156094992e-02 4.347527571097858612e+01 1.322916691893352183e-02 
-2.788381065776346812e+00 -6.029574010660998518e-01 3.764199409704693799e-02 4.147952466283243211e+01 3.734604030055297536e-02 
-2.729725717400662610e+00 -6.282032317346087913e-01 3.614325740439758988e-02 3.387865616394931578e+01 1.514545683260110423e-02 
-2.806751377457021857e+00 -6.343227182684131327e-01 3.418559242076246035e-02 3.184482243152934799e+01 5.257036736028904145e-02 
-2.961115194542556228e+00 -6.235273924807182011e-01 2.892203950050041897e-02 3.169364124342720501e+01 1.854198102271667481e-02 
-2.934446634023196054e+00 -5.931325678204064644e-01 2.697812003970945574e-02 3.851648043786220654e+01 1.782507079345965750e-02 
-2.842928205033176337e+00 -5.557113593468484547e-01 2.668599166678105664e-02 3.274257631883682507e+01 1.754950515444692050e-02 
-2.876835012259009172e+00 -5.390821286554651204e-01 3.840083634074713259e-02 3.050509476823696531e+01 1.720146173648547105e-02 
-2.919118689322007132e+00 -5.707938978930087170e-01 2.634773491389620637e-02 3.153156334132174266e+01 2.475027374029413127e-02 
-2.776128688206043194e+00 -5.650975455401739955e-01 2.423110906028206474e-02 3.265286084765489250e+01 2.224713578312758483e-02 
-2.968547605857435823e+00 -5.422484559481051125e-01 2.063402546226927523e-02 3.025977324735902485e+01 2.457255788632864077e-02 
-3.014459171272817706e+00 -5.782842357265460809e-01 3.039360401962615948e-02 3.238657997391069898e+01 2.135635218348558642e-02 
-2.853621834380554390e+00 -6.306147040379310731e-01 3.585637283634054984e-02 2.556019712803625765e+01 1.679510556068222055e-02 
-2.869887126195358906e+00 -6.887173575905819467e-01 4.250988530259529330e-02 2.299487841767202312e+01 5.986350917984815251e-02 
-2.761375098288918917e+00 -7.780850577020533843e-01 3.668762578188501655e-02 2.761274449114907981e+01 3.751420301605531971e-02 
-3.098966278221336523e+00 -7.758054424059619425e-01 3.524388681573726451e-02 2.882439243640287785e+01 4.678442336980026539e-02 
-2.723307310024277061e+00 -7.319129286011283320e-01 4.029143783441481441e-02 2.381377648105094025e+01 3.515313669474923880e-02 
-2.559165944702986639e+00 -7.330413121812913158e-01 3.472576060482019528e-02 2.346614022499707630e+01 3.586095808396226603e-02 
-2.588782816887642113e+00 -7.824035219669296382e-01 1.869701482923300309e-02 2.766742174306377677e+01 1.882077082950138133e-02 
-2.530249359283518018e+00 -7.794791640069500538e-01 3.258002009736621352e-02 2.486605489084701759e+01 1.749851619617758675e-02 
-2.408137348595546179e+00 -7.927447846965294254e-01 3.471979536640253106e-02 2.948397659140813687e+01 1.477343241123476800e-02 
-2.235074029347828173e+00 -7.291638669254439931e-01 3.344441112487078760e-02 3.142905331174312522e+01 2.971345281744314573e-02 
-2.218079040091891052e+00 -6.870605640882359033e-01 2.901179293376979218e-02 3.536578808872966562e+01 1.363797072334920965e-02 
-2.155389293494429648e+00 -6.889789896558197180e-01 1.855400924349324271e-02 3.086000261201633066e+01 9.248067528035586182e-03 
-1.951659865556704343e+00 -6.652980668291158528e-01 1.784287949987888727e-02 3.230607918924217614e+01 2.479250407372363824e-02 
-1.893670524797339549e+00 -6.445867374870557498e-01 2.306027444529285333e-02 3.128225385533738745e+01 1.938979400545577658e-02 
-1.886422975062367557e+00 -6.446286317391201059e-01 1.997066598174460778e-02 3.082927877989079590e+01 2.773409680771318081e-02 
-1.736997980426940869e+00 -6.535732523759486545e-01 2.342714365494466197e-02 3.149824119038086323e+01 2.001473875231362179e-02 
-1.846828641737847221e+00 -6.582407382115487149e-01 8.057768420074475080e-04 3.326336620816177714e+01 2.288093520827577318e-02 
-2.054535212505700148e+00 -6.486179036493492367e-01 8.780578524926163989e-03 2.928806816409136360e+01 2.505819295662097337e-02 
-2.141217183353468556e+00 -6.403544635972626686e-01 1.978626772959017621e-02 2.754267081040427101e+01 1.863620651242062221e-02 
-2.141948998927857062e+00 -6.794147850704952418e-01 2.496005217084009201e-02 2.401568035933301104e+01 2.500365236186514323e-02 
-1.986084652555687446e+00 -6.537361247371794581e-01 1.945518177508234053e-02 3.002201386598052579e+01 1.935041063138054351e-02 
-2.418338345397882172e+00 -6.776936550824541605e-01 1.002883765668185698e-02 3.263600805359554613e+01 1.990868492333494610e-02 
-2.615220223918697684e+00 -6.740868008775210418e-01 2.080610637102467408e-02 3.339726154292268490e+01 3.339020479191615043e-02 
-2.610493158734265240e+00 -6.595696043057879265e-01 1.411723611401952475e-02 3.742092844987179490e+01 4.682429022849556727e-02 
-2.770136349796845199e+00 -6.143402341850732196e-01 1.717069097629000257e-03 3.049388016056601813e+01 2.509311746640207827e-02 
-2.731747938944787624e+00 -6.233599709864002802e-01 -2.660040581734006253e-03 2.800310029305171255e+01 2.956236005880728823e-02 
-2.704728440370811171e+00 -6.070285099777160687e-01 -1.038162358431684446e-02 2.947074039405153911e+01 3.463519007268993366e-02 
-2.973536548284499759e+00 -4.953125703569704052e-01 -7.799960012812198230e-03 2.942418218668420238e+01 3.463394630718545641e-02 
-3.531000000000000139e+00 -8.794260000000000410e-01 1.320000000000000062e-01 7.281000000000000227e+01 3.028201447321272610e-01 
-3.092621198914971448e+00 -8.847906506940617088e-01 1.336506634861047982e-01 8.163333546136313146e+01 2.383566456194260996e-02 
-3.111496080993791491e+00 -7.827964382740824067e-01 1.386324268249792546e-01 8.125548345535166561e+01 1.776181227937241591e-02 
-3.381699874739705347e+00 -8.415469110428565047e-01 1.296878721303512949e-01 8.026564675856641884e+01 2.386428617644515901e-02 
-3.517482803517059331e+00 -8.536538769480006561e-01 1.236835289938893745e-01 8.444385299845639281e+01 3.570846480487959718e-01 
-3.563390242159846899e+00 -8.453515320436877367e-01 1.313220098933428892e-01 8.862483235015584171e+01 3.195380327127079756e-01 
-3.576320716403812217e+00 -8.744712747888457871e-01 1.365703573434930151e-01 9.075121382664535474e+01 2.218159346721372271e-01 
-3.575852393632477977e+00 -8.195786252347672107e-01 1.380774854016060538e-01 9.059328084273748516e+01 4.494233072090322301e-01 
-3.520640986271201367e+00 -7.941763097454094256e-01 1.507563639728832228e-01 8.788022464483171348e+01 2.402691514066493672e-01 
-3.513235531584758764e+00 -8.103788934958475743e-01 1.512373658096517193e-01 8.653245392275367465e+01 2.443800586987722179e-01 
-3.609911434066321423e+00 -7.236275856001932461e-01 1.621834717893766709e-01 9.140713543157414733e+01 2.927379401504186518e-01 
-3.613876002655336261e+00 -6.671453408097073323e-01 1.626176229207268731e-01 9.182762823525371232e+01 3.037246939089918163e-01 
-3.498502086696539060e+00 -7.363988444160732838e-01 1.688861910140669054e-01 9.019388254075842326e+01 1.913442560417231153e-01 
-3.600581952293139043e+00 -7.569037831237660496e-01 1.716906917320584203e-01 9.094505382920090142e+01 4.275984807028959667e-02 
-3.517107359772904118e+00 -7.758442999112269423e-01 1.820507984548883906e-01 8.234303016861746016e+01 1.216949003412732544e-01 
-3.515864896034359255e+00 -7.340304996056032927e-01 1.775342812717430330e-01 8.554439502806093287e+01 2.742551574118344826e-01 
-3.536296933699235812e+00 -7.435621110012788915e-01 1.764034753901276009e-01 8.836218571627939866e+01 4.347053870375364726e-01 
-3.531065527562073036e+00 -7.424010470990103361e-01 1.732653953149542181e-01 9.617607392404433142e+01 1.831674382655000821e-01 
-3.577771067896954094e+00 -7.370161742775058755e-01 1.740577094699470306e-01 9.846793274933793327e+01 2.000135573333676475e-02 
-3.517280793990440024e+00 -8.025677956246950462e-01 1.650951893384806912e-01 9.988554722520964901e+01 1.406777347106208387e-01 
-3.525064104869838566e+00 -7.872681723137752163e-01 1.640379370452202945e-01 1.027121788382874854e+02 2.745260181279883804e-01 
-3.438646327247283363e+00 -8.370761088027892649e-01 1.615345635846599792e-01 9.619594729674977884e+01 1.404377541836163146e-02 
-3.566088143663451504e+00 -8.154946652328919354e-01 1.678239539532556390e-01 9.837351646527730509e+01 3.174513363330184190e-01 
-3.601377344231490252e+00 -8.470947389476745082e-01 1.500612269142444499e-01 1.004326752207243487e+02 1.856687481094802805e-01 
-3.549265978591790383e+00 -8.726211473435910859e-01 1.466044827138934525e-01 9.523665572783164635e+01 2.036404433860336816e-01 
-3.558437884870350842e+00 -8.354565466085085435e-01 1.600767290360103345e-01 8.950473374571511442e+01 4.298320969617468457e-01 
-3.553389738860778024e+00 -8.362205699560003591e-01 1.531310845988968772e-01 8.140976930512211140e+01 4.060529039895092174e-01 
-3.523050098259331797e+00 -8.177794833887969128e-01 1.459207193191202345e-01 8.569966739298256186e+01 2.970901938283446175e-01 
-3.576974516971673790e+00 -8.223297714383742685e-01 1.555013298547313072e-01 8.167412399245162646e+01 1.062706169521479144e-01 
-3.568197219017726241e+00 -8.071343309981001690e-01 1.554433633209157950e-01 8.518168474912681631e+01 2.150688955633411337e-01 
-3.547911074803530518e+00 -8.060357212982710573e-01 1.603670984352907058e-01 8.559114918075765388e+01 3.842836648640464703e-01 
-3.547180893396441270e+00 -7.668824428722107456e-01 1.670785823885724830e-01 8.819548615097180289e+01 3.642223668058017783e-01 
-3.543134010045090765e+00 -7.134925564945789889e-01 1.609740459589890094e-01 8.629817371563041206e+01 4.314108117037949164e-01 
-3.379981145042251889e+00 -7.283771330018283807e-01 1.585472568804166538e-01 9.217171441576401492e+01 2.258106631356003244e-02 
-3.452134914677839284e+00 -6.837997744578281356e-01 1.679056998810651846e-01 9.397712550743479198e+01 9.454567893634847203e-03 
-3.369178434820236490e+00 -6.914917838606221556e-01 1.696875374098532341e-01 9.657970598750603131e+01 4.613817301084645328e-02 
-3.376616594583674136e+00 -6.841956709998202601e-01 1.656448256660772722e-01 9.405452108226965890e+01 2.034191735276962010e-02 
-3.196930084669081129e+00 -7.164457532907219095e-01 1.719038369707251435e-01 9.198538283623496170e+01 1.053084385891854893e-02 
-3.049254228068660311e+00 -6.637971946549083846e-01 1.640322004767270359e-01 1.006743904662079387e+02 7.467865897855790330e-03 
-3.229879626299851036e+00 -7.544705204410521171e-01 1.521962724688049051e-01 9.843805571298163670e+01 6.846214428414651616e-03 
-3.341632431149621052e+00 -7.920904877322783033e-01 1.598938535084753754e-01 1.020976356937734408e+02 8.531912539484340016e-03 
-3.508925319827728817e+00 -7.391844845610084924e-01 1.664584668105270893e-01 1.040234459774418667e+02 1.943348306970787281e-02 
-3.437856808509844875e+00 -7.237462428432162032e-01 1.807381341001713104e-01 1.025774567816986718e+02 7.003169980142911338e-03 
-3.332950349010284530e+00 -6.924458434718353539e-01 1.796993882875324577e-01 9.746650521265779332e+01 7.866898352654347337e-03 
-3.394905234775534630e+00 -7.754920845856783096e-01 1.889698846028794177e-01 1.011974743389304621e+02 5.570979825422541290e-03 
-3.340505049706351315e+00 -7.417409701032495750e-01 1.996642624545283962e-01 9.447028885921618269e+01 1.572724666649152891e-02 
