-3.039776566407395020e+00 -2.909345587286150114e-01 9.601585049955281559e-02 7.868433545165333953e+01 7.989130681313467985e-03
-3.185930068068700827e+00 -3.682026900353621568e-01 8.092951588883144642e-02 8.002696567459014432e+01 8.292394707236430684e-03
-3.174563485543172803e+00 -3.924272003380882001e-01 8.141949264248664331e-02 8.793381909826229048e+01 6.099976232157343706e-03
-3.174563485543172803e+00 -3.924272003380882001e-01 8.141949264248664331e-02 8.793381909826229048e+01 6.099976232157343706e-03
-3.483739790854553320e+00 -3.707241226840075621e-01 9.009084072238976448e-02 8.730880053858611234e+01 6.037185179745246065e-03
-3.850649797589529744e+00 -3.829744780130002191e-01 9.832661739805956258e-02 8.421301889160990584e+01 4.355015079379097320e-03
-3.850649797589529744e+00 -3.829744780130002191e-01 9.832661739805956258e-02 8.421301889160990584e+01 4.355015079379097320e-03
-3.955439295430124513e+00 -4.122961579263325627e-01 1.141169642677336837e-01 7.727508098037375817e+01 2.889583144032405182e-03
-3.821612895813162325e+00 -4.800745345212040771e-01 1.143730359335212443e-01 8.158776352588877501e+01 1.963445782842004189e-03
-3.821612895813162325e+00 -4.800745345212040771e-01 1.143730359335212443e-01 8.158776352588877501e+01 1.963445782842004189e-03
-3.821612895813162325e+00 -4.800745345212040771e-01 1.143730359335212443e-01 8.158776352588877501e+01 1.963445782842004189e-03
-3.821612895813162325e+00 -4.800745345212040771e-01 1.143730359335212443e-01 8.158776352588877501e+01 1.963445782842004189e-03
-4.091888757743988414e+00 -4.707193664535741506e-01 1.268736108483584368e-01 8.830419755102555257e+01 1.446669163699985244e-03
-4.117896767704051442e+00 -4.635164032766965758e-01 1.258211959479346442e-01 8.636901073467969070e+01 1.312790668182948518e-03
-4.357197840932903965e+00 -5.033470730088424050e-01 1.343354540759031379e-01 8.170951096596911611e+01 1.278893430872411882e-03
-4.098287000733122909e+00 -5.253798167803034325e-01 1.463802553341949642e-01 8.575275223707713224e+01 1.808396289176708929e-03
-4.405909193750491504e+00 -5.402903957542189994e-01 1.280348239890048700e-01 8.601952617533223133e+01 1.620893033306030446e-03
-4.083077120367383017e+00 -5.476319152048804151e-01 1.279386009469458407e-01 8.064982878005977796e+01 1.079221809079725959e-03
-4.083077120367383017e+00 -5.476319152048804151e-01 1.279386009469458407e-01 8.064982878005977796e+01 1.079221809079725959e-03
-3.911832358497661755e+00 -5.461998462862385217e-01 1.372822799179123920e-01 8.252969700549184040e+01 1.192099013996581088e-03
-3.966072164559460322e+00 -5.558294282901860006e-01 1.268966993374905372e-01 8.464691355629990710e+01 1.251224144595972781e-03
-3.765728477601135271e+00 -5.551384008201094566e-01 1.226636983258929253e-01 8.605491000061022078e+01 1.300102731152327079e-03
-3.464442210429025337e+00 -5.783761303125168896e-01 1.255455487305968953e-01 8.576697303221445168e+01 1.115566626545887348e-03
-3.493019269491549395e+00 -6.228388031527548607e-01 1.152700891208514600e-01 8.352332341690086537e+01 1.197201268479382123e-03
-3.493019269491549395e+00 -6.228388031527548607e-01 1.152700891208514600e-01 8.352332341690086537e+01 1.197201268479382123e-03
-3.545167999495641986e+00 -6.238964358241576580e-01 1.342727298884610621e-01 7.567243587296829332e+01 1.015123528859705098e-03
-3.271033202560758024e+00 -6.026540795999105748e-01 1.387033864001500361e-01 8.840733901918017068e+01 1.124873050516134437e-03
-3.240193335276887687e+00 -6.398074611964018610e-01 1.306903183902239918e-01 8.806579129154729912e+01 1.062172561519488358e-03
-3.148000898629266686e+00 -6.086101107300396773e-01 1.347927925351888323e-01 8.676709791025928098e+01 1.069028463587794534e-03
-3.163565705653531346e+00 -6.123662314596309830e-01 1.318489455818959710e-01 8.688702347737367404e+01 9.998237900327180093e-04
-3.221669019638520925e+00 -6.243826747504576113e-01 1.267109256581090415e-01 7.154390799408757573e+01 1.854219350483120440e-03
-3.162717159417935076e+00 -6.142371409186402342e-01 1.184602632826281116e-01 7.152444456894531299e+01 2.333170275282878386e-03
-3.162717159417935076e+00 -6.142371409186402342e-01 1.184602632826281116e-01 7.152444456894531299e+01 2.333170275282878386e-03
-3.162717159417935076e+00 -6.142371409186402342e-01 1.184602632826281116e-01 7.152444456894531299e+01 2.333170275282878386e-03
-3.372258921732201209e+00 -5.999232381449730589e-01 1.154260694058905773e-01 7.450850265527314775e+01 2.126836881868664902e-03
-3.372258921732201209e+00 -5.999232381449730589e-01 1.154260694058905773e-01 7.450850265527314775e+01 2.126836881868664902e-03
-3.300883554406369491e+00 -5.481190984761854512e-01 1.157893314171473398e-01 8.618561708016439127e+01 1.408448013956309277e-03
-3.213495695172185140e+00 -5.670680434275784387e-01 1.172131031103175736e-01 8.802163861571301595e+01 1.052507263957735278e-03
-3.213495695172185140e+00 -5.670680434275784387e-01 1.172131031103175736e-01 8.802163861571301595e+01 1.052507263957735278e-03
-3.005020908193961837e+00 -5.834674014622542870e-01 1.151970230108066845e-01 8.243611196587497147e+01 9.991293426177571581e-04
-3.624832560073443233e+00 -5.782024067246407384e-01 1.267858101580160712e-01 8.804624726425922177e+01 1.340271801307340877e-03
-3.579065849535519206e+00 -5.720806322252585119e-01 1.227354521969145351e-01 7.682441700642868909e+01 1.564511440038028351e-03
-4.014498045741607513e+00 -5.567757711074642346e-01 1.246014495243351061e-01 8.775524476389918505e+01 1.462832510322588722e-03
-3.742040424000283139e+00 -5.149320855158426857e-01 1.381038778093462982e-01 7.881762460058115494e+01 1.177277430462663789e-03
-4.381168727919760641e+00 -5.141830049446526330e-01 1.257615037579581374e-01 7.764906635475270491e+01 9.989121412362397378e-04
-3.879454932156439106e+00 -5.662859604067241870e-01 1.317252737658169137e-01 8.138266493712310989e+01 1.106859761719793112e-03
-3.879454932156439106e+00 -5.662859604067241870e-01 1.317252737658169137e-01 8.138266493712310989e+01 1.106859761719793112e-03
-3.616738658684001351e+00 -5.417446769070487500e-01 1.384672197050146047e-01 8.755510939932888448e+01 1.312840862265660796e-03
-3.864601545610594435e+00 -5.887502305904755984e-01 1.342358822643739680e-01 8.110103715863897378e+01 1.095680392970769124e-03
-4.321642469055316127e+00 -5.768917394591535075e-01 1.478313697576194019e-01 7.440910154742498150e+01 1.189115578181230461e-03
-4.321642469055316127e+00 -5.768917394591535075e-01 1.478313697576194019e-01 7.440910154742498150e+01 1.189115578181230461e-03
-4.249363159339893059e+00 -5.707244400077579050e-01 1.442652562491645307e-01 7.717977527143226268e+01 1.210560887631259141e-03
-4.249363159339893059e+00 -5.707244400077579050e-01 1.442652562491645307e-01 7.717977527143226268e+01 1.210560887631259141e-03
-3.604712646329451431e+00 -5.871327434324162819e-01 1.507028973536606031e-01 8.330421565336958167e+01 1.215654334756552813e-03
-4.041968494121294775e+00 -5.844569535140876626e-01 1.399984051215391601e-01 7.244764562663888796e+01 9.310144844478392395e-04
-4.041968494121294775e+00 -5.844569535140876626e-01 1.399984051215391601e-01 7.244764562663888796e+01 9.310144844478392395e-04
-4.041968494121294775e+00 -5.844569535140876626e-01 1.399984051215391601e-01 7.244764562663888796e+01 9.310144844478392395e-04
-3.924015033350080284e+00 -5.609085349211526683e-01 1.412115868915420347e-01 6.757664219032621133e+01 1.307799738629562142e-03
-3.823928042879434219e+00 -6.121847009887255719e-01 1.271132656025108498e-01 6.371399183725938542e+01 2.318873457769264710e-03
-4.095107112839874830e+00 -5.931081292553767037e-01 1.191604289629665803e-01 6.543124645464502009e+01 2.138672267550887143e-03
-3.551460530355602607e+00 -6.431179823179900001e-01 1.236979377118397477e-01 6.592633570192194270e+01 2.409084363786628998e-03
-3.599272790427043400e+00 -5.981858112856239806e-01 1.431381609306786040e-01 6.942970152663683336e+01 1.282737764905640503e-03
-3.599272790427043400e+00 -5.981858112856239806e-01 1.431381609306786040e-01 6.942970152663683336e+01 1.282737764905640503e-03
-3.631423086067230077e+00 -5.773341917294311232e-01 1.423214884275413594e-01 7.259023898848334966e+01 1.148089224605065373e-03
-3.572547760583740573e+00 -5.784358201280015432e-01 1.550298573992196782e-01 7.672701615117256324e+01 8.889528127155241471e-04
-3.572547760583740573e+00 -5.784358201280015432e-01 1.550298573992196782e-01 7.672701615117256324e+01 8.889528127155241471e-04
-3.572547760583740573e+00 -5.784358201280015432e-01 1.550298573992196782e-01 7.672701615117256324e+01 8.889528127155241471e-04
-3.572547760583740573e+00 -5.784358201280015432e-01 1.550298573992196782e-01 7.672701615117256324e+01 8.889528127155241471e-04
-3.400338337196366023e+00 -6.080959479605605456e-01 1.692536410420477366e-01 7.464259505125245653e+01 9.234754271776913223e-04
-3.400338337196366023e+00 -6.080959479605605456e-01 1.692536410420477366e-01 7.464259505125245653e+01 9.234754271776913223e-04
-3.400338337196366023e+00 -6.080959479605605456e-01 1.692536410420477366e-01 7.464259505125245653e+01 9.234754271776913223e-04
-3.400338337196366023e+00 -6.080959479605605456e-01 1.692536410420477366e-01 7.464259505125245653e+01 9.234754271776913223e-04
-3.602602614830461736e+00 -5.577014047886688086e-01 1.801423921177935650e-01 7.368054262073032135e+01 9.114792406485944546e-04
-3.356693344136319368e+00 -5.452712990093636636e-01 1.764831366386492295e-01 6.660908363830479573e+01 1.317765299034215614e-03
-3.733113923106550214e+00 -6.470941164080968866e-01 1.828530704826314135e-01 7.145784747621996758e+01 1.233074424502254331e-03
-4.169966755850198936e+00 -6.673641165745982651e-01 1.789672583010674112e-01 6.916014925057911000e+01 1.645837103566381420e-03
-3.339208510068657709e+00 -6.573244590966712542e-01 1.893508608970705664e-01 6.554298570397229184e+01 1.072313497235177597e-03
-3.353566561936863089e+00 -6.973974324176436257e-01 1.858221882276214487e-01 7.623752103892260834e+01 1.691174817178627433e-03
-3.353566561936863089e+00 -6.973974324176436257e-01 1.858221882276214487e-01 7.623752103892260834e+01 1.691174817178627433e-03
-3.431018475448421867e+00 -6.782106965535729115e-01 1.840589344032387553e-01 8.436200447853975959e+01 2.710657785759628367e-03
-3.482264969628461770e+00 -6.816940367769621645e-01 1.777100543322089332e-01 8.389352230412426081e+01 2.476026956940279283e-03
-3.328711678892131598e+00 -6.158017456177361515e-01 1.989709624951700451e-01 6.667694006846255661e+01 1.117515720936642764e-03
-3.383214263379870523e+00 -5.641710648726369071e-01 1.897416548886369236e-01 7.192861009798903638e+01 9.612506923627235503e-04
-3.715586549815379058e+00 -5.985748773626402564e-01 1.992449566151297813e-01 6.810596680692394500e+01 1.088480910032155712e-03
-3.568135374657122494e+00 -6.331645946053725549e-01 1.778863320526408442e-01 7.074393271426130525e+01 9.314397252490053255e-04
-3.791001605393796936e+00 -5.864312719280720954e-01 1.498159260338454424e-01 7.345138327458758454e+01 9.023040311621976454e-04
-3.791001605393796936e+00 -5.864312719280720954e-01 1.498159260338454424e-01 7.345138327458758454e+01 9.023040311621976454e-04
-3.791001605393796936e+00 -5.864312719280720954e-01 1.498159260338454424e-01 7.345138327458758454e+01 9.023040311621976454e-04
-3.946288040416290777e+00 -6.535562468005822190e-01 1.377579717278253624e-01 6.892584638865973545e+01 9.864045965050180931e-04
-3.478471264100289062e+00 -6.558076656410096739e-01 1.333207477388865247e-01 7.490981029905078969e+01 9.817373514616010294e-04
-3.478471264100289062e+00 -6.558076656410096739e-01 1.333207477388865247e-01 7.490981029905078969e+01 9.817373514616010294e-04
-3.202359915519460642e+00 -6.102409854130224076e-01 1.410835726512613408e-01 8.083579706026881695e+01 9.263723065925781076e-04
-3.202359915519460642e+00 -6.102409854130224076e-01 1.410835726512613408e-01 8.083579706026881695e+01 9.263723065925781076e-04
-3.202359915519460642e+00 -6.102409854130224076e-01 1.410835726512613408e-01 8.083579706026881695e+01 9.263723065925781076e-04
-3.202359915519460642e+00 -6.102409854130224076e-01 1.410835726512613408e-01 8.083579706026881695e+01 9.263723065925781076e-04
-3.204748970926464491e+00 -6.259444093947386101e-01 1.465936329259785176e-01 7.351665873115285876e+01 1.101849775710839977e-03
-3.238201095344660718e+00 -6.271882061027804767e-01 1.557481756238293102e-01 6.991252704089825443e+01 1.192284286992592937e-03
-3.056300818601314084e+00 -6.030295037141728542e-01 1.381315235514661843e-01 7.021399631856192514e+01 1.589448374324333932e-03
-3.530709269016683471e+00 -6.600005736494203301e-01 1.415680692402004615e-01 6.688985618076071660e+01 1.331153187926207432e-03
-3.774518986602756421e+00 -6.769628144476256271e-01 1.539583862751863763e-01 6.834615523185297548e+01 8.677956985498334105e-04
-3.774518986602756421e+00 -6.769628144476256271e-01 1.539583862751863763e-01 6.834615523185297548e+01 8.677956985498334105e-04
-3.856017288883267113e+00 -6.954322057715497385e-01 1.685491002583837106e-01 7.162093474851734243e+01 1.229739986941320862e-03
-3.642906089738216391e+00 -6.888187066809542403e-01 1.776588103499360249e-01 6.755318200036033716e+01 9.483001646367950933e-04
-3.513409728889235417e+00 -7.320509182661598668e-01 1.741800701027565734e-01 6.487543680079622277e+01 9.567194011643341458e-04
-3.523914375946690658e+00 -7.188445838436966495e-01 1.831907122610526573e-01 6.541289577660251098e+01 1.019834268749265742e-03
-3.523914375946690658e+00 -7.188445838436966495e-01 1.831907122610526573e-01 6.541289577660251098e+01 1.019834268749265742e-03
-3.523914375946690658e+00 -7.188445838436966495e-01 1.831907122610526573e-01 6.541289577660251098e+01 1.019834268749265742e-03
-3.523914375946690658e+00 -7.188445838436966495e-01 1.831907122610526573e-01 6.541289577660251098e+01 1.019834268749265742e-03
-3.523914375946690658e+00 -7.188445838436966495e-01 1.831907122610526573e-01 6.541289577660251098e+01 1.019834268749265742e-03
-3.523914375946690658e+00 -7.188445838436966495e-01 1.831907122610526573e-01 6.541289577660251098e+01 1.019834268749265742e-03
-3.523914375946690658e+00 -7.188445838436966495e-01 1.831907122610526573e-01 6.541289577660251098e+01 1.019834268749265742e-03
-3.345800568553542131e+00 -6.861358238574951640e-01 1.900062638687378958e-01 6.168025418431734153e+01 1.175637536081795050e-03
-3.345800568553542131e+00 -6.861358238574951640e-01 1.900062638687378958e-01 6.168025418431734153e+01 1.175637536081795050e-03
-3.353781241838495575e+00 -6.087059996271051432e-01 1.793576625194794327e-01 6.738110932583049362e+01 1.011373857867562233e-03
-3.458645782682301828e+00 -6.008626109616730382e-01 1.743464642248415963e-01 6.678690808276256519e+01 9.717097680263877841e-04
-3.520456295418172843e+00 -6.100463740202125562e-01 1.754613127190218780e-01 7.053824892839681127e+01 8.758852945694595030e-04
-3.341080490482553067e+00 -6.140677177369960882e-01 1.636491697132479994e-01 7.725575335507757302e+01 9.579711174149188862e-04
-3.945237666025765755e+00 -6.250610187037828336e-01 1.618080484409927522e-01 6.828040154201120515e+01 9.077696982939028464e-04
-3.958550510778886089e+00 -5.824101205565295203e-01 1.485348723424973483e-01 7.308538756770570899e+01 9.125526326389716593e-04
-4.083197603469551851e+00 -6.078225170744914196e-01 1.410798961520004224e-01 6.999974907818592840e+01 9.404476355823844285e-04
-4.285163830315025457e+00 -5.831471833305151842e-01 1.455017454260398579e-01 6.493691371253582645e+01 1.155177191072912337e-03
-4.364105010029941667e+00 -5.877362858651441480e-01 1.521658520098017886e-01 6.643785912130994120e+01 1.092888769114998011e-03
-4.364105010029941667e+00 -5.877362858651441480e-01 1.521658520098017886e-01 6.643785912130994120e+01 1.092888769114998011e-03
-4.207897679850084671e+00 -6.190176021200923806e-01 1.626771578826302633e-01 6.754379806989531687e+01 1.091540839130979764e-03
-3.951268141691184344e+00 -6.523912100983026985e-01 1.571122583861045696e-01 6.176211959385023675e+01 1.138199438472681235e-03
-4.283841092069887502e+00 -6.087582468715672102e-01 1.433976901458985098e-01 6.397032377696103111e+01 1.205396663448017732e-03
-3.605201798850481865e+00 -5.638606381776943843e-01 1.639950111003840028e-01 6.410594136703043944e+01 1.407140768824224637e-03
-3.542411085258336367e+00 -5.969511175226545063e-01 1.590498595458271491e-01 6.007129487848845173e+01 2.018453715902836058e-03
-3.510371116341512998e+00 -5.453142881761583460e-01 1.531154494275910882e-01 6.593074616653404973e+01 1.785539140040987320e-03
-3.643993129343435999e+00 -5.316549235307542753e-01 1.659750990400415127e-01 6.412121281301513420e+01 1.501838737208131044e-03
-3.650175729999937779e+00 -5.410814115374817934e-01 1.795387037423066823e-01 6.602837909349941015e+01 9.902831461444730476e-04
-3.723862502673339847e+00 -5.740968516020091839e-01 1.905079363207972387e-01 7.327160557174619271e+01 1.223793734534554421e-03
-3.580689609573190157e+00 -5.799202027003463877e-01 1.864179675221234178e-01 7.540159566220522436e+01 1.147025018364284787e-03
-3.580689609573190157e+00 -5.799202027003463877e-01 1.864179675221234178e-01 7.540159566220522436e+01 1.147025018364284787e-03
-3.438682053991320764e+00 -5.985479492446573735e-01 1.884380894478034085e-01 7.190603084027939929e+01 1.015523599174567113e-03
-3.438682053991320764e+00 -5.985479492446573735e-01 1.884380894478034085e-01 7.190603084027939929e+01 1.015523599174567113e-03
-3.432617006861044651e+00 -6.606438479230668515e-01 1.745414562249864021e-01 6.981929320735902422e+01 9.258163049728839562e-04
-4.035429880779051182e+00 -6.648305306374461265e-01 1.542345352423702132e-01 6.891200803933455177e+01 9.300702886684210531e-04
-4.391432450705350377e+00 -6.796707699275360559e-01 1.537941613138635588e-01 6.018585945307203389e+01 1.302256340767157447e-03
-4.356931604831243199e+00 -6.866407354876321589e-01 1.566435178922695459e-01 6.455424408477703935e+01 1.139189213504161920e-03
-4.953893806779374742e+00 -7.015825178350716396e-01 1.580898797687053381e-01 6.382433774409401650e+01 1.440775331429663703e-03
-4.967609485750171139e+00 -6.755034443256054955e-01 1.700814693019698509e-01 6.321320744840802064e+01 1.762032267198214257e-03
-4.967609485750171139e+00 -6.755034443256054955e-01 1.700814693019698509e-01 6.321320744840802064e+01 1.762032267198214257e-03
-4.342404017196987098e+00 -6.741280221406784623e-01 1.614555835800968175e-01 7.012394889618221328e+01 1.452777149840138709e-03
-4.342404017196987098e+00 -6.741280221406784623e-01 1.614555835800968175e-01 7.012394889618221328e+01 1.452777149840138709e-03
-4.342404017196987098e+00 -6.741280221406784623e-01 1.614555835800968175e-01 7.012394889618221328e+01 1.452777149840138709e-03
-4.075313467622465602e+00 -6.897641131925420499e-01 1.580902224919614740e-01 6.752262056991436623e+01 9.910798635277017800e-04
-3.729001253160200591e+00 -6.949141161667469202e-01 1.588934775873382665e-01 6.859096451934789229e+01 8.641489629212641219e-04
-3.729001253160200591e+00 -6.949141161667469202e-01 1.588934775873382665e-01 6.859096451934789229e+01 8.641489629212641219e-04
-3.729001253160200591e+00 -6.949141161667469202e-01 1.588934775873382665e-01 6.859096451934789229e+01 8.641489629212641219e-04
-3.513393916770076508e+00 -6.451426006959282144e-01 1.593762631149918674e-01 6.073966387718370896e+01 1.627982021104443970e-03
-3.509721545440148027e+00 -6.389350200844644556e-01 1.557974256145815140e-01 6.117708483134119035e+01 1.717190561998158463e-03
-3.570062616272180911e+00 -6.538318435744604473e-01 1.652979186631128583e-01 7.338789435193368149e+01 9.333780694639750523e-04
-3.570062616272180911e+00 -6.538318435744604473e-01 1.652979186631128583e-01 7.338789435193368149e+01 9.333780694639750523e-04
-3.570062616272180911e+00 -6.538318435744604473e-01 1.652979186631128583e-01 7.338789435193368149e+01 9.333780694639750523e-04
-3.500392757783192810e+00 -6.714922478143298123e-01 1.837471695573340003e-01 7.307619811327064951e+01 1.291885990161480580e-03
-3.202256764053047711e+00 -6.225841723350418189e-01 1.826672476860477512e-01 8.323358183495589913e+01 2.086949699914564509e-03
-3.068195852692074510e+00 -5.848572382528384184e-01 1.806054211222716532e-01 7.057356299481398310e+01 1.912205448593265120e-03
-3.010717841313234278e+00 -6.177834109268532936e-01 1.917983564514237904e-01 6.757313884613596144e+01 2.369277659798967560e-03
-3.446493083827255610e+00 -5.917516339819418603e-01 1.933010232949044505e-01 6.500384032377888843e+01 9.888162833866641788e-04
-3.446493083827255610e+00 -5.917516339819418603e-01 1.933010232949044505e-01 6.500384032377888843e+01 9.888162833866641788e-04
-3.648853943007243306e+00 -5.968360461842826536e-01 1.989445625698709752e-01 7.053591988885797548e+01 1.148729527875708232e-03
-3.376121092984261995e+00 -5.603975297476541106e-01 1.998269483268849678e-01 6.070542033189583009e+01 1.437879351606398490e-03
-3.722612582859594177e+00 -5.327294690206947347e-01 1.975567212405680839e-01 6.274105340237031925e+01 9.620740622178682727e-04
-3.765722214237785526e+00 -5.166060798957828881e-01 1.932855086163127734e-01 6.214469138777265300e+01 1.053941590924792684e-03
-4.003038835377180860e+00 -4.878265110083623846e-01 1.909268934490437886e-01 6.435856512244055239e+01 9.907917414099297413e-04
-3.953766098051822997e+00 -5.205430633698597820e-01 1.973137428317009723e-01 6.478720884407570679e+01 1.002825240190966015e-03
-3.898030189087875019e+00 -5.095884196769457919e-01 1.976197731473081642e-01 6.195201462977772877e+01 1.031854098058895440e-03
-4.171782083508984940e+00 -4.403484451601502592e-01 1.893452002442573001e-01 7.594685784557988484e+01 1.650803449165363489e-03
-4.171782083508984940e+00 -4.403484451601502592e-01 1.893452002442573001e-01 7.594685784557988484e+01 1.650803449165363489e-03
-3.960605542243104793e+00 -4.424023566544054709e-01 1.963412017976149671e-01 6.729405132106208498e+01 9.623940046012957866e-04
-3.978442862252673518e+00 -4.659267988506335945e-01 1.979787634798703122e-01 7.110081577720494295e+01 1.118747734263481411e-03
-3.822898403244734844e+00 -4.855430655307250709e-01 1.794634180969908455e-01 6.559696678783464563e+01 1.089261477870028926e-03
-4.179568196622104992e+00 -4.970511807123752512e-01 1.766476653107593442e-01 6.107515001317939607e+01 1.281515921975363674e-03
-4.262026099880563024e+00 -5.030971680878707497e-01 1.789905484925239376e-01 6.608176104997072287e+01 1.223098121044939850e-03
-3.712460800739390887e+00 -5.318303889025991493e-01 1.832379457279463275e-01 6.963122193373705215e+01 8.744931693697565595e-04
-3.712460800739390887e+00 -5.318303889025991493e-01 1.832379457279463275e-01 6.963122193373705215e+01 8.744931693697565595e-04
-3.712460800739390887e+00 -5.318303889025991493e-01 1.832379457279463275e-01 6.963122193373705215e+01 8.744931693697565595e-04
-3.712460800739390887e+00 -5.318303889025991493e-01 1.832379457279463275e-01 6.963122193373705215e+01 8.744931693697565595e-04
-3.712460800739390887e+00 -5.318303889025991493e-01 1.832379457279463275e-01 6.963122193373705215e+01 8.744931693697565595e-04
-3.536906593179367508e+00 -5.468569760295116655e-01 1.644911691608995086e-01 7.414106778615943938e+01 8.761288113821304267e-04
-3.536906593179367508e+00 -5.468569760295116655e-01 1.644911691608995086e-01 7.414106778615943938e+01 8.761288113821304267e-04
-3.536906593179367508e+00 -5.468569760295116655e-01 1.644911691608995086e-01 7.414106778615943938e+01 8.761288113821304267e-04
-3.536906593179367508e+00 -5.468569760295116655e-01 1.644911691608995086e-01 7.414106778615943938e+01 8.761288113821304267e-04
-3.536906593179367508e+00 -5.468569760295116655e-01 1.644911691608995086e-01 7.414106778615943938e+01 8.761288113821304267e-04
-3.536906593179367508e+00 -5.468569760295116655e-01 1.644911691608995086e-01 7.414106778615943938e+01 8.761288113821304267e-04
-3.479564065358726754e+00 -6.123385341687961336e-01 1.700800501702344203e-01 7.053161886415693971e+01 8.679773134795922473e-04
-3.383564040743258783e+00 -6.333730395088829068e-01 1.683219328754410327e-01 6.306036840941691679e+01 1.316966200784199089e-03
-3.268481468549274016e+00 -5.729170973360224739e-01 1.601357984823716385e-01 7.084072446042350180e+01 1.244660468027448258e-03
-3.513581128187784230e+00 -5.988896233369426225e-01 1.640015303624802745e-01 7.042889988956703462e+01 8.849824998948733036e-04
-3.286213001034165693e+00 -5.824318919421059837e-01 1.737565325331812405e-01 8.040651617355824499e+01 1.176222075767467375e-03
-3.403298065870891786e+00 -5.789988306630560189e-01 1.744065844875009597e-01 8.222518983762901712e+01 1.393099674717898379e-03
-3.403298065870891786e+00 -5.789988306630560189e-01 1.744065844875009597e-01 8.222518983762901712e+01 1.393099674717898379e-03
-3.567097319730256011e+00 -5.235653231052030954e-01 1.887166348962526219e-01 7.721588810271423142e+01 1.052875144408534601e-03
-3.567097319730256011e+00 -5.235653231052030954e-01 1.887166348962526219e-01 7.721588810271423142e+01 1.052875144408534601e-03
-3.503146174995630524e+00 -5.491633025322596451e-01 1.888450647177744024e-01 6.231823160393148697e+01 1.269362149957310032e-03
-3.349647035847012067e+00 -5.356236847648874200e-01 1.835273565482642977e-01 8.115317079200252692e+01 1.194977014824782739e-03
-3.349647035847012067e+00 -5.356236847648874200e-01 1.835273565482642977e-01 8.115317079200252692e+01 1.194977014824782739e-03
-3.446371319371983599e+00 -4.832862911382760362e-01 1.703943908910167115e-01 8.532453032874065002e+01 1.152499219297099982e-03
-3.800186178341218302e+00 -4.657283243395755057e-01 1.610784748638919572e-01 8.546275322890164716e+01 1.410100094876057600e-03
-3.851736298582586482e+00 -4.751279336899811301e-01 1.638635175400005028e-01 8.618755732603094089e+01 1.647647092751071927e-03
-4.007423602990547451e+00 -4.500718872113625979e-01 1.668679852834484834e-01 8.336309790618075510e+01 1.545698247865893039e-03
-4.007423602990547451e+00 -4.500718872113625979e-01 1.668679852834484834e-01 8.336309790618075510e+01 1.545698247865893039e-03
-4.338029658671853639e+00 -4.882482121729802005e-01 1.519708605502096965e-01 7.472669238570003358e+01 1.173947096567023963e-03
-4.230108799979554135e+00 -4.730386961946262958e-01 1.623320137974623711e-01 8.052653216813571646e+01 1.680564939611915894e-03
-4.029688955631028691e+00 -4.896378204280240065e-01 1.565420081096926819e-01 8.476380637173610921e+01 1.688645120294220668e-03
-4.349790629371871553e+00 -5.508582912360592276e-01 1.493330071513174206e-01 7.533747258118856394e+01 1.275972624346415063e-03
-4.350392986685890584e+00 -5.609692804391543941e-01 1.446732117883749169e-01 7.404555542505674737e+01 1.111553242240529435e-03
-4.350392986685890584e+00 -5.609692804391543941e-01 1.446732117883749169e-01 7.404555542505674737e+01 1.111553242240529435e-03
-4.350392986685890584e+00 -5.609692804391543941e-01 1.446732117883749169e-01 7.404555542505674737e+01 1.111553242240529435e-03
-4.273538840457541177e+00 -5.512930159335813762e-01 1.336442950189360435e-01 6.634611821789030728e+01 1.358719768059827096e-03
-4.011760339675044307e+00 -5.378865530933605310e-01 1.367385512454940555e-01 6.479432115479256993e+01 1.798284564874282586e-03
-4.449176934545594264e+00 -5.282497109051025319e-01 1.348231534666127773e-01 7.260194090529184052e+01 1.008560119096336884e-03
-4.600864171675367764e+00 -5.193544163035588301e-01 1.345909648173314599e-01 7.722351650647935628e+01 1.178548051493189669e-03
-4.497006406075545470e+00 -4.893570744427311325e-01 1.220416175733036873e-01 7.249302429838377293e+01 1.173172892506620796e-03
-4.497006406075545470e+00 -4.893570744427311325e-01 1.220416175733036873e-01 7.249302429838377293e+01 1.173172892506620796e-03
-4.497006406075545470e+00 -4.893570744427311325e-01 1.220416175733036873e-01 7.249302429838377293e+01 1.173172892506620796e-03
-4.656805983953606898e+00 -4.500036230731659925e-01 1.253862707289623013e-01 7.332189664961695996e+01 1.089772583341638368e-03
-4.656255872105727889e+00 -4.412823210542092811e-01 1.104017918489523659e-01 8.065408169150143181e+01 9.964623444334902349e-04
-4.656255872105727889e+00 -4.412823210542092811e-01 1.104017918489523659e-01 8.065408169150143181e+01 9.964623444334902349e-04
-4.656255872105727889e+00 -4.412823210542092811e-01 1.104017918489523659e-01 8.065408169150143181e+01 9.964623444334902349e-04
-4.656255872105727889e+00 -4.412823210542092811e-01 1.104017918489523659e-01 8.065408169150143181e+01 9.964623444334902349e-04
-4.931893734236700411e+00 -4.194417754224055161e-01 1.064666675807859064e-01 8.177880586683805575e+01 9.286261919389957259e-04
-4.934421965209883965e+00 -4.701683688857698495e-01 1.184890515192776328e-01 8.327830080285792747e+01 1.232770717803483322e-03
-4.849536314778108981e+00 -4.422148623286722979e-01 1.294180244746168662e-01 8.288286283287762046e+01 1.481183206125865574e-03
-4.714294696429340625e+00 -4.317736178943829550e-01 1.010706955528211382e-01 8.573884287454430364e+01 1.000877167158748492e-03
-4.940475788828427639e+00 -4.325450528272011819e-01 1.026719011567196610e-01 8.195354016149322263e+01 9.337750408662864529e-04
-4.615917831409312555e+00 -4.458754334904129757e-01 1.015134348426163652e-01 8.698680003032806951e+01 1.042793390336037122e-03
-4.960198557714555534e+00 -4.347344515497523765e-01 8.611585382316479242e-02 8.207162203043729676e+01 1.438178479067880010e-03
-4.960198557714555534e+00 -4.347344515497523765e-01 8.611585382316479242e-02 8.207162203043729676e+01 1.438178479067880010e-03
-4.944614279820481073e+00 -4.084993763478594886e-01 9.909761615425333181e-02 8.509936730892572143e+01 9.554238380611354119e-04
-4.944614279820481073e+00 -4.084993763478594886e-01 9.909761615425333181e-02 8.509936730892572143e+01 9.554238380611354119e-04
-4.912514921159373493e+00 -3.987956290416559968e-01 1.116971788980715419e-01 8.562823713181730056e+01 1.071618885422325178e-03
-3.990561717343635628e+00 -4.350285715997510017e-01 1.254809416789890719e-01 8.924872246330535575e+01 1.535522250160706488e-03
-4.247159269953393768e+00 -3.854481685465451779e-01 1.290722860963821328e-01 8.309933664758092675e+01 1.290990182347867814e-03
-4.247159269953393768e+00 -3.854481685465451779e-01 1.290722860963821328e-01 8.309933664758092675e+01 1.290990182347867814e-03
-4.538902594552284953e+00 -3.065829028973069414e-01 1.264275564469408419e-01 8.044764537126253856e+01 1.377913365227576405e-03
-4.702562585375905435e+00 -3.204655650339105488e-01 1.244523682017414090e-01 8.918299297801728187e+01 1.314401302815765716e-03
-4.702562585375905435e+00 -3.204655650339105488e-01 1.244523682017414090e-01 8.918299297801728187e+01 1.314401302815765716e-03
-4.788094306023939595e+00 -3.833060874806322738e-01 1.327355936854558160e-01 6.864575068839788230e+01 1.457153149406967361e-03
-4.860034032542097648e+00 -4.463149546148691971e-01 1.397590306547434325e-01 7.091836256199997024e+01 1.179297749007313361e-03
-4.860034032542097648e+00 -4.463149546148691971e-01 1.397590306547434325e-01 7.091836256199997024e+01 1.179297749007313361e-03
-4.760855027266774009e+00 -4.513957255129110724e-01 1.386658789835034933e-01 7.350865765359191073e+01 1.161912734464723602e-03
-4.760855027266774009e+00 -4.513957255129110724e-01 1.386658789835034933e-01 7.350865765359191073e+01 1.161912734464723602e-03
-4.318037567127042564e+00 -5.083467406340003159e-01 1.300336557080701561e-01 7.099868915801867786e+01 1.177494881077203234e-03
-4.369685239929638421e+00 -5.307357621629219535e-01 1.177177616978544311e-01 8.022885708785005932e+01 1.012776551269010429e-03
-4.379667497152960998e+00 -5.459256999122381604e-01 1.216781276306810877e-01 8.043955110493274674e+01 1.035664346915434906e-03
-4.379667497152960998e+00 -5.459256999122381604e-01 1.216781276306810877e-01 8.043955110493274674e+01 1.035664346915434906e-03
-4.725732397912018712e+00 -5.260984575632638993e-01 1.188232384816707982e-01 7.122059282765457056e+01 1.094421824149263527e-03
-4.779326372178379856e+00 -5.846389427595737320e-01 1.172620773035418368e-01 6.566873110499024335e+01 1.503256751936923007e-03
-4.858569477716685903e+00 -5.485267085926422981e-01 1.083854414332234284e-01 6.846364510044962515e+01 1.528922493626945142e-03
-4.858569477716685903e+00 -5.485267085926422981e-01 1.083854414332234284e-01 6.846364510044962515e+01 1.528922493626945142e-03
-4.858569477716685903e+00 -5.485267085926422981e-01 1.083854414332234284e-01 6.846364510044962515e+01 1.528922493626945142e-03
-4.858569477716685903e+00 -5.485267085926422981e-01 1.083854414332234284e-01 6.846364510044962515e+01 1.528922493626945142e-03
-4.830902802432213150e+00 -5.783871585986456454e-01 1.087001922762791672e-01 7.310835845612984940e+01 1.033588284979565985e-03
-4.860247035540884220e+00 -5.785896378749372237e-01 1.123685337943533674e-01 7.370438725188088824e+01 9.347354949508554891e-04
-4.899927231920895743e+00 -5.860787895772823219e-01 1.157478120982355085e-01 7.879257950977894609e+01 9.853436068867627018e-04
-4.408277611863207213e+00 -5.219526300139635255e-01 1.279629451718618249e-01 7.722806260079943286e+01 9.985973081511336728e-04
-4.388964616691310994e+00 -4.956385312256491593e-01 1.204181733394174003e-01 7.293805288686344568e+01 1.257738189456898952e-03
-4.388964616691310994e+00 -4.956385312256491593e-01 1.204181733394174003e-01 7.293805288686344568e+01 1.257738189456898952e-03
-4.388964616691310994e+00 -4.956385312256491593e-01 1.204181733394174003e-01 7.293805288686344568e+01 1.257738189456898952e-03
-4.292573377722218808e+00 -4.479929008573328431e-01 1.301009759501358387e-01 8.076060521757737831e+01 1.104934917711773018e-03
-4.167036126465212043e+00 -4.276625754633602838e-01 1.320594181659849320e-01 8.510949550853469248e+01 1.268975956445597079e-03
-4.076187483036568082e+00 -4.284532714801450592e-01 1.325178609110203853e-01 7.863744569184271427e+01 1.344042757248601217e-03
-4.047587214866373628e+00 -4.161898939826862431e-01 1.292884078315519880e-01 8.286536208434722539e+01 1.422733322124944584e-03
-4.529868087862081616e+00 -3.876177388516050537e-01 1.346038102236858658e-01 8.298538832226934403e+01 1.246326611427375818e-03
-4.284540178662505028e+00 -4.085480973056330178e-01 1.467415184731194477e-01 7.974373128630161034e+01 1.180919150997846064e-03
-4.027094869380004383e+00 -4.428058913171197264e-01 1.621712910844673727e-01 8.247076604032784530e+01 1.371377596653338728e-03
-3.987634418436579065e+00 -3.873887418525243098e-01 1.718213638277503175e-01 6.887063313250503427e+01 1.407400960429586829e-03
-3.987634418436579065e+00 -3.873887418525243098e-01 1.718213638277503175e-01 6.887063313250503427e+01 1.407400960429586829e-03
-3.987634418436579065e+00 -3.873887418525243098e-01 1.718213638277503175e-01 6.887063313250503427e+01 1.407400960429586829e-03
-3.987634418436579065e+00 -3.873887418525243098e-01 1.718213638277503175e-01 6.887063313250503427e+01 1.407400960429586829e-03
-3.958801690012583752e+00 -3.753307756176943455e-01 1.727816888679929441e-01 7.288782203538724502e+01 1.291830380343591579e-03
-3.958801690012583752e+00 -3.753307756176943455e-01 1.727816888679929441e-01 7.288782203538724502e+01 1.291830380343591579e-03
-4.052728192873226831e+00 -3.561835840494351757e-01 1.631564570156863736e-01 7.831992736766119378e+01 1.274172879766618562e-03
-4.249484029114604766e+00 -3.948922709870274494e-01 1.612987208061577304e-01 8.707550908600029516e+01 2.023003554407510132e-03
-3.895314664723751985e+00 -3.545501780854752871e-01 1.694248247491849935e-01 8.640978905507962793e+01 1.490400945676369909e-03
-4.025011800628492509e+00 -3.319757896436609790e-01 1.719807844926528884e-01 8.793227558264993604e+01 1.601644941586433113e-03
-4.025011800628492509e+00 -3.319757896436609790e-01 1.719807844926528884e-01 8.793227558264993604e+01 1.601644941586433113e-03
-4.162854394651434475e+00 -3.134163216889240822e-01 1.622953350854523802e-01 7.401818773096465520e+01 1.682763179337062875e-03
-4.162854394651434475e+00 -3.134163216889240822e-01 1.622953350854523802e-01 7.401818773096465520e+01 1.682763179337062875e-03
-4.055002587616813869e+00 -3.251726386461105678e-01 1.678672596214852986e-01 8.159350069157628127e+01 1.400023083441728593e-03
-4.058220011648192127e+00 -3.209207944549524183e-01 1.722999198370039065e-01 7.572119387096471144e+01 1.495762688614998663e-03
-4.058220011648192127e+00 -3.209207944549524183e-01 1.722999198370039065e-01 7.572119387096471144e+01 1.495762688614998663e-03
-4.326285270976264918e+00 -3.695179204421008001e-01 1.879800430526225030e-01 6.829920321068617284e+01 1.361916429889879678e-03
-4.389319038832810271e+00 -3.624934170714342319e-01 1.979605465138300213e-01 6.799838559535400861e+01 1.600329999796759866e-03
-4.132535982633537053e+00 -3.621545111685488538e-01 1.949295634427270496e-01 6.290157534518667148e+01 1.501669849691698476e-03
-3.919637671924259159e+00 -3.819242856705899469e-01 1.975444446414591770e-01 6.784774372274470977e+01 1.177569673148523739e-03
-3.919637671924259159e+00 -3.819242856705899469e-01 1.975444446414591770e-01 6.784774372274470977e+01 1.177569673148523739e-03
-3.919637671924259159e+00 -3.819242856705899469e-01 1.975444446414591770e-01 6.784774372274470977e+01 1.177569673148523739e-03
-3.919637671924259159e+00 -3.819242856705899469e-01 1.975444446414591770e-01 6.784774372274470977e+01 1.177569673148523739e-03
-3.871185048019352593e+00 -4.134994910112406163e-01 1.884003321857553870e-01 7.202989610774120877e+01 1.004884903823500576e-03
-3.871185048019352593e+00 -4.134994910112406163e-01 1.884003321857553870e-01 7.202989610774120877e+01 1.004884903823500576e-03
-3.871185048019352593e+00 -4.134994910112406163e-01 1.884003321857553870e-01 7.202989610774120877e+01 1.004884903823500576e-03
-4.278939176392479560e+00 -3.636550284659656462e-01 1.918577214128421859e-01 6.322537503924677793e+01 1.502765589069015662e-03
-4.278939176392479560e+00 -3.636550284659656462e-01 1.918577214128421859e-01 6.322537503924677793e+01 1.502765589069015662e-03
-4.007428261259661895e+00 -3.583368547998770359e-01 1.858626622038615228e-01 7.010162687276954330e+01 1.258808627837731172e-03
-3.984088347571274724e+00 -3.619879564288594476e-01 1.827665613546182455e-01 8.345654033054984211e+01 1.401467234383812696e-03
-3.820210219392548012e+00 -3.663994469123543762e-01 1.850886148808735254e-01 8.583178473116851137e+01 1.408802246219731033e-03
-3.820210219392548012e+00 -3.663994469123543762e-01 1.850886148808735254e-01 8.583178473116851137e+01 1.408802246219731033e-03
-3.676843952230383294e+00 -3.647139990576898638e-01 1.824274986795311193e-01 7.384559205266080539e+01 1.840418135366085010e-03
-3.384513087759511762e+00 -4.176056983983511550e-01 1.878461799727463022e-01 6.900230090058940391e+01 2.010661816061935000e-03
-3.167905830210302032e+00 -4.342908657464776279e-01 1.949922916095339631e-01 6.989745896550908810e+01 2.365669461958077625e-03
-3.707330100243574122e+00 -4.113197084052799823e-01 1.958843766111012241e-01 6.770859683463096701e+01 1.320710285235190615e-03
-3.911879895158510312e+00 -4.429406068504896377e-01 1.842915548755579280e-01 6.664946250149580464e+01 1.080126240155116326e-03
-3.911879895158510312e+00 -4.429406068504896377e-01 1.842915548755579280e-01 6.664946250149580464e+01 1.080126240155116326e-03
-3.911879895158510312e+00 -4.429406068504896377e-01 1.842915548755579280e-01 6.664946250149580464e+01 1.080126240155116326e-03
-3.911879895158510312e+00 -4.429406068504896377e-01 1.842915548755579280e-01 6.664946250149580464e+01 1.080126240155116326e-03
-4.417770248944139944e+00 -4.526852267184616752e-01 1.770647619212112889e-01 6.602347148741523597e+01 1.406416183185896316e-03
-4.496677928896879450e+00 -4.325847116883475563e-01 1.557038710172160834e-01 6.383922518532273926e+01 1.543436589248170249e-03
-4.641885976984086781e+00 -3.748419614499303720e-01 1.544510449066094915e-01 7.111652494651187340e+01 1.361649786802241347e-03
-4.801034402909081678e+00 -3.743822349418984285e-01 1.541652864235173448e-01 7.066747818088936128e+01 1.435166667861485171e-03
-4.801034402909081678e+00 -3.743822349418984285e-01 1.541652864235173448e-01 7.066747818088936128e+01 1.435166667861485171e-03
-4.334435797623237718e+00 -3.280842403463379298e-01 1.509275263155899771e-01 7.388525375551539298e+01 1.496204366453513044e-03
-4.334435797623237718e+00 -3.280842403463379298e-01 1.509275263155899771e-01 7.388525375551539298e+01 1.496204366453513044e-03
-4.661305294902484242e+00 -3.012100878300738582e-01 1.511816464812398841e-01 8.244903059777871590e+01 1.543404632868025737e-03
-4.661305294902484242e+00 -3.012100878300738582e-01 1.511816464812398841e-01 8.244903059777871590e+01 1.543404632868025737e-03
-4.574498775061749178e+00 -2.629650007009464163e-01 1.532328739354390790e-01 6.731753677757517096e+01 2.507112726162877368e-03
-4.214758940513453567e+00 -2.751989696189847678e-01 1.464453704797676059e-01 6.553399260404721360e+01 4.158966307767939657e-03
-4.214758940513453567e+00 -2.751989696189847678e-01 1.464453704797676059e-01 6.553399260404721360e+01 4.158966307767939657e-03
-4.199897211874278113e+00 -3.143576798400867789e-01 1.425562390900530219e-01 6.923608370609376550e+01 2.886543709821628653e-03
-4.199897211874278113e+00 -3.143576798400867789e-01 1.425562390900530219e-01 6.923608370609376550e+01 2.886543709821628653e-03
-4.310358166929566082e+00 -3.322184212431633088e-01 1.559741589075718526e-01 7.653438486305270771e+01 1.311800258541117887e-03
-4.274297379568489319e+00 -3.339598357525869754e-01 1.478763918749443074e-01 7.553647232503671205e+01 1.492396062711989681e-03
-4.006471748774127484e+00 -3.111384215205661996e-01 1.543824028834741569e-01 7.996648720766249596e+01 2.032068871749174305e-03
-4.624309118338440605e+00 -3.452749433509043619e-01 1.524232037216995961e-01 7.892796711946871824e+01 1.458237304226360932e-03
-4.103680283854229671e+00 -3.737190906454494477e-01 1.602182350097036412e-01 8.674908588927934261e+01 1.587917657048846208e-03
-4.320105439145860871e+00 -3.947394564018837926e-01 1.503473140481967063e-01 8.864191656409934694e+01 1.995603862573316033e-03
-4.823383010495189360e+00 -4.046871181345941260e-01 1.527261681917685410e-01 8.600196162032543157e+01 2.843657844043146875e-03
-4.481765685377902209e+00 -3.646436445771973900e-01 1.428411549877680875e-01 7.827927300987794013e+01 1.187268489832314254e-03
-4.490163399477029138e+00 -3.662172073419964757e-01 1.451453920688987598e-01 8.215932362682059420e+01 1.357650347652148565e-03
-4.725623049997594194e+00 -3.316836607779151125e-01 1.488244871074510534e-01 7.204594013835810529e+01 1.399320217614442863e-03
-4.725623049997594194e+00 -3.316836607779151125e-01 1.488244871074510534e-01 7.204594013835810529e+01 1.399320217614442863e-03
-4.725623049997594194e+00 -3.316836607779151125e-01 1.488244871074510534e-01 7.204594013835810529e+01 1.399320217614442863e-03
-4.909538145327584147e+00 -3.249086755830201123e-01 1.544020447369658655e-01 8.326555605497078716e+01 2.276053105240032071e-03
-4.812401777040133055e+00 -3.330037685779155265e-01 1.616699683846455349e-01 8.257444381393095512e+01 2.396678500116201233e-03
-4.959607895745696382e+00 -3.485925439372349333e-01 1.633701719713165634e-01 7.845016799561902587e+01 2.344058031089876325e-03
-4.819144788731804852e+00 -3.715475859290403582e-01 1.548163094642849846e-01 7.686447104623074722e+01 1.719719859662393116e-03
-4.739355332706762347e+00 -3.895444487392731303e-01 1.629647104606596342e-01 7.595508517724587705e+01 1.891110976367360325e-03
-4.800902629532536103e+00 -3.787184440092646875e-01 1.668063180429396886e-01 7.844210732758567417e+01 2.367356359441388260e-03
-4.116207998905530907e+00 -4.047775613817827800e-01 1.687697867876946922e-01 8.856579212818606095e+01 2.206197825331881850e-03
-4.231535977154083028e+00 -3.882238295225703406e-01 1.700696862195945347e-01 8.948193802998905255e+01 2.558989324890260323e-03
-4.132387265309264812e+00 -4.262616738208086509e-01 1.613039500786805636e-01 7.875868952805058143e+01 1.193528553497924267e-03
-4.132387265309264812e+00 -4.262616738208086509e-01 1.613039500786805636e-01 7.875868952805058143e+01 1.193528553497924267e-03
-4.096788557236513029e+00 -4.153056460059603716e-01 1.575165361459285873e-01 6.959498704009907044e+01 1.306900027193098847e-03
-3.880897356478950400e+00 -4.309644979147914112e-01 1.442069280657835295e-01 7.320264407468644663e+01 1.700162538959644996e-03
-3.880897356478950400e+00 -4.309644979147914112e-01 1.442069280657835295e-01 7.320264407468644663e+01 1.700162538959644996e-03
-3.422637060132048603e+00 -4.495611670932099790e-01 1.420714611401528160e-01 8.923374216845805051e+01 1.293766987740158341e-03
-3.660552098470036153e+00 -4.635828607907869769e-01 1.226505800692375553e-01 8.980590178648637334e+01 1.785689437360934821e-03
-3.993907078228767116e+00 -4.413744902161658712e-01 1.281784269487105388e-01 8.353636848849048135e+01 1.382398850044019509e-03
-3.707145397779558316e+00 -3.987409987426740465e-01 1.332076515099124281e-01 8.939722505580870404e+01 1.978396867474255943e-03
-3.225419693402311161e+00 -4.267471892476473738e-01 1.422537238673052262e-01 8.922437176859249064e+01 1.272719309809662580e-03
-3.225419693402311161e+00 -4.267471892476473738e-01 1.422537238673052262e-01 8.922437176859249064e+01 1.272719309809662580e-03
-3.927232244563818586e+00 -4.404229825193805570e-01 1.545848289489719085e-01 8.744689880574145491e+01 1.588561788674348538e-03
-3.750420756020207858e+00 -4.921664852910359045e-01 1.531154214591106122e-01 8.568781304404620869e+01 1.385685386149574337e-03
-3.825761560347483048e+00 -4.736471253032552564e-01 1.387193833267548748e-01 8.725516636413958338e+01 1.368272821447655795e-03
-3.300210972264228992e+00 -4.889754840053420759e-01 1.463639195990577846e-01 8.988890136521062857e+01 1.056735854438816628e-03
-3.300210972264228992e+00 -4.889754840053420759e-01 1.463639195990577846e-01 8.988890136521062857e+01 1.056735854438816628e-03
-3.521663160828317096e+00 -4.902469363735533214e-01 1.547811801506828455e-01 7.198108127431609660e+01 1.476366934426694665e-03
-3.476822962102115611e+00 -4.657100337314702410e-01 1.584227204895256869e-01 7.291077560275671487e+01 1.543001020121065412e-03
-3.567623450649488159e+00 -4.276950633830464144e-01 1.477881709490180551e-01 7.880745020895436426e+01 1.741664156453232720e-03
-3.567623450649488159e+00 -4.276950633830464144e-01 1.477881709490180551e-01 7.880745020895436426e+01 1.741664156453232720e-03
-3.226110574404405629e+00 -4.491369564814902682e-01 1.559981354216815608e-01 7.916746488041685836e+01 1.579367410946623008e-03
-3.696963035406776843e+00 -4.198207495491836361e-01 1.474718374837440393e-01 8.645868490388839689e+01 1.523781558811449464e-03
-3.768092660776766856e+00 -3.980127533232435955e-01 1.437123425135046761e-01 8.506811427989715924e+01 1.601947786544532029e-03
-4.074037027871936445e+00 -3.836964424636426507e-01 1.382774242956211486e-01 8.110277590899141842e+01 1.424955325578342383e-03
-4.064734808337063576e+00 -4.635894593168986555e-01 1.574506074113209975e-01 8.107586558953288147e+01 1.305869765499281885e-03
-4.385216133600509103e+00 -4.863142764443417754e-01 1.615975604337956950e-01 7.213572783370871377e+01 1.297023495493616636e-03
-3.779993842673927240e+00 -4.783522267265175043e-01 1.825923220092217081e-01 6.260261866903932315e+01 1.368039214706315157e-03
-3.764574903231682423e+00 -4.903486456860548515e-01 1.795739376298230716e-01 6.308976850019330129e+01 1.325053538960485264e-03
-4.216944394223950177e+00 -4.885837289034066777e-01 1.806825334262852911e-01 6.382171388353800978e+01 1.175281351277726117e-03
-4.436646719663876581e+00 -5.137878991965023623e-01 1.669883582564607449e-01 6.206415245319499974e+01 1.394421741306904172e-03
-4.595892256836993539e+00 -5.483761580425945414e-01 1.858226714742821084e-01 6.693434117348857626e+01 2.127825479209157888e-03
-4.650921830794685796e+00 -5.505256861518956768e-01 1.790815028192622171e-01 6.910496393184028818e+01 2.173438638171589117e-03
-4.621866885631210842e+00 -5.637052574911802783e-01 1.796538959372642463e-01 6.436996677587217164e+01 1.814044042240125360e-03
-4.722590914731546796e+00 -5.321615404575031905e-01 1.825633588217971115e-01 6.113340120038585468e+01 1.864790826593456727e-03
-4.722590914731546796e+00 -5.321615404575031905e-01 1.825633588217971115e-01 6.113340120038585468e+01 1.864790826593456727e-03
-4.764924183308780314e+00 -5.529869375395716213e-01 1.652747468762421901e-01 7.392559350005284102e+01 2.275292782842321289e-03
-4.836272414309026324e+00 -5.030458545777000134e-01 1.491609667301805886e-01 7.120186573205901936e+01 1.393922544689958198e-03
-4.906074566796492675e+00 -5.083239394645233666e-01 1.456760852142627849e-01 7.243171226170531440e+01 1.397180218730734082e-03
-4.906074566796492675e+00 -5.083239394645233666e-01 1.456760852142627849e-01 7.243171226170531440e+01 1.397180218730734082e-03
-4.843369614309790627e+00 -5.081967771727579075e-01 1.486639066191809133e-01 6.351451678003683554e+01 1.378794503412617608e-03
-4.865276751514073794e+00 -5.087762070165904316e-01 1.525798737145523110e-01 6.580826848107707860e+01 1.354036770997368681e-03
-4.865276751514073794e+00 -5.087762070165904316e-01 1.525798737145523110e-01 6.580826848107707860e+01 1.354036770997368681e-03
-4.685831527705754951e+00 -5.094158732838244275e-01 1.460013115031697783e-01 6.417985035021332862e+01 1.358468230951007712e-03
-4.685831527705754951e+00 -5.094158732838244275e-01 1.460013115031697783e-01 6.417985035021332862e+01 1.358468230951007712e-03
-4.460974135740620738e+00 -5.112527895592003935e-01 1.439605698828128055e-01 6.432229856467375839e+01 1.383418520438671733e-03
-4.503930238001275121e+00 -5.529427568329544629e-01 1.420560324532549323e-01 7.180981656602972407e+01 1.088934609910176352e-03
-4.310324286562819296e+00 -5.446509233847881548e-01 1.434391875360342683e-01 6.395746887396802549e+01 1.362623045852282781e-03
-4.579079948985740778e+00 -5.087282240863292282e-01 1.604440843708369868e-01 7.051434700114641885e+01 1.468173412259872641e-03
-4.392656680874991615e+00 -5.362479539576413545e-01 1.787368445689733465e-01 6.096258865010291572e+01 1.435633671305768314e-03
-4.392656680874991615e+00 -5.362479539576413545e-01 1.787368445689733465e-01 6.096258865010291572e+01 1.435633671305768314e-03
-4.147207754349048869e+00 -5.470069876515573082e-01 1.715771690000887917e-01 6.517866859771176280e+01 1.057541552256101042e-03
-4.105311857431939160e+00 -5.429970753885970947e-01 1.625166063534555505e-01 6.265765875025467579e+01 1.196510034438616477e-03
-4.105311857431939160e+00 -5.429970753885970947e-01 1.625166063534555505e-01 6.265765875025467579e+01 1.196510034438616477e-03
-4.006815815415103899e+00 -5.616592824414808893e-01 1.663766366308533917e-01 6.893455403713336693e+01 9.285728291257972205e-04
-4.006815815415103899e+00 -5.616592824414808893e-01 1.663766366308533917e-01 6.893455403713336693e+01 9.285728291257972205e-04
-3.398029095334693217e+00 -5.552263625259930002e-01 1.779196920797451176e-01 7.656371686040461100e+01 9.697328340318578507e-04
-3.390033043713290617e+00 -5.827491156508454173e-01 1.593120169970278499e-01 6.778610640873735349e+01 1.263270582632589675e-03
-3.419027321603819392e+00 -5.582107780478854364e-01 1.628780084106938586e-01 8.315430162967766137e+01 1.168309021872719969e-03
-3.511662013303178398e+00 -5.517854247939356638e-01 1.412349487647412971e-01 8.681823014751057599e+01 1.145518939603600538e-03
-3.511662013303178398e+00 -5.517854247939356638e-01 1.412349487647412971e-01 8.681823014751057599e+01 1.145518939603600538e-03
-3.482119477429110876e+00 -5.142467690069969510e-01 1.520670198374141913e-01 8.622881707785371930e+01 1.115493747721863112e-03
-3.974081473852213442e+00 -5.044316138803355276e-01 1.338472242483570440e-01 8.015447636540321241e+01 1.113435718948885093e-03
-3.974081473852213442e+00 -5.044316138803355276e-01 1.338472242483570440e-01 8.015447636540321241e+01 1.113435718948885093e-03
-4.158974479862374451e+00 -4.859813660297497284e-01 1.282122793623328705e-01 8.209846001731492038e+01 1.127304790563255898e-03
-4.358625251024484726e+00 -5.035744056816826575e-01 1.141536489123073095e-01 7.954261244723150526e+01 1.083784987307096935e-03
-4.174579543871766774e+00 -5.453108946529445777e-01 1.076800262694503491e-01 7.700943215191540503e+01 1.495048211755823503e-03
-4.174579543871766774e+00 -5.453108946529445777e-01 1.076800262694503491e-01 7.700943215191540503e+01 1.495048211755823503e-03
-4.776481163257382256e+00 -5.196432459885869104e-01 1.047070609123577495e-01 7.994470670932163614e+01 9.257729786513887137e-04
-4.202227133581801333e+00 -5.158815023836298419e-01 9.644228980776060889e-02 8.677849438827145434e+01 1.555128884390557555e-03
-4.202227133581801333e+00 -5.158815023836298419e-01 9.644228980776060889e-02 8.677849438827145434e+01 1.555128884390557555e-03
-4.202227133581801333e+00 -5.158815023836298419e-01 9.644228980776060889e-02 8.677849438827145434e+01 1.555128884390557555e-03
-4.485910177015139944e+00 -5.484375107539853911e-01 9.526957970263996711e-02 8.027685214259636837e+01 1.333049804761183904e-03
-4.485910177015139944e+00 -5.484375107539853911e-01 9.526957970263996711e-02 8.027685214259636837e+01 1.333049804761183904e-03
-4.413612688600417222e+00 -5.856095160154721757e-01 8.202715123853097923e-02 8.428508633134268280e+01 1.805138835749839962e-03
-4.088839206021164685e+00 -6.300389090921288959e-01 8.068161468157673821e-02 8.409335291975496318e+01 2.432915727020124128e-03
-3.878767365290970215e+00 -6.496625189104421327e-01 9.066189474023110539e-02 8.804461234415235538e+01 1.790593148209711043e-03
-3.813391756311320879e+00 -6.712910670943695868e-01 1.111427578006807804e-01 8.587114038362260260e+01 1.253549267530880765e-03
-4.009865268589172693e+00 -6.934008440181853583e-01 1.226419722575296106e-01 7.601522955674501247e+01 9.383275963786334110e-04
-4.231054718094421574e+00 -6.665550120190907313e-01 1.175499695524227645e-01 7.671195945657652260e+01 9.425171837703419635e-04
-4.231054718094421574e+00 -6.665550120190907313e-01 1.175499695524227645e-01 7.671195945657652260e+01 9.425171837703419635e-04
-4.231054718094421574e+00 -6.665550120190907313e-01 1.175499695524227645e-01 7.671195945657652260e+01 9.425171837703419635e-04
-4.687965889465833591e+00 -6.893908616929602662e-01 9.811684358938108086e-02 7.536294945358172015e+01 1.128647769406499000e-03
-4.812657333805923088e+00 -6.697158517650252385e-01 8.564180959993426823e-02 8.045430525317026138e+01 1.292048796349334850e-03
-4.812657333805923088e+00 -6.697158517650252385e-01 8.564180959993426823e-02 8.045430525317026138e+01 1.292048796349334850e-03
-4.812657333805923088e+00 -6.697158517650252385e-01 8.564180959993426823e-02 8.045430525317026138e+01 1.292048796349334850e-03
-4.812657333805923088e+00 -6.697158517650252385e-01 8.564180959993426823e-02 8.045430525317026138e+01 1.292048796349334850e-03
-4.514084834054138184e+00 -6.569729587777198843e-01 9.591036985117228075e-02 8.950743582759892547e+01 1.240904851574210158e-03
-4.720780349748485705e+00 -6.989140152179185161e-01 9.569987561236932561e-02 8.675428960949943757e+01 1.099267653449449407e-03
-4.671093723148783461e+00 -6.855795558544507395e-01 1.002692103792901246e-01 8.039656056094966630e+01 9.218664364043725181e-04
-4.980806403512819891e+00 -7.259935620694953906e-01 9.018756746423785275e-02 7.475489574959752304e+01 1.377087478430630112e-03
-4.980806403512819891e+00 -7.259935620694953906e-01 9.018756746423785275e-02 7.475489574959752304e+01 1.377087478430630112e-03
-4.955251197742154723e+00 -7.486922100665014401e-01 8.387476173963855086e-02 7.230702133339852367e+01 2.145648981507099554e-03
-4.781342421018746514e+00 -7.662346129036835540e-01 8.040354498311989839e-02 7.128716082228105222e+01 2.761337572919009969e-03
-4.415158329774570234e+00 -7.648090064794805798e-01 8.363936867349860971e-02 7.320994448310788982e+01 2.454513529261416992e-03
-4.713864048059735801e+00 -7.358811189374631079e-01 1.083038543643475848e-01 6.004236796148261135e+01 2.639832038313831650e-03
-4.102540774191941075e+00 -7.583684540533246476e-01 1.032541390065045694e-01 6.249011477230916256e+01 3.056353221547945288e-03
-4.405498697553984933e+00 -7.405888892116274658e-01 1.011887247039685439e-01 6.684731072680452257e+01 2.089728768908370032e-03
-3.860185278264181008e+00 -6.777048622880887940e-01 1.149836945244070846e-01 7.238363323521764414e+01 1.419833964490804833e-03
-3.740762972485896398e+00 -6.798656671892214787e-01 1.174449899014943233e-01 7.405711530340629167e+01 1.289438407497981495e-03
-3.846699865473803381e+00 -7.167793693380710707e-01 1.193915431249948644e-01 7.216341455651205194e+01 1.154449040749313746e-03
-3.846699865473803381e+00 -7.167793693380710707e-01 1.193915431249948644e-01 7.216341455651205194e+01 1.154449040749313746e-03
-3.974663267717917225e+00 -8.264577166293637367e-01 1.314250399307976824e-01 7.722835364410045145e+01 1.124999656003131381e-03
-3.838423734053933778e+00 -8.636695480811468206e-01 1.097467013406386305e-01 8.065557448321121115e+01 1.030182560150489507e-03
-3.927972763277458590e+00 -8.623373575283944659e-01 1.097946138322799664e-01 8.842354173462872780e+01 1.659120477868055062e-03
-3.734674952539744019e+00 -8.402258578591395022e-01 1.065689784452560906e-01 8.836876358462967573e+01 1.469323740079791097e-03
-3.807196915939766946e+00 -8.446837445228353447e-01 1.079555626919736777e-01 8.937705174977710953e+01 1.616761321344965807e-03
-4.027724189791181963e+00 -8.550548825531711916e-01 1.151450173854332987e-01 7.674871726310453823e+01 9.219096792142998740e-04
-3.596903270808601061e+00 -8.112074226180490122e-01 1.275691750809618275e-01 7.482998239015336139e+01 8.739228788439285791e-04
-3.694636651418818030e+00 -8.575199150144806604e-01 1.290905483696705158e-01 7.631610436242854689e+01 9.588076450384090763e-04
-3.694636651418818030e+00 -8.575199150144806604e-01 1.290905483696705158e-01 7.631610436242854689e+01 9.588076450384090763e-04
-3.785298041232739941e+00 -8.145534124517915808e-01 1.323054463141622727e-01 7.813845105942358771e+01 1.108026796237667399e-03
-3.785298041232739941e+00 -8.145534124517915808e-01 1.323054463141622727e-01 7.813845105942358771e+01 1.108026796237667399e-03
-3.983265765583509310e+00 -7.901969526068901573e-01 1.376410515907222909e-01 6.990815631227262372e+01 8.680205029658364605e-04
-3.966103867002253480e+00 -7.876206157211318448e-01 1.274592192296171156e-01 6.905926097416269727e+01 9.512021126638901033e-04
-3.934581869419711886e+00 -7.900769113835330870e-01 1.450419741317268141e-01 6.866969839649100038e+01 8.856575338384695042e-04
-3.982778617035384716e+00 -7.606832909596885628e-01 1.498093524399761733e-01 7.013256073146854419e+01 9.736378676459161215e-04
-3.671518320370550370e+00 -7.150942170458781666e-01 1.640692670772310457e-01 7.582931548992807791e+01 1.346457698159604036e-03
-3.671518320370550370e+00 -7.150942170458781666e-01 1.640692670772310457e-01 7.582931548992807791e+01 1.346457698159604036e-03
-3.795461998798326242e+00 -7.162011470490077247e-01 1.397535067834735079e-01 7.346736628620109855e+01 8.825485861745159706e-04
-3.561461468890620097e+00 -7.252301072313626085e-01 1.323304818032796648e-01 7.407360810015765651e+01 8.967461477116676818e-04
-3.702772619663717624e+00 -7.357909392214572186e-01 1.513406953061288418e-01 7.726552862877517214e+01 1.264698654578413689e-03
-3.702772619663717624e+00 -7.357909392214572186e-01 1.513406953061288418e-01 7.726552862877517214e+01 1.264698654578413689e-03
-4.161296795544943805e+00 -6.781038630957674229e-01 1.525712155061695885e-01 7.548490308205816746e+01 1.443043906509674590e-03
-4.117125101052999447e+00 -6.625436146942847992e-01 1.464676953292304851e-01 7.836620934833767649e+01 1.459677136250168202e-03
-4.191158535141505048e+00 -6.394997527894608069e-01 1.319561426929140857e-01 8.351128953342086447e+01 1.550396256983603560e-03
-4.350435020329509683e+00 -5.916434865499322626e-01 1.175176183251080558e-01 8.482478947177737894e+01 1.263800810291109203e-03
-4.413733235566191127e+00 -5.856117475202995415e-01 1.255810068101521348e-01 7.025616546004371799e+01 1.070311779334448543e-03
-4.433561477536358986e+00 -6.068384685690659808e-01 1.398548583232787079e-01 6.936091925443547268e+01 1.015540249888898525e-03
-4.513396956238366897e+00 -6.294971224518617348e-01 1.259872565610015982e-01 7.683624363395946943e+01 1.026335276522009031e-03
-4.520959603006622807e+00 -6.183487688805352489e-01 1.185779952097831130e-01 7.665746029068698419e+01 9.226267276665584775e-04
-4.364424546342244859e+00 -6.201454664539483019e-01 1.134676141641763336e-01 8.528012377052395721e+01 1.247003743110924358e-03
-4.297813270527229612e+00 -6.770855897245228183e-01 1.074027629019310426e-01 8.583556504835803480e+01 1.220423036432874506e-03
-4.204304329353967695e+00 -6.633308480181068223e-01 1.058718965748760149e-01 7.222522450713861986e+01 1.520622840689535033e-03
-3.420291064771272538e+00 -6.995378829133626075e-01 1.002335690430586068e-01 7.467321668549386970e+01 2.341310774725571982e-03
-3.755416497278354804e+00 -6.986443294821979011e-01 9.445652125581895098e-02 7.975589011613524804e+01 1.929602539225506140e-03
-3.755416497278354804e+00 -6.986443294821979011e-01 9.445652125581895098e-02 7.975589011613524804e+01 1.929602539225506140e-03
-3.415573975277073515e+00 -7.240450690877179296e-01 8.848875825682385454e-02 8.645967802745394692e+01 1.865252048165825030e-03
-3.146563701392837586e+00 -7.643283011625419121e-01 8.153380085650749343e-02 8.052920891799666947e+01 2.582129386052990638e-03
-3.146563701392837586e+00 -7.643283011625419121e-01 8.153380085650749343e-02 8.052920891799666947e+01 2.582129386052990638e-03
-3.309102227368663662e+00 -7.366435474809099881e-01 9.247843926275577109e-02 7.651628660709384633e+01 2.581003420576155182e-03
-3.046722527384210455e+00 -7.603751379817500489e-01 9.742749745301818032e-02 7.773797094241751893e+01 1.349893829173690876e-03
-3.046722527384210455e+00 -7.603751379817500489e-01 9.742749745301818032e-02 7.773797094241751893e+01 1.349893829173690876e-03
-3.378703985125811826e+00 -7.559345364451676152e-01 9.795194631626466530e-02 8.090746129108151763e+01 1.567204444847022059e-03
-3.624965354347239987e+00 -7.767649140538013253e-01 1.024470611850556157e-01 7.465088691742192850e+01 1.719798085151415246e-03
-3.756662397846421975e+00 -7.839503068143217623e-01 1.046904482141334664e-01 7.971373182993067985e+01 1.174733370039093405e-03
-3.689456923499133900e+00 -7.715849305512914036e-01 1.136961352925329738e-01 8.642122389100578062e+01 1.347495880025336660e-03
-3.689456923499133900e+00 -7.715849305512914036e-01 1.136961352925329738e-01 8.642122389100578062e+01 1.347495880025336660e-03
-3.673642847223382191e+00 -7.947070504680178171e-01 1.104357505417554730e-01 8.557007425866592598e+01 1.262390823265524282e-03
-3.653920879008566658e+00 -8.279702500499754869e-01 1.156646210360069565e-01 8.547057698742052878e+01 1.335761368477721405e-03
-3.653920879008566658e+00 -8.279702500499754869e-01 1.156646210360069565e-01 8.547057698742052878e+01 1.335761368477721405e-03
-3.653920879008566658e+00 -8.279702500499754869e-01 1.156646210360069565e-01 8.547057698742052878e+01 1.335761368477721405e-03
-3.730112198093276099e+00 -8.900554436228438338e-01 1.149986702688638729e-01 7.967837525182621050e+01 1.011932653936457828e-03
-3.680261865937685339e+00 -9.083180269562728393e-01 1.194811285639819642e-01 7.049340109423827982e+01 9.904562438666207093e-04
-3.532054581459674214e+00 -9.214619221656616954e-01 1.267206410757073520e-01 7.358894271752592431e+01 8.463668631062044347e-04
-4.080271443687218280e+00 -9.175184277600061389e-01 1.155359685819331850e-01 7.485818736238775273e+01 8.850742321786244336e-04
-4.157764946047932675e+00 -8.681403426977269966e-01 1.121448265244167353e-01 7.273407199388157096e+01 9.449454461015266904e-04
-3.862012660450622636e+00 -8.962213533451579561e-01 1.217085963738238352e-01 7.215597724345025199e+01 8.744544976455102901e-04
-3.377739542547559370e+00 -8.678791664274982942e-01 1.271935028615504559e-01 7.626044769423921821e+01 8.761607162676145156e-04
