-4.542780549857885042e+00 -3.028948032888269526e-01 8.760579347807280481e-02 6.043252111670474136e+01 7.793951118433455234e-03
-4.370799791978936533e+00 -2.897998383865053040e-01 9.186722254665251330e-02 6.473845550449811981e+01 7.303837558098265174e-03
-4.892751447358786976e+00 -3.372514751847252024e-01 8.789711350317848393e-02 7.102794756999325898e+01 3.762502414470171759e-03
-4.892751447358786976e+00 -3.372514751847252024e-01 8.789711350317848393e-02 7.102794756999325898e+01 3.762502414470171759e-03
-4.650465781907410445e+00 -3.230095290306793099e-01 1.092825883563993405e-01 6.824286452952959792e+01 3.388411735259964051e-03
-4.650465781907410445e+00 -3.230095290306793099e-01 1.092825883563993405e-01 6.824286452952959792e+01 3.388411735259964051e-03
-4.993302112248245272e+00 -3.377803980883017365e-01 9.991655714394129251e-02 6.679807331114756153e+01 3.286254382818398247e-03
-4.645579694582528063e+00 -3.501983523112368601e-01 1.064249194500343221e-01 6.541034088274518865e+01 3.897984051216913694e-03
-4.655931698670378260e+00 -3.251967880823680157e-01 1.107115949163681445e-01 7.295567284453291279e+01 2.363716087690888486e-03
-4.531725936787317721e+00 -3.089575005588821588e-01 1.023350689103132150e-01 8.039363881378933741e+01 2.372257022024850705e-03
-4.531725936787317721e+00 -3.089575005588821588e-01 1.023350689103132150e-01 8.039363881378933741e+01 2.372257022024850705e-03
-4.522665518533574236e+00 -2.865336828316987217e-01 1.084848713333457643e-01 8.898452004669533721e+01 1.544464297430677259e-03
-4.522665518533574236e+00 -2.865336828316987217e-01 1.084848713333457643e-01 8.898452004669533721e+01 1.544464297430677259e-03
-4.522665518533574236e+00 -2.865336828316987217e-01 1.084848713333457643e-01 8.898452004669533721e+01 1.544464297430677259e-03
-4.872325617706915857e+00 -3.218131573734669404e-01 1.164390226790069788e-01 8.539781146400419232e+01 1.063893143685093554e-03
-4.872325617706915857e+00 -3.218131573734669404e-01 1.164390226790069788e-01 8.539781146400419232e+01 1.063893143685093554e-03
-4.853812827170729705e+00 -3.161508802828274511e-01 1.157977436052171349e-01 8.575762991759427223e+01 1.062031337097461229e-03
-4.741222582038293609e+00 -3.246632671429714456e-01 1.189541351952106557e-01 7.888271181333760751e+01 1.228082412793872567e-03
-4.896470989500663507e+00 -2.868788112573406046e-01 1.149095551840348395e-01 7.682237808117342581e+01 1.494967540285445113e-03
-4.856185079795507953e+00 -3.120912364795028759e-01 1.204552668177376606e-01 7.146443222515057414e+01 1.798057461143376997e-03
-4.934314683986506189e+00 -3.171523042384635227e-01 1.184886823938736539e-01 6.647245824756895161e+01 2.456268388536805760e-03
-4.857029008384955659e+00 -3.615678792461411439e-01 1.264445451712652990e-01 6.779840795283557497e+01 1.726222106047029577e-03
-4.857029008384955659e+00 -3.615678792461411439e-01 1.264445451712652990e-01 6.779840795283557497e+01 1.726222106047029577e-03
-4.855308122799705473e+00 -3.183092002614984484e-01 1.317464109191179567e-01 7.010295521155636322e+01 1.608964566020086757e-03
-4.855308122799705473e+00 -3.183092002614984484e-01 1.317464109191179567e-01 7.010295521155636322e+01 1.608964566020086757e-03
-4.855308122799705473e+00 -3.183092002614984484e-01 1.317464109191179567e-01 7.010295521155636322e+01 1.608964566020086757e-03
-4.460490814061474296e+00 -3.346710827331282889e-01 1.404575114736645869e-01 6.620188706170709736e+01 2.379008908581443753e-03
-4.460490814061474296e+00 -3.346710827331282889e-01 1.404575114736645869e-01 6.620188706170709736e+01 2.379008908581443753e-03
-4.274823498343064188e+00 -3.467636445286479407e-01 1.482121730546313854e-01 6.989717962696830966e+01 1.843904012811337437e-03
-4.254648699931000699e+00 -3.564496355254282989e-01 1.570045034571037335e-01 6.662359409704549762e+01 1.877351987465863611e-03
-4.493320801761728767e+00 -4.007477386924389595e-01 1.547857549398880261e-01 7.186337965946316331e+01 1.248901024513081413e-03
-4.600004642133531441e+00 -4.614665185717700124e-01 1.586349421239628410e-01 7.890908335497259429e+01 2.041316523888569729e-03
-4.958375023466604858e+00 -4.928844216269306355e-01 1.467513126082486963e-01 8.434083387923101327e+01 2.839226804024828736e-03
-4.442375039376910806e+00 -5.411332511453696981e-01 1.553073511701397458e-01 8.084166357001413417e+01 2.181148727520551122e-03
-4.364579307635970018e+00 -5.316267857258849538e-01 1.405399840532363109e-01 7.425123024099460167e+01 1.044189734353980241e-03
-4.594332262697417235e+00 -5.359214304282726715e-01 1.418093028443353498e-01 7.023151273570678654e+01 1.107699274942715046e-03
-4.594332262697417235e+00 -5.359214304282726715e-01 1.418093028443353498e-01 7.023151273570678654e+01 1.107699274942715046e-03
-4.936712125873771839e+00 -5.051788518651377791e-01 1.473995212424187018e-01 7.264178170283547331e+01 1.481697754463939375e-03
-4.936712125873771839e+00 -5.051788518651377791e-01 1.473995212424187018e-01 7.264178170283547331e+01 1.481697754463939375e-03
-4.747325782182913123e+00 -4.928243959480873571e-01 1.334142511641909501e-01 6.138797968480242417e+01 1.890612197905082361e-03
-4.923154901570383934e+00 -5.091026990557655507e-01 1.247261760291938498e-01 6.227874368271137939e+01 1.808385348549358673e-03
-4.923154901570383934e+00 -5.091026990557655507e-01 1.247261760291938498e-01 6.227874368271137939e+01 1.808385348549358673e-03
-4.853136456839011181e+00 -4.344461162194857562e-01 1.121450485524883994e-01 6.204518674059529815e+01 2.963189544366086683e-03
-4.853136456839011181e+00 -4.344461162194857562e-01 1.121450485524883994e-01 6.204518674059529815e+01 2.963189544366086683e-03
-4.596342203334899956e+00 -4.092256369507471514e-01 1.288810544559812477e-01 6.057841972436809641e+01 2.955767170079723512e-03
-4.569304171241842738e+00 -4.179900139614013965e-01 1.340771975533632532e-01 6.539644146068282282e+01 1.838491347152066899e-03
-4.569304171241842738e+00 -4.179900139614013965e-01 1.340771975533632532e-01 6.539644146068282282e+01 1.838491347152066899e-03
-4.569304171241842738e+00 -4.179900139614013965e-01 1.340771975533632532e-01 6.539644146068282282e+01 1.838491347152066899e-03
-4.857977162426632134e+00 -3.426055707560493602e-01 1.470458182050488616e-01 7.503995846331943653e+01 1.384172852748029661e-03
-4.857977162426632134e+00 -3.426055707560493602e-01 1.470458182050488616e-01 7.503995846331943653e+01 1.384172852748029661e-03
-4.980820043171700462e+00 -3.598417703849541849e-01 1.410503355597478858e-01 8.389058344183204952e+01 1.982574109298139951e-03
-4.858625220135272649e+00 -3.888707746726941528e-01 1.405246441718550343e-01 8.747969069401221986e+01 2.361505192798682255e-03
-4.479031739414525148e+00 -3.693252140812264828e-01 1.478246751633243705e-01 8.339805960472891400e+01 1.507751989015022323e-03
-4.610194805428308840e+00 -3.085811113267586947e-01 1.480920903077918294e-01 8.348274020573754228e+01 1.476835024324871020e-03
-4.629004216862291798e+00 -2.980706419534950302e-01 1.543877725093235342e-01 8.262259413956729759e+01 1.584840789164267908e-03
-4.629004216862291798e+00 -2.980706419534950302e-01 1.543877725093235342e-01 8.262259413956729759e+01 1.584840789164267908e-03
-4.629004216862291798e+00 -2.980706419534950302e-01 1.543877725093235342e-01 8.262259413956729759e+01 1.584840789164267908e-03
-4.623521450111276465e+00 -2.864538864599921464e-01 1.594003697637265127e-01 7.017554315661193698e+01 1.728395049756177668e-03
-4.623521450111276465e+00 -2.864538864599921464e-01 1.594003697637265127e-01 7.017554315661193698e+01 1.728395049756177668e-03
-4.623521450111276465e+00 -2.864538864599921464e-01 1.594003697637265127e-01 7.017554315661193698e+01 1.728395049756177668e-03
-4.814583751026297875e+00 -2.555769864170755468e-01 1.794619013618191372e-01 7.521925037975601924e+01 2.079047168049269045e-03
-4.386517181173341662e+00 -2.734784090602839224e-01 1.875848457513214773e-01 8.130918993736636935e+01 1.754009971415655331e-03
-4.016936021470143281e+00 -2.866863525099909715e-01 1.951299248613072856e-01 8.109475541212609073e+01 1.471946138704637204e-03
-4.261935968303243172e+00 -2.367237504754153843e-01 1.873661487019389338e-01 7.369033869128861625e+01 2.113153327415311870e-03
-4.205972376785064526e+00 -2.574544076401452664e-01 1.835357591176138281e-01 8.240085843511410246e+01 1.610548843986078782e-03
-4.213314569727859116e+00 -2.634121376290770034e-01 1.908815525990116002e-01 8.354919787866992920e+01 1.604377462387105747e-03
-4.394972405368323898e+00 -2.945968322023526653e-01 1.924840988266413866e-01 7.920473406240292036e+01 1.837267853263294289e-03
-3.810419750672850103e+00 -3.082937579563352348e-01 1.969395718902556824e-01 8.983393306607669615e+01 1.681620718419487952e-03
-3.588785301295375429e+00 -3.408945562996116840e-01 1.814075437938028057e-01 8.493602500677140199e+01 1.607900688550319840e-03
-3.691190132783728206e+00 -3.905533372207583009e-01 1.931959057474401109e-01 8.509937897959210318e+01 1.388587114399417177e-03
-3.730849817140144076e+00 -3.804133650759788932e-01 1.967663732545039956e-01 8.564572844927816675e+01 1.493701708723352631e-03
-3.747328960916854079e+00 -3.934695494019214701e-01 1.932709132413458486e-01 8.965616903009468786e+01 1.928898742288238759e-03
-3.754730461224137894e+00 -3.427986612542022749e-01 1.953672250355418527e-01 8.644917206727109260e+01 1.506152836563294517e-03
-3.382604401476124067e+00 -3.364371738053031358e-01 1.967573464689194307e-01 8.411504745630584523e+01 1.696157287541730230e-03
-3.159818202964499889e+00 -3.221822330450837546e-01 1.870571070949828829e-01 8.822058604732281140e+01 2.201532227143221734e-03
-3.271618552489450327e+00 -3.371521639318675323e-01 1.894387836921611057e-01 8.919037731088718601e+01 1.565048803961090499e-03
-3.205319970724211043e+00 -3.207133749325485339e-01 1.988894182949639822e-01 8.684777410677470755e+01 2.100135823423648213e-03
-3.205319970724211043e+00 -3.207133749325485339e-01 1.988894182949639822e-01 8.684777410677470755e+01 2.100135823423648213e-03
-3.078674555346867070e+00 -3.243700712991611224e-01 1.951071714189199224e-01 8.540710621444144124e+01 2.673753338194539281e-03
-3.669552841626641637e+00 -3.113417342268690047e-01 1.893167430006978125e-01 8.317780128558720776e+01 2.056501700103843464e-03
-3.669552841626641637e+00 -3.113417342268690047e-01 1.893167430006978125e-01 8.317780128558720776e+01 2.056501700103843464e-03
-3.409499151507908721e+00 -2.649169745008130294e-01 1.948483656773525585e-01 8.501879800243420959e+01 3.724977349879481266e-03
-3.870141488920741946e+00 -3.003839939077084242e-01 1.868263171198571992e-01 8.484263779521700144e+01 1.672792644839993237e-03
-3.720671284240626431e+00 -3.880625271370111706e-01 1.742491426922164188e-01 8.263465161003298931e+01 1.331952067289025876e-03
-4.144136410881970711e+00 -4.159187872742995951e-01 1.711732373563804033e-01 7.770518905253977948e+01 1.254356863457777808e-03
-4.623048067986958998e+00 -4.585430763711281221e-01 1.639839600240561024e-01 7.417770062162443878e+01 1.797445935757324871e-03
-4.654566029769262592e+00 -5.027724451051914789e-01 1.631563365935076448e-01 7.121245528876299602e+01 1.676490105373147806e-03
-4.748833902648944338e+00 -4.250504451593376531e-01 1.492807255489449758e-01 7.507061253153386815e+01 1.454448251139939686e-03
-4.812714652785489378e+00 -4.342136135907246897e-01 1.562781717510920987e-01 7.598257743883355886e+01 1.863392261710505871e-03
-4.812714652785489378e+00 -4.342136135907246897e-01 1.562781717510920987e-01 7.598257743883355886e+01 1.863392261710505871e-03
-4.808811118844711352e+00 -4.362664623652584006e-01 1.572024353502387006e-01 7.903133480170134817e+01 2.237232202975615938e-03
-4.596556900297023240e+00 -4.445407825946292024e-01 1.562277604386780594e-01 7.796595798566170288e+01 1.773718132008743863e-03
-4.767614281908503671e+00 -4.302776563271972221e-01 1.625826578584601556e-01 7.983068508954455922e+01 2.512181355416753803e-03
-4.698438886346017362e+00 -4.880283168934959614e-01 1.447543958658193408e-01 8.096080334555117020e+01 1.908125214421038532e-03
-4.665871182849532950e+00 -4.932133740022843216e-01 1.412725546406372046e-01 7.634714936693096377e+01 1.323578807328948653e-03
-4.409066589117312418e+00 -5.548313154925514912e-01 1.457860385669760839e-01 7.855663594397260852e+01 1.522118090457756558e-03
-3.740550782178831746e+00 -5.672909296953703162e-01 1.497231186438779948e-01 7.440848373241009028e+01 9.404542702004612537e-04
-3.740550782178831746e+00 -5.672909296953703162e-01 1.497231186438779948e-01 7.440848373241009028e+01 9.404542702004612537e-04
-3.740550782178831746e+00 -5.672909296953703162e-01 1.497231186438779948e-01 7.440848373241009028e+01 9.404542702004612537e-04
-3.740550782178831746e+00 -5.672909296953703162e-01 1.497231186438779948e-01 7.440848373241009028e+01 9.404542702004612537e-04
-3.740550782178831746e+00 -5.672909296953703162e-01 1.497231186438779948e-01 7.440848373241009028e+01 9.404542702004612537e-04
-3.468195935750413739e+00 -5.272281118032750014e-01 1.503737804197561867e-01 8.695500095778825767e+01 1.175033835807180651e-03
-3.586838656075947540e+00 -5.021901626870322044e-01 1.460556796972116156e-01 8.130789098784896396e+01 1.096607759209883206e-03
-3.688338650949872566e+00 -4.931374469591500165e-01 1.437205240162344189e-01 7.528233275138326519e+01 1.387517128181326668e-03
-4.049010077911505689e+00 -5.390300680261148614e-01 1.550160041757082940e-01 7.017840508707466540e+01 9.353210353600599578e-04
-4.597168512012410169e+00 -5.551415550648685082e-01 1.557334110827775786e-01 6.713698217945639612e+01 1.295537328369200571e-03
-4.480411616763090521e+00 -5.844999862023233517e-01 1.563460737979198434e-01 6.239660987923276991e+01 1.300084361757851935e-03
-3.608802518174537788e+00 -5.862099973077967707e-01 1.521675991062793609e-01 6.419532162519675467e+01 1.624957136299916890e-03
-4.071845754826421526e+00 -5.888500198763588767e-01 1.493605848654954438e-01 6.759872602679206466e+01 9.728060790437065807e-04
-4.071845754826421526e+00 -5.888500198763588767e-01 1.493605848654954438e-01 6.759872602679206466e+01 9.728060790437065807e-04
-4.160124326625997959e+00 -5.872319488262225384e-01 1.604783847093467219e-01 6.338162688205938622e+01 1.097066858817707762e-03
-3.966032132081260375e+00 -5.546980032103346892e-01 1.635662793583822494e-01 6.612308634619152770e+01 9.698951166629861528e-04
-3.966032132081260375e+00 -5.546980032103346892e-01 1.635662793583822494e-01 6.612308634619152770e+01 9.698951166629861528e-04
-4.589001310777561571e+00 -5.537476015838758148e-01 1.561821667822801962e-01 6.557998049325435375e+01 1.290041474705491947e-03
-4.538445420456370449e+00 -5.143492196689589679e-01 1.583860947639763594e-01 7.626363695925981290e+01 1.819205993187189563e-03
-4.538445420456370449e+00 -5.143492196689589679e-01 1.583860947639763594e-01 7.626363695925981290e+01 1.819205993187189563e-03
-4.851136929946686216e+00 -4.767887192475853686e-01 1.627439550250452949e-01 6.436099738818577976e+01 1.549473408543125541e-03
-4.713058257394968642e+00 -4.949966015711645961e-01 1.653786491142441306e-01 6.209079189734264759e+01 1.569637558140846503e-03
-4.655461849458529144e+00 -4.435435364268204839e-01 1.619111380822147728e-01 6.434491327876420996e+01 1.503914444752759219e-03
-4.449813609978940043e+00 -4.167851265760484925e-01 1.623682570081394216e-01 6.550484819790926849e+01 1.415493031971438607e-03
-3.821574317360733719e+00 -4.243195652724672806e-01 1.664367358862487711e-01 6.790179659143019819e+01 1.645058914010730407e-03
-3.710117542140375591e+00 -4.331156538314456239e-01 1.715082745399144626e-01 6.988385519378289246e+01 1.479128008484835791e-03
-3.835991363225534467e+00 -3.818283326013798273e-01 1.932098976008222169e-01 6.891815946448325292e+01 1.301687532145654087e-03
-3.986931189798377684e+00 -4.366120983280786794e-01 1.866285360566655449e-01 6.980838339764356704e+01 9.614451925730996187e-04
-3.986931189798377684e+00 -4.366120983280786794e-01 1.866285360566655449e-01 6.980838339764356704e+01 9.614451925730996187e-04
-3.986931189798377684e+00 -4.366120983280786794e-01 1.866285360566655449e-01 6.980838339764356704e+01 9.614451925730996187e-04
-3.986931189798377684e+00 -4.366120983280786794e-01 1.866285360566655449e-01 6.980838339764356704e+01 9.614451925730996187e-04
-3.986931189798377684e+00 -4.366120983280786794e-01 1.866285360566655449e-01 6.980838339764356704e+01 9.614451925730996187e-04
-4.062926086146153359e+00 -4.469257350692353303e-01 1.843872307934625032e-01 7.429662176613136637e+01 1.194005047313114517e-03
-4.062926086146153359e+00 -4.469257350692353303e-01 1.843872307934625032e-01 7.429662176613136637e+01 1.194005047313114517e-03
-4.062926086146153359e+00 -4.469257350692353303e-01 1.843872307934625032e-01 7.429662176613136637e+01 1.194005047313114517e-03
-4.062926086146153359e+00 -4.469257350692353303e-01 1.843872307934625032e-01 7.429662176613136637e+01 1.194005047313114517e-03
-4.247912986280409697e+00 -4.569432682425385028e-01 1.736449749658926234e-01 7.481146702834388407e+01 1.416503518878060039e-03
-3.826665000760574475e+00 -5.298693553968305547e-01 1.722933997135541462e-01 7.561061807579530125e+01 1.061897297738020884e-03
-3.826665000760574475e+00 -5.298693553968305547e-01 1.722933997135541462e-01 7.561061807579530125e+01 1.061897297738020884e-03
-3.957268916098862999e+00 -4.973819995414408557e-01 1.738406992525082240e-01 7.856972999347134134e+01 1.373493792515061759e-03
-3.446354146741136049e+00 -5.212178875743724848e-01 1.816541618614463671e-01 8.050229154693874989e+01 1.131134132493906257e-03
-3.215848346582661499e+00 -5.505616029173560078e-01 1.714628455081606273e-01 8.539212769334773157e+01 1.421538316011720883e-03
-3.489869559076430150e+00 -5.315048079773991851e-01 1.688695202892008806e-01 8.930757362978980041e+01 1.786068977898657914e-03
-3.236773712106309375e+00 -5.314572016197105508e-01 1.721675389681338320e-01 8.149864570308005796e+01 1.097900414710666810e-03
-3.752213320703080779e+00 -5.234606503678468359e-01 1.698934872762264958e-01 7.741460425637973231e+01 1.072638213520305060e-03
-3.752213320703080779e+00 -5.234606503678468359e-01 1.698934872762264958e-01 7.741460425637973231e+01 1.072638213520305060e-03
-3.658234950684109421e+00 -5.488537503116025507e-01 1.654570023107332088e-01 8.108546469520572941e+01 1.230319595912441472e-03
-3.658234950684109421e+00 -5.488537503116025507e-01 1.654570023107332088e-01 8.108546469520572941e+01 1.230319595912441472e-03
-3.449675988674336224e+00 -5.311132733249094295e-01 1.622252800219649294e-01 8.040251956473471751e+01 9.593858522235849864e-04
-4.023640781217343587e+00 -5.290860088943587503e-01 1.662762238719065755e-01 7.775471053874049687e+01 1.357480783782409953e-03
-4.312034400954619429e+00 -5.286125682573141749e-01 1.655336699879529361e-01 7.171128959949201942e+01 1.330278653598626886e-03
-4.408074165490386775e+00 -5.241343602446635330e-01 1.672301824146404381e-01 6.817397480536432397e+01 1.333369943287615600e-03
-4.366074342973484512e+00 -4.582032434277053534e-01 1.672643616562174418e-01 6.837773096944327733e+01 1.231839257766440118e-03
-4.112761699889920131e+00 -4.434161082084099315e-01 1.659778185001664075e-01 7.737189535398356099e+01 1.192726209632893799e-03
-4.243976036307326893e+00 -4.842267220512018189e-01 1.629549122467056077e-01 7.686611025345443693e+01 1.412420677742786540e-03
-4.951593689915436691e+00 -5.541905841305353464e-01 1.607024895862181335e-01 7.084817793619235715e+01 1.911426314407331691e-03
-4.951593689915436691e+00 -5.541905841305353464e-01 1.607024895862181335e-01 7.084817793619235715e+01 1.911426314407331691e-03
-4.943805475129063431e+00 -5.499360589909826347e-01 1.622105459650588777e-01 6.892594261192489569e+01 1.791734274226553045e-03
-4.931244661765853188e+00 -5.739278132425531531e-01 1.585789804400147551e-01 6.949861191795693571e+01 1.717693573571443116e-03
-4.917506162410553827e+00 -6.319283973234604002e-01 1.519115477373395029e-01 7.145482786555980681e+01 1.678800071373106684e-03
-4.924463158147936781e+00 -6.312244583952368870e-01 1.589458964644193950e-01 6.331868669360751767e+01 1.442941975483539533e-03
-4.623047326969161652e+00 -6.549912369333059647e-01 1.702310962457966592e-01 7.039583761989054267e+01 2.123190917545943364e-03
-4.270334040620375582e+00 -6.678167412011913884e-01 1.710251498218930688e-01 6.866201796498016563e+01 1.512133896253526830e-03
-4.270334040620375582e+00 -6.678167412011913884e-01 1.710251498218930688e-01 6.866201796498016563e+01 1.512133896253526830e-03
-3.876838718250055216e+00 -7.377038857022817364e-01 1.837234525764021020e-01 6.517799213879973763e+01 1.256611239100587562e-03
-3.918927926399813355e+00 -7.158800053644922556e-01 1.836275331920018683e-01 6.149045258361086042e+01 1.112672423860641560e-03
-4.291840253486264523e+00 -7.206334388157547011e-01 1.769498690532466112e-01 6.354922832594758120e+01 1.459103809573389235e-03
-4.291840253486264523e+00 -7.206334388157547011e-01 1.769498690532466112e-01 6.354922832594758120e+01 1.459103809573389235e-03
-4.423393621922723895e+00 -7.506312564756161265e-01 1.680945664317851918e-01 6.081258596656959980e+01 1.363934677096845845e-03
-4.818663264697313764e+00 -7.720916559251298494e-01 1.609786738094101666e-01 6.099437392882828846e+01 1.426318150265792634e-03
-4.475800329575106318e+00 -7.588457857677503027e-01 1.657148695402771432e-01 6.108984323568430597e+01 1.364340756217599735e-03
-4.475800329575106318e+00 -7.588457857677503027e-01 1.657148695402771432e-01 6.108984323568430597e+01 1.364340756217599735e-03
-4.432372434352900292e+00 -7.713302381822962905e-01 1.659648593832555308e-01 6.316324936139222501e+01 1.380691388875266486e-03
-4.378757865551106576e+00 -7.828249737322592328e-01 1.630400094699693270e-01 6.462064434629520804e+01 1.329807655883985919e-03
-3.904009231570200189e+00 -8.257057076223378589e-01 1.485777300686884350e-01 6.282034841011257242e+01 9.922155183847778791e-04
-4.159440970678126348e+00 -8.170022176352488286e-01 1.438146783669197459e-01 6.499712815077955952e+01 9.612096186744692721e-04
-4.445044913015350652e+00 -8.208602900787769219e-01 1.451327487834882524e-01 6.066514362258479309e+01 1.209041677312258038e-03
-4.559609734737046338e+00 -7.807613606888392788e-01 1.493164521686300428e-01 6.745702834279767046e+01 1.237501811853184731e-03
-4.286684794740648563e+00 -6.940338972227171332e-01 1.577406391161491062e-01 6.701056019521965368e+01 1.146658674762407893e-03
-4.511415838157825320e+00 -6.578257939938025878e-01 1.581729196053451580e-01 7.353969127219129120e+01 1.843384347100017126e-03
-4.347931009855947160e+00 -6.159591938088113672e-01 1.621931088571197388e-01 7.543534668811277299e+01 1.880939606615329674e-03
-4.614609094030950764e+00 -5.998321640122661336e-01 1.653675437270570037e-01 7.694464399743725380e+01 2.607277051550048377e-03
-4.614609094030950764e+00 -5.998321640122661336e-01 1.653675437270570037e-01 7.694464399743725380e+01 2.607277051550048377e-03
-4.381397348700245331e+00 -6.114895571339020730e-01 1.610612395334593272e-01 8.266772999029606694e+01 2.934389017222665055e-03
-4.298589551857535440e+00 -5.829225167017341169e-01 1.634778491219348040e-01 7.790752689191789671e+01 2.037628068299815985e-03
-3.827914381740905814e+00 -5.520380998224381219e-01 1.565376261816257275e-01 7.525941461162663870e+01 9.422545893911470072e-04
-3.827914381740905814e+00 -5.520380998224381219e-01 1.565376261816257275e-01 7.525941461162663870e+01 9.422545893911470072e-04
-3.827914381740905814e+00 -5.520380998224381219e-01 1.565376261816257275e-01 7.525941461162663870e+01 9.422545893911470072e-04
-3.620268784477470803e+00 -5.643867463977614296e-01 1.465939121014809832e-01 8.205454689696870219e+01 1.077265194963466372e-03
-3.494477175961774318e+00 -5.667100567944438616e-01 1.606172254438346381e-01 7.574713433421877085e+01 8.691501622635203943e-04
-3.494477175961774318e+00 -5.667100567944438616e-01 1.606172254438346381e-01 7.574713433421877085e+01 8.691501622635203943e-04
-3.494477175961774318e+00 -5.667100567944438616e-01 1.606172254438346381e-01 7.574713433421877085e+01 8.691501622635203943e-04
-3.828547722495135197e+00 -5.360469315483032959e-01 1.694317432090244324e-01 7.170038692448234485e+01 9.030899859892272622e-04
-3.379797050899363331e+00 -5.755996625817986212e-01 1.769642473237838798e-01 7.305759543180528226e+01 9.134503316239094353e-04
-3.635937404398606798e+00 -5.841429840338624446e-01 1.880420008152201006e-01 6.655981019127254683e+01 8.733104139819292209e-04
-3.635937404398606798e+00 -5.841429840338624446e-01 1.880420008152201006e-01 6.655981019127254683e+01 8.733104139819292209e-04
-3.604871816664963813e+00 -6.222588924150983525e-01 1.851559867778262980e-01 6.770187589128588002e+01 9.022890558061892260e-04
-3.604871816664963813e+00 -6.222588924150983525e-01 1.851559867778262980e-01 6.770187589128588002e+01 9.022890558061892260e-04
-3.742698570152573900e+00 -5.738884368168604144e-01 1.877442529087479384e-01 6.950033721267996611e+01 9.678213571775290923e-04
-3.742698570152573900e+00 -5.738884368168604144e-01 1.877442529087479384e-01 6.950033721267996611e+01 9.678213571775290923e-04
-3.729343481401173221e+00 -5.807521803587543108e-01 1.823071228311245184e-01 7.177214050162199044e+01 1.017861387543812259e-03
-4.040656870527455702e+00 -5.480965480093384912e-01 1.887375622166491407e-01 6.838711859320979158e+01 1.196928018542162912e-03
-4.031335341017155294e+00 -5.289339268884836187e-01 1.745603427599765611e-01 7.201209803718121805e+01 1.095512212121120890e-03
-4.308803644842559954e+00 -4.731450715060419587e-01 1.637354936378881132e-01 7.284776110003932104e+01 1.235771154746101008e-03
-3.987848817732889906e+00 -4.523922823292584328e-01 1.557685738293855537e-01 8.333677877361395758e+01 1.331110799866803366e-03
-3.947474515431478093e+00 -4.428222747547077010e-01 1.595213058211691903e-01 7.336943601490257549e+01 1.090684641314027242e-03
-3.947474515431478093e+00 -4.428222747547077010e-01 1.595213058211691903e-01 7.336943601490257549e+01 1.090684641314027242e-03
-4.082925938845972880e+00 -4.089690961182803064e-01 1.576345860220289274e-01 8.463088965016778786e+01 1.458708145706619913e-03
-4.592531853759297178e+00 -3.396870684362233717e-01 1.615489710938962098e-01 8.656324948927164087e+01 2.403703310567732211e-03
-4.634465391567802683e+00 -3.694726166759755848e-01 1.777867823633469124e-01 8.066943758422986832e+01 2.706431563517920288e-03
-4.826276322815244768e+00 -3.803649162731887468e-01 1.853031300702824846e-01 8.097281817061234221e+01 3.695793609939377385e-03
-4.759173328883128384e+00 -3.495434126524159524e-01 1.867187425139724133e-01 7.657342922618636294e+01 2.799774718854297368e-03
-4.744590584995708404e+00 -3.221255788117826646e-01 1.684802447697480998e-01 6.996355486586220707e+01 1.686873491111470693e-03
-4.744590584995708404e+00 -3.221255788117826646e-01 1.684802447697480998e-01 6.996355486586220707e+01 1.686873491111470693e-03
-4.313136327958570604e+00 -3.579906121976158540e-01 1.715032691705913326e-01 6.857960808266838626e+01 1.372351631495509049e-03
-4.224695807785430191e+00 -4.015422216805676903e-01 1.679564901572863089e-01 6.731023975147382998e+01 1.266541299007618296e-03
-4.654787426229426650e+00 -3.792194059134955664e-01 1.715517282446046843e-01 6.708556413055241308e+01 1.628918755863253531e-03
-4.654787426229426650e+00 -3.792194059134955664e-01 1.715517282446046843e-01 6.708556413055241308e+01 1.628918755863253531e-03
-3.981231289981751242e+00 -3.828240185809513862e-01 1.722404757721073543e-01 8.085260701003169004e+01 1.212953472306741581e-03
-3.442236797356479805e+00 -4.014053161218419374e-01 1.695363782447204259e-01 7.804918378845100335e+01 1.574333127167179373e-03
-3.834004338146283608e+00 -3.756804226634484767e-01 1.747583007498601793e-01 8.569045349374712828e+01 1.375648984462611406e-03
-3.358499117349783347e+00 -4.108391437087190456e-01 1.769275929017627702e-01 8.762749700466757474e+01 1.139394489981026409e-03
-3.088342244830621475e+00 -4.009292237621553401e-01 1.782796058199893341e-01 8.953341710608857795e+01 2.121815951427795041e-03
-3.631558278042942511e+00 -4.007089330897244395e-01 1.671982699043399467e-01 8.552319112366683385e+01 1.326961718038179895e-03
-4.366807889043202273e+00 -3.524654455432985611e-01 1.720814149745771571e-01 8.429622907016474187e+01 2.061034876638242249e-03
-4.024688779151306406e+00 -3.970444188191052937e-01 1.752833246920879051e-01 6.941671277797142636e+01 1.171900764579153703e-03
-4.024688779151306406e+00 -3.970444188191052937e-01 1.752833246920879051e-01 6.941671277797142636e+01 1.171900764579153703e-03
-4.486464577513153529e+00 -3.743814438620124418e-01 1.678054254354936770e-01 6.843309403260570889e+01 1.421626128716173623e-03
-4.486464577513153529e+00 -3.743814438620124418e-01 1.678054254354936770e-01 6.843309403260570889e+01 1.421626128716173623e-03
-4.398915816859873651e+00 -4.172775736620598641e-01 1.663804584812515475e-01 6.604227556467878912e+01 1.356312456073196279e-03
-4.991185824355693690e+00 -4.474376766155378493e-01 1.644019960290701854e-01 6.629700295687018752e+01 1.665402486768495591e-03
-4.991185824355693690e+00 -4.474376766155378493e-01 1.644019960290701854e-01 6.629700295687018752e+01 1.665402486768495591e-03
-4.517696647840054425e+00 -4.504296057550362109e-01 1.605646957672504094e-01 6.440005065596618294e+01 1.426980902273060087e-03
-4.713899877613130229e+00 -4.364987638517418556e-01 1.544131678114762651e-01 7.124068496780883208e+01 1.403382007052259278e-03
-4.436622024483962257e+00 -4.528701073499009078e-01 1.569396993558993814e-01 7.276971205679117816e+01 1.247327098713700089e-03
-4.472021099028062885e+00 -4.739568574673084234e-01 1.603770268564081725e-01 7.391444712073530354e+01 1.466820407151035299e-03
-4.518628519225442730e+00 -4.819231095612108162e-01 1.597484201069270249e-01 6.586142544896132733e+01 1.318230156053570769e-03
-4.518628519225442730e+00 -4.819231095612108162e-01 1.597484201069270249e-01 6.586142544896132733e+01 1.318230156053570769e-03
-4.437800243476016426e+00 -4.717279152077223370e-01 1.688931004723093487e-01 6.508484380371493216e+01 1.344510865376386151e-03
-4.437800243476016426e+00 -4.717279152077223370e-01 1.688931004723093487e-01 6.508484380371493216e+01 1.344510865376386151e-03
-4.997620225945322403e+00 -4.288038122685712272e-01 1.473730586853002900e-01 6.756202758228315020e+01 1.319932023817526733e-03
-4.344189514587395884e+00 -3.817221853028208156e-01 1.512260343174792465e-01 6.525760852961343517e+01 1.852682266887023359e-03
-3.862474510240768044e+00 -3.637331503383101072e-01 1.641800029800350724e-01 7.063676154360851456e+01 2.152527357331252694e-03
-3.695599386809151454e+00 -3.730343280813957496e-01 1.596705914239627822e-01 7.450718507409787605e+01 2.363109509047064873e-03
-4.282722280670448356e+00 -4.005111933558613280e-01 1.721343759147401509e-01 7.353348966375250484e+01 1.239470343407919834e-03
-4.032860421239932158e+00 -3.807590117573680377e-01 1.786892835320033346e-01 8.454100029618406609e+01 1.581271348400888413e-03
-4.032860421239932158e+00 -3.807590117573680377e-01 1.786892835320033346e-01 8.454100029618406609e+01 1.581271348400888413e-03
-3.701283593752366929e+00 -3.795020454928353382e-01 1.952844039034875301e-01 8.454609156160866235e+01 1.371435441953534375e-03
-4.149681243004799569e+00 -2.720057972539786650e-01 1.889073813636250043e-01 8.361380792637076809e+01 1.558506260227908100e-03
-4.149681243004799569e+00 -2.720057972539786650e-01 1.889073813636250043e-01 8.361380792637076809e+01 1.558506260227908100e-03
-3.887261098169780826e+00 -2.908184682297738077e-01 1.870194128824211599e-01 8.631394933428579463e+01 1.775239874497351773e-03
-4.315912506750300359e+00 -2.969317845785880428e-01 1.850104098864533142e-01 7.673424067132141602e+01 1.443081204552152698e-03
-4.315912506750300359e+00 -2.969317845785880428e-01 1.850104098864533142e-01 7.673424067132141602e+01 1.443081204552152698e-03
-3.841958222299071135e+00 -2.840296180881568544e-01 1.860305506057680081e-01 8.262564952149328690e+01 2.070429068817398327e-03
-3.841958222299071135e+00 -2.840296180881568544e-01 1.860305506057680081e-01 8.262564952149328690e+01 2.070429068817398327e-03
-3.565360141169896302e+00 -2.983170283761518715e-01 1.963261154567692568e-01 8.517504181634565441e+01 2.057009514191600157e-03
-4.155314176987376484e+00 -3.281012375664615899e-01 1.988333369731033751e-01 7.989377089548808897e+01 1.515555368984816253e-03
-4.230639590741598788e+00 -3.605714381918802558e-01 1.833525545559007985e-01 7.610958977265835301e+01 1.325717632506254531e-03
-4.608674592305908924e+00 -3.586115979323477032e-01 1.725831857048553963e-01 7.635973005213064368e+01 1.911460105338061649e-03
-4.809440950083348376e+00 -3.195480394897926568e-01 1.778245181154929633e-01 7.333838281713057938e+01 2.113272377508207660e-03
-4.382827231093185283e+00 -3.291918173367694989e-01 1.781498158866260673e-01 6.662282705618689249e+01 1.612550669249627425e-03
-4.382827231093185283e+00 -3.291918173367694989e-01 1.781498158866260673e-01 6.662282705618689249e+01 1.612550669249627425e-03
-4.229729381871608851e+00 -3.204833727453177405e-01 1.897625170672793404e-01 8.080479633231146863e+01 1.578991495373805853e-03
-4.229729381871608851e+00 -3.204833727453177405e-01 1.897625170672793404e-01 8.080479633231146863e+01 1.578991495373805853e-03
-4.262445516181175620e+00 -2.871661873754801086e-01 1.867192061817480320e-01 7.004198663108314804e+01 1.645000652860524951e-03
-4.119169089269067996e+00 -3.186807107407816364e-01 1.780261310495123150e-01 6.761030831649557626e+01 1.895512289943484391e-03
-4.397212103892228718e+00 -3.199704568043393871e-01 1.568597462682905508e-01 7.200174674386633455e+01 1.525098847724159221e-03
-4.475629402251523281e+00 -2.638242413905509398e-01 1.582126199698460911e-01 8.085775897154059066e+01 1.466804265951706775e-03
-4.475629402251523281e+00 -2.638242413905509398e-01 1.582126199698460911e-01 8.085775897154059066e+01 1.466804265951706775e-03
-4.475629402251523281e+00 -2.638242413905509398e-01 1.582126199698460911e-01 8.085775897154059066e+01 1.466804265951706775e-03
-4.475629402251523281e+00 -2.638242413905509398e-01 1.582126199698460911e-01 8.085775897154059066e+01 1.466804265951706775e-03
-4.475629402251523281e+00 -2.638242413905509398e-01 1.582126199698460911e-01 8.085775897154059066e+01 1.466804265951706775e-03
-4.475629402251523281e+00 -2.638242413905509398e-01 1.582126199698460911e-01 8.085775897154059066e+01 1.466804265951706775e-03
-4.475629402251523281e+00 -2.638242413905509398e-01 1.582126199698460911e-01 8.085775897154059066e+01 1.466804265951706775e-03
-4.889442151827621430e+00 -2.424752514629661959e-01 1.612019820829704297e-01 7.827361405444106879e+01 1.758501700370227079e-03
-4.882851377442048779e+00 -2.253254969102853611e-01 1.724370818599094690e-01 8.691937225211502493e+01 2.699658421726421759e-03
-4.851527662388920525e+00 -2.116527120360089664e-01 1.719697935708554004e-01 8.567162193239138901e+01 2.330048574565101588e-03
-4.808994581275747748e+00 -2.096409583303514290e-01 1.753176728503691717e-01 8.070158919977639300e+01 2.028425841216624503e-03
-4.808994581275747748e+00 -2.096409583303514290e-01 1.753176728503691717e-01 8.070158919977639300e+01 2.028425841216624503e-03
-4.699362532709401741e+00 -2.282028938132609208e-01 1.745281505696554825e-01 7.937468512789665454e+01 1.847286084840889372e-03
-4.699362532709401741e+00 -2.282028938132609208e-01 1.745281505696554825e-01 7.937468512789665454e+01 1.847286084840889372e-03
-4.309700177468005933e+00 -2.374012697468858846e-01 1.592053634952117769e-01 7.432444506924470318e+01 2.661949179804654932e-03
-4.424747536920881075e+00 -2.270553967389070393e-01 1.605456118586392755e-01 7.960904429178864916e+01 1.896450788277526632e-03
-4.498625795114896242e+00 -2.379542348388215822e-01 1.616685363182504831e-01 8.412913489709697501e+01 1.566468405589260208e-03
-4.636120725786961216e+00 -2.178172466604247903e-01 1.747556321374557076e-01 8.323228853924806003e+01 1.836124021497827349e-03
-4.264221288304612223e+00 -2.801603538349836664e-01 1.756077580161339025e-01 7.480590565280796511e+01 1.592025751894594280e-03
-4.264221288304612223e+00 -2.801603538349836664e-01 1.756077580161339025e-01 7.480590565280796511e+01 1.592025751894594280e-03
-4.264221288304612223e+00 -2.801603538349836664e-01 1.756077580161339025e-01 7.480590565280796511e+01 1.592025751894594280e-03
-4.264221288304612223e+00 -2.801603538349836664e-01 1.756077580161339025e-01 7.480590565280796511e+01 1.592025751894594280e-03
-4.090653697891558416e+00 -2.964913133679100699e-01 1.573426583725757166e-01 7.532371596566483163e+01 2.255124199993635212e-03
-4.583592090402336616e+00 -2.642213782945153633e-01 1.513158592902534849e-01 8.051953865189906878e+01 1.425302889125514786e-03
-4.583592090402336616e+00 -2.642213782945153633e-01 1.513158592902534849e-01 8.051953865189906878e+01 1.425302889125514786e-03
-4.583592090402336616e+00 -2.642213782945153633e-01 1.513158592902534849e-01 8.051953865189906878e+01 1.425302889125514786e-03
-4.583592090402336616e+00 -2.642213782945153633e-01 1.513158592902534849e-01 8.051953865189906878e+01 1.425302889125514786e-03
-4.903586514100185312e+00 -2.803793040227374189e-01 1.430851426692509587e-01 7.302151355561973389e+01 1.457099950707109286e-03
-4.907531179796061238e+00 -3.030641210414257714e-01 1.405404242664101411e-01 7.060384018442914567e+01 1.491536083786176685e-03
-4.402661796463828381e+00 -3.174688354950169211e-01 1.464642638146904374e-01 7.874256875438493353e+01 1.330216722482682138e-03
-3.990958342889151300e+00 -3.662628498561165680e-01 1.509020841848429662e-01 7.177873397002480260e+01 2.056790067597593502e-03
-4.149548129593434886e+00 -3.554493330536835916e-01 1.589899613800577483e-01 7.252789692410983946e+01 1.448583670335006502e-03
-4.364510106190741645e+00 -3.040633874071281828e-01 1.607339038054886593e-01 7.053411755861988297e+01 1.754731945881029577e-03
-4.435805234515736828e+00 -3.030486793410756552e-01 1.637455172905508682e-01 6.473655046735433416e+01 2.266216630921056869e-03
-4.990793860219472577e+00 -3.770732830817969949e-01 1.652840886640255802e-01 6.242610967850888670e+01 1.759552238863916658e-03
-4.836366536836064434e+00 -3.954512350740783111e-01 1.656660025595821095e-01 6.065934926173811448e+01 1.872337910565376531e-03
-4.444931016745066188e+00 -4.118368319973054748e-01 1.694805846472607902e-01 6.998772658238127065e+01 1.358785568598421326e-03
-4.444931016745066188e+00 -4.118368319973054748e-01 1.694805846472607902e-01 6.998772658238127065e+01 1.358785568598421326e-03
-4.636623539695118978e+00 -4.193955170772857843e-01 1.596347937863877298e-01 7.210292878689696749e+01 1.469175070211747522e-03
-3.927667794899745157e+00 -3.995286729824840122e-01 1.474632089629950848e-01 7.025424750303722021e+01 2.133923620597543216e-03
-4.160782561003385283e+00 -4.283490019204206911e-01 1.509847217886958470e-01 7.075967933165114232e+01 1.219010706035479619e-03
-4.160782561003385283e+00 -4.283490019204206911e-01 1.509847217886958470e-01 7.075967933165114232e+01 1.219010706035479619e-03
-4.160782561003385283e+00 -4.283490019204206911e-01 1.509847217886958470e-01 7.075967933165114232e+01 1.219010706035479619e-03
-4.378578539806524894e+00 -5.224774430988340379e-01 1.521361546280162735e-01 6.690708305542706569e+01 1.137888006994989751e-03
-3.992449775549003821e+00 -5.374342686446968997e-01 1.540070693424606396e-01 6.386397197056557928e+01 1.333783364808112382e-03
-3.697734373155907583e+00 -5.394336077900517834e-01 1.537053040696595985e-01 6.679516615845764704e+01 1.426869366480520507e-03
-3.669003802066971076e+00 -5.713863848382156885e-01 1.342609859551234797e-01 6.712190003420614914e+01 2.002788855306239166e-03
-4.420512100488245721e+00 -5.505895620600604889e-01 1.342532283784788893e-01 6.548006814986467816e+01 1.353271942279478694e-03
-4.830013680457357239e+00 -4.799019650739302367e-01 1.336497874619834436e-01 6.895197030073629207e+01 1.143121620402091226e-03
-4.830013680457357239e+00 -4.799019650739302367e-01 1.336497874619834436e-01 6.895197030073629207e+01 1.143121620402091226e-03
-4.830013680457357239e+00 -4.799019650739302367e-01 1.336497874619834436e-01 6.895197030073629207e+01 1.143121620402091226e-03
-4.830013680457357239e+00 -4.799019650739302367e-01 1.336497874619834436e-01 6.895197030073629207e+01 1.143121620402091226e-03
-4.765691820860215699e+00 -5.308354250493081405e-01 1.348327694179560776e-01 7.028149681915368774e+01 1.071258096685952276e-03
-4.592935285771805098e+00 -4.933084978110453545e-01 1.361342695836946781e-01 8.241054340057301886e+01 1.585517008116847735e-03
-4.222197210523368938e+00 -4.945441086474525738e-01 1.290774936129143735e-01 7.838763329292163462e+01 1.046327474973042342e-03
-3.916368183316000451e+00 -4.808329305583662339e-01 1.397837966768422924e-01 7.980841348242353206e+01 1.152044273759444439e-03
-4.009426260190056546e+00 -5.012992948225535317e-01 1.408724188289207369e-01 8.057079316454505147e+01 1.103281273726268441e-03
-3.858946929506039236e+00 -4.494709812925646863e-01 1.569394806477135140e-01 8.500410822939718969e+01 1.345133588893577224e-03
-3.459888318320130107e+00 -4.809383602848742445e-01 1.586105058188037875e-01 8.374596441133653002e+01 1.024848514229190774e-03
-3.160078661277355927e+00 -4.890494219027712308e-01 1.633190968098412188e-01 8.373834176945099728e+01 1.233704624793398406e-03
-3.853230115159002267e+00 -5.244368492660174130e-01 1.566142729579807769e-01 8.905195563234869383e+01 2.114032012525807278e-03
-3.853230115159002267e+00 -5.244368492660174130e-01 1.566142729579807769e-01 8.905195563234869383e+01 2.114032012525807278e-03
-3.611183887867336129e+00 -5.085392132629691364e-01 1.567880736365833416e-01 7.948931766951287159e+01 9.981997702909412365e-04
-3.611183887867336129e+00 -5.085392132629691364e-01 1.567880736365833416e-01 7.948931766951287159e+01 9.981997702909412365e-04
-3.922282386273439947e+00 -5.046983246214927776e-01 1.535854825885559771e-01 7.709879495354135770e+01 1.015591420325739208e-03
-3.592838423043338558e+00 -5.589188212673650291e-01 1.587008017853635822e-01 7.406577983486050698e+01 8.977508020226816678e-04
-3.846597525253378613e+00 -6.071581540585254677e-01 1.571080276066267045e-01 6.584143614923803511e+01 1.001915366702605704e-03
-3.846597525253378613e+00 -6.071581540585254677e-01 1.571080276066267045e-01 6.584143614923803511e+01 1.001915366702605704e-03
-4.067609647707619125e+00 -6.092522143353837905e-01 1.601791694346966777e-01 6.164150350254491428e+01 1.161490199234907050e-03
-4.258850858099106240e+00 -5.705722485733446536e-01 1.647965196372111196e-01 6.164784696216649706e+01 1.222510005009213316e-03
-4.284690825971191330e+00 -5.943497007729442450e-01 1.537548419692127966e-01 6.586443611131976184e+01 1.061996224575681349e-03
-3.417030810049843215e+00 -6.385743839828628143e-01 1.563193446937646558e-01 6.598070888539072598e+01 1.197664279572843368e-03
-3.289273764155876467e+00 -5.733086222590226821e-01 1.513843841842365812e-01 7.524948887590078073e+01 1.038315073721346460e-03
-3.289273764155876467e+00 -5.733086222590226821e-01 1.513843841842365812e-01 7.524948887590078073e+01 1.038315073721346460e-03
-3.951077768246578970e+00 -5.478355477516367866e-01 1.571981007648109163e-01 7.841874524634926047e+01 1.205584363323573913e-03
-3.344204989562210351e+00 -5.128213247281185883e-01 1.504542930931292433e-01 7.843904173170473371e+01 1.125609417324404055e-03
-3.344204989562210351e+00 -5.128213247281185883e-01 1.504542930931292433e-01 7.843904173170473371e+01 1.125609417324404055e-03
-3.544112785754957695e+00 -5.514859272770012977e-01 1.502668004566113102e-01 8.050684861173257900e+01 9.470742727864334218e-04
-3.600899450121004541e+00 -5.843360853032798508e-01 1.469156457686802142e-01 7.963206456474550521e+01 9.719414377908504842e-04
-3.600899450121004541e+00 -5.843360853032798508e-01 1.469156457686802142e-01 7.963206456474550521e+01 9.719414377908504842e-04
-4.364157581566427524e+00 -5.696298731458255826e-01 1.586853945205627392e-01 7.048318819166405547e+01 1.253884257842249970e-03
-3.510385654875466166e+00 -5.362222372475203835e-01 1.893552671389142072e-01 6.078215493271959247e+01 1.497509738753189865e-03
-3.510385654875466166e+00 -5.362222372475203835e-01 1.893552671389142072e-01 6.078215493271959247e+01 1.497509738753189865e-03
-3.510385654875466166e+00 -5.362222372475203835e-01 1.893552671389142072e-01 6.078215493271959247e+01 1.497509738753189865e-03
-3.465500005492066826e+00 -5.618007609301027827e-01 1.875938857090606871e-01 6.715062365183595716e+01 9.498290854879678493e-04
-3.873641306193527978e+00 -4.992022755477252272e-01 1.848874166503914618e-01 6.007257982941170127e+01 1.363167061733169122e-03
-3.477664950823584178e+00 -5.828009727795558925e-01 1.770113267188997419e-01 6.097485372069873932e+01 1.491320511360701368e-03
-4.060862210819262685e+00 -5.999519603547127655e-01 1.735130143879159703e-01 6.287674147807256730e+01 1.034263352477215927e-03
-4.060862210819262685e+00 -5.999519603547127655e-01 1.735130143879159703e-01 6.287674147807256730e+01 1.034263352477215927e-03
-3.762287364238372511e+00 -6.144177296870383387e-01 1.815978892267139377e-01 7.669810584128208575e+01 1.634861230851415497e-03
-3.762287364238372511e+00 -6.144177296870383387e-01 1.815978892267139377e-01 7.669810584128208575e+01 1.634861230851415497e-03
-3.762287364238372511e+00 -6.144177296870383387e-01 1.815978892267139377e-01 7.669810584128208575e+01 1.634861230851415497e-03
-3.762287364238372511e+00 -6.144177296870383387e-01 1.815978892267139377e-01 7.669810584128208575e+01 1.634861230851415497e-03
-3.503801173835420446e+00 -6.649546667096667418e-01 1.794267693701597222e-01 8.173349517478141024e+01 2.116451148924967940e-03
-3.269798503326792893e+00 -6.565041066592459673e-01 1.792593436442981025e-01 8.046548953491887346e+01 1.725734553015498881e-03
-3.206024179558813358e+00 -6.816115713358998907e-01 1.670757201202108522e-01 7.533875142126763080e+01 1.226687331837538527e-03
-3.459875970103096776e+00 -6.617518268475431897e-01 1.599796932465594179e-01 7.321610262827449844e+01 8.823749351349881136e-04
-4.061516556764849462e+00 -5.748515544477499351e-01 1.398121019431720069e-01 7.707242804656647195e+01 1.008061451520713813e-03
-4.061516556764849462e+00 -5.748515544477499351e-01 1.398121019431720069e-01 7.707242804656647195e+01 1.008061451520713813e-03
-4.492520020141851589e+00 -5.945361312780910179e-01 1.303126629466599962e-01 8.062179936883637765e+01 1.350851442600687572e-03
-4.349848550788838253e+00 -6.241340797137996388e-01 1.219178929443799630e-01 7.330239635761924433e+01 9.564243850759450785e-04
-3.842663713523720936e+00 -6.155394586367324283e-01 1.266192387738044600e-01 8.171493622083934838e+01 1.092990319623520640e-03
-3.842663713523720936e+00 -6.155394586367324283e-01 1.266192387738044600e-01 8.171493622083934838e+01 1.092990319623520640e-03
-3.842663713523720936e+00 -6.155394586367324283e-01 1.266192387738044600e-01 8.171493622083934838e+01 1.092990319623520640e-03
-4.213185382032984094e+00 -5.674533306293140233e-01 1.164132547572124254e-01 8.722967836780892981e+01 1.357297310128995332e-03
-4.213185382032984094e+00 -5.674533306293140233e-01 1.164132547572124254e-01 8.722967836780892981e+01 1.357297310128995332e-03
-4.853406098600141938e+00 -5.496243202025075103e-01 1.135046988414785685e-01 8.732075791428695766e+01 1.531579532885834561e-03
-4.853406098600141938e+00 -5.496243202025075103e-01 1.135046988414785685e-01 8.732075791428695766e+01 1.531579532885834561e-03
-4.470480004529712836e+00 -5.439285852997858273e-01 1.028061346990936098e-01 8.008835300404008706e+01 1.104907542511588195e-03
-4.470480004529712836e+00 -5.439285852997858273e-01 1.028061346990936098e-01 8.008835300404008706e+01 1.104907542511588195e-03
-4.886735292688886290e+00 -5.655952412569495991e-01 1.089173212937243895e-01 8.860395135097823527e+01 1.532373292385550085e-03
-4.099835126659081119e+00 -5.887032780903705964e-01 1.125345590008310914e-01 7.923906033428339413e+01 1.159665530222589620e-03
-3.533309595051156382e+00 -6.125396629736600262e-01 1.134682844679825164e-01 8.005760497578438617e+01 1.469912602175719313e-03
-3.533309595051156382e+00 -6.125396629736600262e-01 1.134682844679825164e-01 8.005760497578438617e+01 1.469912602175719313e-03
-3.390739718046072770e+00 -6.019292342923616701e-01 1.123181225641483455e-01 8.232907026018095564e+01 1.484687264178599728e-03
-3.808060045402808846e+00 -6.394948810671777784e-01 1.204882883333650428e-01 8.840598800423910575e+01 1.467602048187571263e-03
-3.996672487368416071e+00 -5.928014752820404132e-01 1.201636599961442425e-01 8.897339196696378849e+01 1.548920161978613319e-03
-3.741473114734067629e+00 -6.436089762125619673e-01 1.203007015786143608e-01 8.547461924078660900e+01 1.258597433445108552e-03
-3.833644229677549031e+00 -6.995182695184011257e-01 1.178974073282763324e-01 8.260329231250612736e+01 1.114214815709735525e-03
-4.152490261717946218e+00 -7.344092307047274115e-01 1.133491721154694098e-01 7.938127528962854740e+01 9.803899569965481096e-04
-4.152490261717946218e+00 -7.344092307047274115e-01 1.133491721154694098e-01 7.938127528962854740e+01 9.803899569965481096e-04
-4.152490261717946218e+00 -7.344092307047274115e-01 1.133491721154694098e-01 7.938127528962854740e+01 9.803899569965481096e-04
-3.287672019575300641e+00 -7.686378422177690961e-01 1.059594695040767809e-01 7.893634296646645510e+01 1.268772242305060607e-03
-3.369799085539526562e+00 -7.580125507395796269e-01 1.112129283491019721e-01 8.053179538388643266e+01 1.077375510247076786e-03
-3.317851756841953215e+00 -8.045859532120405166e-01 1.187807383001075190e-01 7.794359247602750429e+01 9.171074057422481897e-04
-3.719777262365607129e+00 -8.377293841225418314e-01 1.213126720443259282e-01 7.804057597347187425e+01 9.660588239237095313e-04
-3.719777262365607129e+00 -8.377293841225418314e-01 1.213126720443259282e-01 7.804057597347187425e+01 9.660588239237095313e-04
-3.719777262365607129e+00 -8.377293841225418314e-01 1.213126720443259282e-01 7.804057597347187425e+01 9.660588239237095313e-04
-3.719777262365607129e+00 -8.377293841225418314e-01 1.213126720443259282e-01 7.804057597347187425e+01 9.660588239237095313e-04
-3.582558980033491824e+00 -8.598493139465344104e-01 1.224451701839420065e-01 7.456638401634872082e+01 8.825160859340550838e-04
-3.444189382867437033e+00 -8.549616497955128125e-01 1.227463251686775336e-01 7.277991227892530901e+01 9.201168587740077547e-04
-3.432221106082549600e+00 -8.621652610797677641e-01 1.244833352100005452e-01 7.441225829498790745e+01 8.636917014521666236e-04
-4.200669751943482133e+00 -8.903033643640605455e-01 1.287321034547929122e-01 7.129660797402046057e+01 8.943375387848520597e-04
-3.786883813535873777e+00 -8.818779815548714041e-01 1.341853129497063701e-01 7.139249899984881154e+01 8.631745221358000635e-04
-3.253471038878347432e+00 -9.054164487077870360e-01 1.396644415444890097e-01 6.759039333034183983e+01 9.558000406341734655e-04
-3.168136482773699303e+00 -8.429667399506501901e-01 1.489467451189016023e-01 7.213090101564749546e+01 1.076566015222635807e-03
-3.168136482773699303e+00 -8.429667399506501901e-01 1.489467451189016023e-01 7.213090101564749546e+01 1.076566015222635807e-03
-3.814065028628021992e+00 -8.201417257919196846e-01 1.579428752344935738e-01 6.607014465677417547e+01 9.482922785987663375e-04
-3.309908143531353542e+00 -8.485128583710006556e-01 1.548501291604333363e-01 6.191694445539230429e+01 1.190126717245308836e-03
-3.289224085630229055e+00 -8.213027145268481100e-01 1.477179950111778273e-01 6.215456051795248271e+01 1.370645178709808433e-03
-3.555332902311407306e+00 -8.184958610403306745e-01 1.583975723293246651e-01 6.062629587162572875e+01 1.137264058411875190e-03
-3.761482346800866683e+00 -8.614179824527828933e-01 1.549757915929675656e-01 6.577003699200780318e+01 9.229378126797859643e-04
-3.487409846044239536e+00 -8.541701970045723069e-01 1.542039579580489761e-01 6.248171144372016528e+01 1.035921377531290929e-03
-3.487409846044239536e+00 -8.541701970045723069e-01 1.542039579580489761e-01 6.248171144372016528e+01 1.035921377531290929e-03
-3.585555350504681993e+00 -8.791879025965041450e-01 1.556358225971395393e-01 6.896089130401658451e+01 9.842082686409563564e-04
-4.104579136036042186e+00 -8.838185202108881366e-01 1.565334957649512915e-01 7.136265110766956354e+01 1.531741989553444703e-03
-3.737885273596753599e+00 -9.031565150956543109e-01 1.596096536068814520e-01 6.432644622411869761e+01 9.721540863061545277e-04
-3.227900954967038771e+00 -9.063376849224820120e-01 1.489148180367554641e-01 6.908222471008431853e+01 9.821610564689476318e-04
-3.536714866978548866e+00 -9.195529985553021479e-01 1.546019072503945213e-01 6.504751478840748291e+01 9.352909296887633363e-04
-3.766800542623238268e+00 -9.244120433746317866e-01 1.530406983580412938e-01 6.583981856489606344e+01 9.494713697233065665e-04
-3.766800542623238268e+00 -9.244120433746317866e-01 1.530406983580412938e-01 6.583981856489606344e+01 9.494713697233065665e-04
-3.805429984047000502e+00 -9.622477066722733285e-01 1.481243256998150404e-01 6.163081334926977206e+01 1.011496631425015105e-03
-3.500473569186029810e+00 -9.133252442634991475e-01 1.505895753456094333e-01 6.208199418667891933e+01 1.046652590341454669e-03
-3.500473569186029810e+00 -9.133252442634991475e-01 1.505895753456094333e-01 6.208199418667891933e+01 1.046652590341454669e-03
-4.486947953898266839e+00 -8.703743969723725105e-01 1.498212187278838980e-01 6.660476633439834870e+01 1.218813244653038511e-03
-4.486947953898266839e+00 -8.703743969723725105e-01 1.498212187278838980e-01 6.660476633439834870e+01 1.218813244653038511e-03
-4.438407027343857614e+00 -8.650391137840176548e-01 1.431098838787601135e-01 7.045346471131688304e+01 1.228147546361210360e-03
-4.438407027343857614e+00 -8.650391137840176548e-01 1.431098838787601135e-01 7.045346471131688304e+01 1.228147546361210360e-03
-4.438407027343857614e+00 -8.650391137840176548e-01 1.431098838787601135e-01 7.045346471131688304e+01 1.228147546361210360e-03
-4.267362421910805281e+00 -8.451521574945314308e-01 1.538913611714523844e-01 6.788862228753940542e+01 1.236076338510895978e-03
-4.183586523220032660e+00 -8.637127881921109473e-01 1.607612871281574873e-01 6.313590203525489386e+01 1.150960736723869110e-03
-4.507596234900915988e+00 -8.628064403228330459e-01 1.502621339545680001e-01 6.716509458291665169e+01 1.264881632195792062e-03
-4.507596234900915988e+00 -8.628064403228330459e-01 1.502621339545680001e-01 6.716509458291665169e+01 1.264881632195792062e-03
-4.272851707749427241e+00 -8.763262469405935784e-01 1.573462034654614927e-01 6.464127300311825763e+01 1.191421297822510376e-03
-3.876980046662241719e+00 -8.948829979755084096e-01 1.561355097730304231e-01 6.404566670601023759e+01 9.793351164424258116e-04
-3.876980046662241719e+00 -8.948829979755084096e-01 1.561355097730304231e-01 6.404566670601023759e+01 9.793351164424258116e-04
-3.921838578823421795e+00 -8.789013366918648762e-01 1.476122358832343551e-01 6.108716545148983812e+01 1.070745737941147758e-03
-4.032009926912570208e+00 -8.973000452239606739e-01 1.443925663787820335e-01 6.060583860445187554e+01 1.125624000010167413e-03
-4.251878016461651200e+00 -8.771885041384076542e-01 1.450882882349245895e-01 7.028662525232419966e+01 1.174622349551041707e-03
-4.149224929283835017e+00 -8.794239169309120419e-01 1.497354822093785454e-01 7.406134344426561711e+01 1.604947987886040563e-03
-4.855006773975699907e+00 -8.871694535061031006e-01 1.595507354922899024e-01 7.011805319734696695e+01 2.051582146868675353e-03
-4.728215399467441848e+00 -8.551916651686701787e-01 1.493056675595577087e-01 7.997885982357371404e+01 2.852269088549054532e-03
-4.462410566621668018e+00 -8.998104101941202249e-01 1.375786863886866718e-01 8.309639094943038629e+01 2.590730605429213129e-03
-4.840334120834969944e+00 -9.679718577356324349e-01 1.396414651074889268e-01 7.881451814117390597e+01 2.298543620662230492e-03
-4.787798594378016581e+00 -9.693869401234538330e-01 1.523319335527484053e-01 7.602165959750479374e+01 2.541328949967525466e-03
-4.531542242832945711e+00 -9.678069191752630696e-01 1.510094892405582645e-01 6.180147586208700972e+01 1.180920477736836869e-03
-3.951360943260288749e+00 -9.572411880404437801e-01 1.547063506203352479e-01 6.093642794568264520e+01 1.039125869316206161e-03
-4.115023733158599484e+00 -9.113605677427851770e-01 1.434680683856146277e-01 6.471596262083919271e+01 9.534766233592344327e-04
-4.115023733158599484e+00 -9.113605677427851770e-01 1.434680683856146277e-01 6.471596262083919271e+01 9.534766233592344327e-04
-4.266689859531463291e+00 -8.967297399989498929e-01 1.448612332089234123e-01 6.868761592982117747e+01 1.099616879824432368e-03
-3.856746274907405070e+00 -8.946902105949117168e-01 1.597790920558091743e-01 6.961238017165413794e+01 1.295520559388053331e-03
-3.487937051667223898e+00 -8.752000374638990721e-01 1.670178843776163047e-01 7.166518773740634174e+01 1.429156940589918889e-03
-3.164737055363206153e+00 -8.733433011870846974e-01 1.625986584026154202e-01 7.293151328533821243e+01 1.539896116263944452e-03
-3.208956947507557000e+00 -8.814190540029235299e-01 1.670726170369987440e-01 7.291256875932417358e+01 1.607144029245931218e-03
-3.637157230268007968e+00 -8.582009021471406207e-01 1.631305131983088741e-01 7.950653725117732051e+01 2.293815351430656541e-03
-3.637157230268007968e+00 -8.582009021471406207e-01 1.631305131983088741e-01 7.950653725117732051e+01 2.293815351430656541e-03
-3.765685485366535801e+00 -9.509699250158644146e-01 1.488776895277580947e-01 7.997052204192401348e+01 2.187593208334606774e-03
-3.839161645735685191e+00 -9.892785582598708771e-01 1.588304616496204469e-01 7.779992817228954038e+01 2.477837880352065213e-03
-4.655676648747317792e+00 -9.648356645068789650e-01 1.519471803227317730e-01 7.912722556898160065e+01 2.952965141729484589e-03
-4.711528406746474218e+00 -9.551012826917036902e-01 1.527119439405457413e-01 7.056536690805513956e+01 1.786980795586176228e-03
-4.408203154039796345e+00 -9.214799516602475427e-01 1.492195144474949553e-01 7.519636784539065388e+01 1.999552501945259589e-03
-4.951053939863935049e+00 -9.358778611514547707e-01 1.489677908802795603e-01 7.657609649309618760e+01 2.481244748732661879e-03
-4.899048618126936816e+00 -9.795528730809741624e-01 1.342665685789547203e-01 7.496031717617077561e+01 1.548355620564122181e-03
-4.899048618126936816e+00 -9.795528730809741624e-01 1.342665685789547203e-01 7.496031717617077561e+01 1.548355620564122181e-03
-4.488870251203714190e+00 -9.939241126232107870e-01 1.431164829570116259e-01 7.085760599142690808e+01 1.370913913951069853e-03
-4.684569408131646462e+00 -9.968939045068190286e-01 1.348369438365049633e-01 7.842580412128468481e+01 1.954359985641654363e-03
-4.694122990763672121e+00 -9.923417414738312514e-01 1.366539462549540562e-01 7.405798786396188405e+01 1.502658855554368702e-03
-4.694122990763672121e+00 -9.923417414738312514e-01 1.366539462549540562e-01 7.405798786396188405e+01 1.502658855554368702e-03
-4.100861145963856202e+00 -9.968124164788455532e-01 1.477373493508500057e-01 7.734895893310317661e+01 2.111517334312347158e-03
-4.040882572428706077e+00 -9.678803210971120841e-01 1.525786103006487038e-01 7.828116430492849531e+01 2.377929612875890643e-03
-3.750683654490498231e+00 -9.395820393273146554e-01 1.586073175790459755e-01 7.282837818698271803e+01 1.585505782661023088e-03
-3.750683654490498231e+00 -9.395820393273146554e-01 1.586073175790459755e-01 7.282837818698271803e+01 1.585505782661023088e-03
-3.864789376983527536e+00 -9.472859269968206819e-01 1.519021074632751767e-01 6.208465693059361001e+01 9.927877797392505640e-04
-3.283023360516765354e+00 -9.475699255834139079e-01 1.476316314793187090e-01 6.399539961257229947e+01 1.034173831766206902e-03
-3.283023360516765354e+00 -9.475699255834139079e-01 1.476316314793187090e-01 6.399539961257229947e+01 1.034173831766206902e-03
-3.779158297854768644e+00 -9.617218288822061423e-01 1.424131318481863806e-01 6.716755366782423664e+01 8.874623457395405075e-04
-3.302723273850019847e+00 -9.516285672980310251e-01 1.324595784125448261e-01 6.710701988168256094e+01 9.818636950369944577e-04
-3.876622259549931115e+00 -9.162398922912172727e-01 1.209861645715470529e-01 6.841389394021769021e+01 1.004158528754671778e-03
-3.525612379974266464e+00 -8.851828235491658869e-01 1.215570833139781176e-01 7.302600081556677480e+01 8.960951160169500261e-04
-3.525612379974266464e+00 -8.851828235491658869e-01 1.215570833139781176e-01 7.302600081556677480e+01 8.960951160169500261e-04
-3.525612379974266464e+00 -8.851828235491658869e-01 1.215570833139781176e-01 7.302600081556677480e+01 8.960951160169500261e-04
-3.525612379974266464e+00 -8.851828235491658869e-01 1.215570833139781176e-01 7.302600081556677480e+01 8.960951160169500261e-04
-3.326235412517148049e+00 -9.198368060708130844e-01 1.193444731698487526e-01 7.234305349056826628e+01 9.506843464443533826e-04
-3.685680495018525349e+00 -9.508933354990432019e-01 1.236812744632100336e-01 7.404899106910762896e+01 8.725996990161751822e-04
-4.227528460180073999e+00 -9.995487460582341832e-01 1.234277346902566130e-01 7.144694319704755969e+01 8.736674759194937648e-04
-3.734997556825690790e+00 -9.611934330626176193e-01 1.322210386402192517e-01 7.876289242608606855e+01 1.362271892991048262e-03
-4.071791353745177311e+00 -9.414841649647065491e-01 1.330032693845909220e-01 6.989037043230115387e+01 8.946244948790837894e-04
-4.414664638554861575e+00 -9.604228144904167763e-01 1.371161245705806719e-01 6.908887634258479693e+01 1.041622867798699080e-03
-4.784652982719750369e+00 -9.482615475275989469e-01 1.355192504260818165e-01 7.780106137698625446e+01 1.901926696762276311e-03
-4.929321110580734633e+00 -9.170365913383417000e-01 1.356292704069892441e-01 8.647154631362218424e+01 3.339822241014608114e-03
-4.985364945388690572e+00 -9.802130325625774132e-01 1.467809978009618488e-01 7.507415074928537990e+01 2.184149075217321333e-03
-4.788053664230140782e+00 -9.749710825236020950e-01 1.439368390335947212e-01 7.479211040871730631e+01 1.938051845778400754e-03
-4.937290771155988800e+00 -9.944089402049780535e-01 1.472956562618961407e-01 7.053643376935312403e+01 1.640843816192082139e-03
-4.406941398913203578e+00 -9.786250048241706967e-01 1.331897903932530436e-01 6.831287204122853041e+01 9.522771552119172834e-04
-4.389385372073318692e+00 -9.707379310816542928e-01 1.262096166819258458e-01 7.045161750904489395e+01 9.013260780794470246e-04
-4.552748273088371711e+00 -9.386168762785596087e-01 1.230279700209746946e-01 7.070178695343530251e+01 8.888246986874427267e-04
-4.190321862930715291e+00 -9.835764345376547535e-01 1.278723550456170588e-01 7.105799791055467551e+01 9.007477465460774803e-04
-4.432506971145160790e+00 -9.102732724544841947e-01 1.143403592742525399e-01 7.396447437928500790e+01 8.663068460710846757e-04
-4.802600356003352111e+00 -9.443039094500442765e-01 1.216151559845662922e-01 7.447181656841186737e+01 1.028792379709623714e-03
-4.802600356003352111e+00 -9.443039094500442765e-01 1.216151559845662922e-01 7.447181656841186737e+01 1.028792379709623714e-03
-4.369453226935528178e+00 -9.673621480276698437e-01 1.189533265597679246e-01 6.531026532654556149e+01 1.120922807603134648e-03
-4.414771442286347103e+00 -9.398242062810364672e-01 1.076137281893839170e-01 6.551328202061698391e+01 1.537102966266917867e-03
-4.414771442286347103e+00 -9.398242062810364672e-01 1.076137281893839170e-01 6.551328202061698391e+01 1.537102966266917867e-03
-3.939993949662502271e+00 -8.846077556549746257e-01 1.185004873917340357e-01 7.050217420660000300e+01 9.589114501670102306e-04
-3.939993949662502271e+00 -8.846077556549746257e-01 1.185004873917340357e-01 7.050217420660000300e+01 9.589114501670102306e-04
-3.761644176454521649e+00 -8.750250278696372064e-01 1.164365894220114606e-01 6.765461691019443435e+01 1.321531450788242159e-03
-4.019695013242662540e+00 -8.629825442951559733e-01 1.087411002356551137e-01 6.633336469632669719e+01 1.718341081948891649e-03
