-4.219295647393479065e+00 -4.596670922970729212e-01 1.821459494911104315e-01 7.233766144866987702e+01 1.370246205891033266e-03
-4.196621734465244558e+00 -5.251274504763334683e-01 1.641745709838774159e-01 7.661615641095366414e+01 1.476870550052855830e-03
-4.196621734465244558e+00 -5.251274504763334683e-01 1.641745709838774159e-01 7.661615641095366414e+01 1.476870550052855830e-03
-4.581613100168904218e+00 -5.458871720019023988e-01 1.741309290070348348e-01 7.665557639041449534e+01 2.755565703566565869e-03
-4.228227939416116854e+00 -5.920187094110230808e-01 1.951967252218797799e-01 7.331126085334243214e+01 2.552421898753353888e-03
-4.209072713346295735e+00 -6.053351865887207639e-01 1.550986354668175138e-01 7.052778258149987778e+01 1.059404449973157161e-03
-3.646788859963953744e+00 -5.577478120016133856e-01 1.744045798805156089e-01 6.932350298679503453e+01 8.751045572445580352e-04
-3.434271767979155676e+00 -5.331968973207900087e-01 1.928601399088443469e-01 6.997887062023956162e+01 9.276957045548962777e-04
-3.313299448507594391e+00 -5.205651441581879979e-01 1.748733639951811081e-01 7.690887147818132519e+01 9.637919689466530309e-04
-3.313299448507594391e+00 -5.205651441581879979e-01 1.748733639951811081e-01 7.690887147818132519e+01 9.637919689466530309e-04
-3.313299448507594391e+00 -5.205651441581879979e-01 1.748733639951811081e-01 7.690887147818132519e+01 9.637919689466530309e-04
-3.313299448507594391e+00 -5.205651441581879979e-01 1.748733639951811081e-01 7.690887147818132519e+01 9.637919689466530309e-04
-3.313299448507594391e+00 -5.205651441581879979e-01 1.748733639951811081e-01 7.690887147818132519e+01 9.637919689466530309e-04
-3.313299448507594391e+00 -5.205651441581879979e-01 1.748733639951811081e-01 7.690887147818132519e+01 9.637919689466530309e-04
-3.827508428943146690e+00 -5.563848265549073968e-01 1.727651270330777533e-01 6.745458928674624133e+01 9.037700101095012643e-04
-3.624498232432245448e+00 -5.801854097757935813e-01 1.738455442329302769e-01 6.626806539206593527e+01 9.505223939243635919e-04
-3.774674104771071015e+00 -5.679109832365391020e-01 1.852895070845251013e-01 7.107928903656467412e+01 1.033035632181616807e-03
-3.774674104771071015e+00 -5.679109832365391020e-01 1.852895070845251013e-01 7.107928903656467412e+01 1.033035632181616807e-03
-3.880530731336454764e+00 -6.155860660452032729e-01 1.613566154585264756e-01 6.223783750458387232e+01 1.155286425442629853e-03
-3.880530731336454764e+00 -6.155860660452032729e-01 1.613566154585264756e-01 6.223783750458387232e+01 1.155286425442629853e-03
-3.880530731336454764e+00 -6.155860660452032729e-01 1.613566154585264756e-01 6.223783750458387232e+01 1.155286425442629853e-03
-3.309604306635868909e+00 -6.333702978437897313e-01 1.839814045841202117e-01 6.975839601793880718e+01 1.044259956747904498e-03
-3.309604306635868909e+00 -6.333702978437897313e-01 1.839814045841202117e-01 6.975839601793880718e+01 1.044259956747904498e-03
-3.221158241244001186e+00 -5.979966911091673110e-01 1.887445413615975454e-01 6.714190126356415078e+01 1.357798786374898262e-03
-3.162513802015053610e+00 -6.010543859209350748e-01 1.768615189705032564e-01 7.652864720588853231e+01 1.460952799060372728e-03
-3.139359543279417686e+00 -5.847960027597283172e-01 1.934311154442107106e-01 8.266087481742111720e+01 2.570123299694993327e-03
-3.187821112042001914e+00 -6.263483089021193440e-01 1.792643668304131632e-01 7.925264395046849586e+01 1.669597375746308295e-03
-3.251469195647402888e+00 -6.240506139870011237e-01 1.646572434792299422e-01 8.366610678009769231e+01 1.439772766831892009e-03
-3.207597680244171467e+00 -6.517513038999904751e-01 1.418211371489982442e-01 8.028658439637568733e+01 9.305123993276500326e-04
-3.207597680244171467e+00 -6.517513038999904751e-01 1.418211371489982442e-01 8.028658439637568733e+01 9.305123993276500326e-04
-3.138240893705463996e+00 -6.299475199751030097e-01 1.263762496939435653e-01 7.367951622027374015e+01 1.498507924932647450e-03
-3.138240893705463996e+00 -6.299475199751030097e-01 1.263762496939435653e-01 7.367951622027374015e+01 1.498507924932647450e-03
-3.770784250768094203e+00 -6.598250487948803533e-01 1.117775093714618445e-01 8.760205435482289715e+01 1.340957126089657205e-03
-3.673384027226554327e+00 -6.559846167837877218e-01 1.165882399492650795e-01 8.174954086074693294e+01 1.187287255339969632e-03
-4.119172228822726822e+00 -6.956288583031263739e-01 1.006956892913786344e-01 7.900281539347216153e+01 1.256072753054001540e-03
-4.653629354212098335e+00 -7.224882041658082787e-01 1.126372156454328866e-01 7.779979630472863050e+01 9.167575578194417114e-04
-4.038244808142191111e+00 -7.216667043405432524e-01 1.242561772293641620e-01 8.132119283407149624e+01 1.188137858954490134e-03
-3.812767154188394070e+00 -7.333630755898163933e-01 1.123058311860093139e-01 8.324199475807328952e+01 1.130670043707082510e-03
-3.344423771421285441e+00 -7.335530493446393852e-01 9.584098473800073403e-02 8.689274681981393655e+01 1.437216240077094764e-03
-3.344423771421285441e+00 -7.335530493446393852e-01 9.584098473800073403e-02 8.689274681981393655e+01 1.437216240077094764e-03
-3.344423771421285441e+00 -7.335530493446393852e-01 9.584098473800073403e-02 8.689274681981393655e+01 1.437216240077094764e-03
-3.066315868471770401e+00 -7.551869461687760188e-01 9.330835161804854061e-02 8.901666084424492453e+01 9.624120087343548740e-04
-3.068918335629589489e+00 -8.263850091534890030e-01 9.227802392336036108e-02 7.759864689090530021e+01 1.541613339178526249e-03
-3.552338957681779430e+00 -8.048757707867122413e-01 1.157985668210098490e-01 8.031862351837419567e+01 9.776381192316081683e-04
-3.062314817990373861e+00 -8.759028861648654463e-01 1.369831412618735811e-01 8.219299403721991837e+01 1.812604269372876647e-03
-3.625332015777982253e+00 -8.295284175444798125e-01 1.241907623412541462e-01 7.794580744022540841e+01 9.469685224137961051e-04
-3.481394189730933952e+00 -7.898796368423179892e-01 1.182226338086225931e-01 7.353738971676568781e+01 1.085275564007563221e-03
-3.481394189730933952e+00 -7.898796368423179892e-01 1.182226338086225931e-01 7.353738971676568781e+01 1.085275564007563221e-03
-3.705800250996773570e+00 -6.981592051736322802e-01 1.493328107327569487e-01 7.702331056243257024e+01 1.112423859169125355e-03
-3.739276648293743399e+00 -6.620453755327012635e-01 1.196002617743720103e-01 7.469857984038158349e+01 1.237712222664955888e-03
-4.316859615594860422e+00 -6.849754831076207973e-01 1.003122468967438535e-01 7.774247369295264320e+01 1.172818627956167701e-03
-3.852391551933253666e+00 -6.429176825280978891e-01 1.278251648759433645e-01 7.651201819181305552e+01 9.784239703197004229e-04
-3.499754852955438977e+00 -7.269540564510483804e-01 1.158745366866514998e-01 8.070835178764014017e+01 1.016325240249509737e-03
-3.677836646188451741e+00 -7.349662050261894786e-01 1.208313630733751642e-01 8.086555664786054365e+01 1.055390806066697999e-03
-3.832103238320068161e+00 -7.031623894062652980e-01 1.151402173975548532e-01 7.524417510589381664e+01 1.154238799353357950e-03
-3.870720597714335298e+00 -6.642712529273492317e-01 1.108883077434055509e-01 8.242204676740865921e+01 1.179758648733724227e-03
-3.870720597714335298e+00 -6.642712529273492317e-01 1.108883077434055509e-01 8.242204676740865921e+01 1.179758648733724227e-03
-3.860812983280560662e+00 -5.983730342299765637e-01 1.276816418619508564e-01 8.531795848941258953e+01 1.300034738936545892e-03
-3.860812983280560662e+00 -5.983730342299765637e-01 1.276816418619508564e-01 8.531795848941258953e+01 1.300034738936545892e-03
-4.449070510338521522e+00 -5.364416659324977577e-01 1.480735075792412314e-01 7.746933889662994943e+01 1.495756556401891786e-03
-3.921207720284855203e+00 -4.560301474336154737e-01 1.416092938635943876e-01 8.072778107223159338e+01 1.208562517484751929e-03
-3.921207720284855203e+00 -4.560301474336154737e-01 1.416092938635943876e-01 8.072778107223159338e+01 1.208562517484751929e-03
-3.921207720284855203e+00 -4.560301474336154737e-01 1.416092938635943876e-01 8.072778107223159338e+01 1.208562517484751929e-03
-4.275221283105720360e+00 -4.130570824842715316e-01 1.412318357032179006e-01 8.013329321144716744e+01 1.150966410054996697e-03
-4.229571337365737094e+00 -3.950041021244998229e-01 1.474773950441220227e-01 7.138468955067747856e+01 1.372629194810720933e-03
-4.229571337365737094e+00 -3.950041021244998229e-01 1.474773950441220227e-01 7.138468955067747856e+01 1.372629194810720933e-03
-4.229571337365737094e+00 -3.950041021244998229e-01 1.474773950441220227e-01 7.138468955067747856e+01 1.372629194810720933e-03
-4.351992622589376580e+00 -4.772733454372395379e-01 1.708586122464400003e-01 6.476789748050255469e+01 1.269611314854478343e-03
-4.351992622589376580e+00 -4.772733454372395379e-01 1.708586122464400003e-01 6.476789748050255469e+01 1.269611314854478343e-03
-4.604440326459783073e+00 -4.124259753888261937e-01 1.698584166997248457e-01 6.842487103975570051e+01 1.550069630168687471e-03
-4.671669922636854544e+00 -3.509052597391491557e-01 1.781236840154232781e-01 6.665811050991146658e+01 1.772106187105627721e-03
-4.502048628248509488e+00 -3.353579825125506120e-01 1.838585713997835103e-01 7.102173300329562267e+01 1.640125624082209611e-03
-4.265367728235826661e+00 -4.187502585247431242e-01 1.824591090932226045e-01 7.324099457271589131e+01 1.402577287792236777e-03
-4.783601994758199361e+00 -5.069359362484733289e-01 1.601105473390392608e-01 7.661579237872346937e+01 2.269587157817211116e-03
-4.331792223249092189e+00 -4.301158649776711251e-01 1.587308481235648605e-01 8.448004183394492372e+01 2.023817273311717679e-03
-4.267760398602824523e+00 -3.944664179595075426e-01 1.307352837143715973e-01 8.132086116015854316e+01 1.228386038291021977e-03
-4.267760398602824523e+00 -3.944664179595075426e-01 1.307352837143715973e-01 8.132086116015854316e+01 1.228386038291021977e-03
-4.954880276444842302e+00 -4.643564346272787136e-01 1.530701652025272530e-01 7.305199801494310918e+01 1.677282625951213163e-03
-4.991791021560866071e+00 -4.283891096470994198e-01 1.480565971155451410e-01 7.203625413823881729e+01 1.422209141071325428e-03
-4.706150748297376119e+00 -4.239578971636127069e-01 1.696234037305484887e-01 7.026236506388497105e+01 1.749955948269085737e-03
-4.810178192823746812e+00 -4.017099309472272894e-01 1.516718024278889410e-01 6.492917522087977034e+01 1.535420645950796338e-03
-4.740343980088902676e+00 -3.084661582630351395e-01 1.692698669135822287e-01 6.493150790072347434e+01 1.934239430068483354e-03
-4.658017143159475459e+00 -3.805532526612336319e-01 1.483028820005226345e-01 6.570818152256876488e+01 1.634709986017125402e-03
-4.257787548371189779e+00 -3.749582871947075846e-01 1.814761396077844702e-01 6.492506616083275617e+01 1.406726710365378786e-03
-4.257787548371189779e+00 -3.749582871947075846e-01 1.814761396077844702e-01 6.492506616083275617e+01 1.406726710365378786e-03
-4.356509310942461966e+00 -2.993387409981380642e-01 1.984785407890583553e-01 7.557733889237246672e+01 1.647683550754498695e-03
-4.614769222219824663e+00 -3.253338129540431223e-01 1.986646979514650191e-01 7.288232302199783419e+01 2.352993504132832106e-03
-4.929891281238770517e+00 -3.104302544314662682e-01 1.924498655497051680e-01 6.927292991867558669e+01 2.512374694292772090e-03
-4.792302441319056250e+00 -2.932962534412164035e-01 1.724815076821798188e-01 7.385331944641725954e+01 1.882905009451052609e-03
-4.647932018081347927e+00 -2.434354336735105873e-01 1.834274216660979340e-01 6.911842223156570242e+01 2.057272841139597391e-03
-4.945062825828222763e+00 -2.777097754009244523e-01 1.736971554165731291e-01 6.971172317221569870e+01 1.943896797544736495e-03
-4.773451187725272327e+00 -2.661437903572560493e-01 1.844173887731718753e-01 6.237381169227566602e+01 2.423992728633401691e-03
-4.823152806600806031e+00 -2.893343375252936389e-01 1.541431246591802307e-01 6.263592336672882510e+01 2.417433789357593260e-03
-4.450839685714870875e+00 -3.339786069212548614e-01 1.225488833868415423e-01 7.026664699058301267e+01 2.602070418271266311e-03
-4.450839685714870875e+00 -3.339786069212548614e-01 1.225488833868415423e-01 7.026664699058301267e+01 2.602070418271266311e-03
-4.683537874064925610e+00 -3.149464444189238876e-01 1.206320213657120222e-01 6.935293611311800532e+01 2.470335248618072028e-03
-4.502192094846991566e+00 -2.704882019921556191e-01 1.257436031099626594e-01 7.471312356909484720e+01 2.538649940742087122e-03
-4.502192094846991566e+00 -2.704882019921556191e-01 1.257436031099626594e-01 7.471312356909484720e+01 2.538649940742087122e-03
-4.773370768870146108e+00 -3.034390906056024240e-01 1.334599648944020944e-01 7.912564574259312167e+01 1.214274581293338763e-03
-4.773370768870146108e+00 -3.034390906056024240e-01 1.334599648944020944e-01 7.912564574259312167e+01 1.214274581293338763e-03
-4.773370768870146108e+00 -3.034390906056024240e-01 1.334599648944020944e-01 7.912564574259312167e+01 1.214274581293338763e-03
-4.773370768870146108e+00 -3.034390906056024240e-01 1.334599648944020944e-01 7.912564574259312167e+01 1.214274581293338763e-03
-4.268761130490257294e+00 -3.140175444773397606e-01 1.411594224021806288e-01 8.914681347155305957e+01 1.541257778423970985e-03
-4.268761130490257294e+00 -3.140175444773397606e-01 1.411594224021806288e-01 8.914681347155305957e+01 1.541257778423970985e-03
-4.755242526542036607e+00 -3.275495379550303343e-01 1.197262720122695134e-01 8.672377876618871539e+01 1.133127218443115859e-03
-4.302967227935350358e+00 -4.045266342238797996e-01 1.096908573364104439e-01 8.410783769572769586e+01 1.489229051355834416e-03
-4.302967227935350358e+00 -4.045266342238797996e-01 1.096908573364104439e-01 8.410783769572769586e+01 1.489229051355834416e-03
-4.061670823660807450e+00 -4.467148453194177415e-01 1.344387141764132876e-01 8.095720673971209180e+01 1.202118745956409773e-03
-3.947480889825116357e+00 -4.367184812196800991e-01 1.302458065456998937e-01 8.346390114664909277e+01 1.440145207397777218e-03
-3.867403330958717245e+00 -3.514006437303345276e-01 1.499497722858253446e-01 8.746081477491648570e+01 1.735590401634700720e-03
-3.978174109744157416e+00 -3.707882634170109881e-01 1.587295780773896881e-01 8.542300587590639793e+01 1.403013596323457457e-03
-3.978174109744157416e+00 -3.707882634170109881e-01 1.587295780773896881e-01 8.542300587590639793e+01 1.403013596323457457e-03
-4.504894193258204282e+00 -3.628317208493664903e-01 1.340460106617468172e-01 7.888476989973634090e+01 1.154815926730700000e-03
-4.554340422698728297e+00 -3.605150044987935898e-01 1.392828721334460063e-01 7.990222923952552492e+01 1.196426588700323082e-03
-4.350076899607569381e+00 -3.496326112192222890e-01 1.534049985501765023e-01 8.227656911092296355e+01 1.373284817015700977e-03
-4.363372995770882667e+00 -4.207703786474152330e-01 1.746983801065642439e-01 7.726570901060442509e+01 1.782635683934215114e-03
-4.363372995770882667e+00 -4.207703786474152330e-01 1.746983801065642439e-01 7.726570901060442509e+01 1.782635683934215114e-03
-4.407548527406797589e+00 -4.251711605485420931e-01 1.547428371533152991e-01 7.895517551299647607e+01 1.450039022142027550e-03
-4.407548527406797589e+00 -4.251711605485420931e-01 1.547428371533152991e-01 7.895517551299647607e+01 1.450039022142027550e-03
-4.407548527406797589e+00 -4.251711605485420931e-01 1.547428371533152991e-01 7.895517551299647607e+01 1.450039022142027550e-03
-4.460847853679635655e+00 -4.821490247453980582e-01 1.213498318045623386e-01 8.174677152613796238e+01 1.050500858704923792e-03
-4.637394864271268347e+00 -5.899259700485827151e-01 1.237476992051973479e-01 7.767683399812084133e+01 1.032259418717860512e-03
-4.538459873018301671e+00 -5.749791423716534844e-01 1.177953505993365596e-01 7.812231743320818111e+01 9.410592594454864198e-04
-4.538459873018301671e+00 -5.749791423716534844e-01 1.177953505993365596e-01 7.812231743320818111e+01 9.410592594454864198e-04
-4.228309308615192386e+00 -5.346569449507643235e-01 1.045643331991932823e-01 8.340473623807061188e+01 1.269839043874137867e-03
-4.010238768264125397e+00 -5.627049899694226420e-01 1.119547108949698333e-01 8.630080351993048282e+01 1.315169452663877449e-03
-3.487930829894215101e+00 -5.889081237481890163e-01 1.146508273633109476e-01 7.938998609020730157e+01 1.600598989921441862e-03
-3.909889583007358116e+00 -5.918043299453665806e-01 1.235379508238437368e-01 8.259523415968837412e+01 1.153224817711652299e-03
-3.909889583007358116e+00 -5.918043299453665806e-01 1.235379508238437368e-01 8.259523415968837412e+01 1.153224817711652299e-03
-4.219707773179234955e+00 -4.938145037890595557e-01 1.086292104637576889e-01 8.420386177357899271e+01 1.285984079653232359e-03
-3.851250662592096141e+00 -3.777881653785787885e-01 1.505811558743457845e-01 8.470571385693635591e+01 1.515982013767249413e-03
-3.824736799454645730e+00 -3.707605342845555207e-01 1.461592524588255781e-01 8.611619376029922535e+01 1.673931375280423087e-03
-3.824736799454645730e+00 -3.707605342845555207e-01 1.461592524588255781e-01 8.611619376029922535e+01 1.673931375280423087e-03
-3.801812035825557157e+00 -3.698086366497327915e-01 1.658266047385759390e-01 8.457811014738103950e+01 1.392005622282943902e-03
-3.801812035825557157e+00 -3.698086366497327915e-01 1.658266047385759390e-01 8.457811014738103950e+01 1.392005622282943902e-03
-3.386763406205993032e+00 -3.782646157734068093e-01 1.595939825927015221e-01 8.683872034887951941e+01 1.641949544763506193e-03
-3.340579469712187333e+00 -4.069447732028296238e-01 1.436132332369334241e-01 8.453422992500892974e+01 1.928262214709495874e-03
-3.340579469712187333e+00 -4.069447732028296238e-01 1.436132332369334241e-01 8.453422992500892974e+01 1.928262214709495874e-03
-3.247921222823587861e+00 -3.930128271527794648e-01 1.720992791690879042e-01 8.173649347923692687e+01 1.662806990058871871e-03
-3.587669659863204963e+00 -4.233562354257592308e-01 1.704762085970564778e-01 8.177317773307314042e+01 1.114800208979988255e-03
-3.773735680466201003e+00 -3.350145351190546572e-01 1.980963876398374457e-01 8.365507695720985737e+01 1.396622600663719425e-03
-3.908683412906176713e+00 -3.543436804408968688e-01 1.795948543444776946e-01 8.098885800296346815e+01 1.291704362031794590e-03
-3.908683412906176713e+00 -3.543436804408968688e-01 1.795948543444776946e-01 8.098885800296346815e+01 1.291704362031794590e-03
-3.908683412906176713e+00 -3.543436804408968688e-01 1.795948543444776946e-01 8.098885800296346815e+01 1.291704362031794590e-03
-4.126129635076651425e+00 -3.491126683376106210e-01 1.900295211698722342e-01 7.625333537665625272e+01 1.232538751817300292e-03
-4.126129635076651425e+00 -3.491126683376106210e-01 1.900295211698722342e-01 7.625333537665625272e+01 1.232538751817300292e-03
-4.126129635076651425e+00 -3.491126683376106210e-01 1.900295211698722342e-01 7.625333537665625272e+01 1.232538751817300292e-03
-4.400380334265223681e+00 -3.266282302784497826e-01 1.919358176060385335e-01 6.926113537327090341e+01 1.549433182345554254e-03
-4.400380334265223681e+00 -3.266282302784497826e-01 1.919358176060385335e-01 6.926113537327090341e+01 1.549433182345554254e-03
-4.400380334265223681e+00 -3.266282302784497826e-01 1.919358176060385335e-01 6.926113537327090341e+01 1.549433182345554254e-03
-4.429483413762988597e+00 -3.285553406185977576e-01 1.638575098109014694e-01 6.692593043631232774e+01 1.745693632359590890e-03
-4.429483413762988597e+00 -3.285553406185977576e-01 1.638575098109014694e-01 6.692593043631232774e+01 1.745693632359590890e-03
-4.295734726630555222e+00 -3.403283500414845397e-01 1.840015379660629169e-01 6.657300763856225956e+01 1.477048479484351215e-03
-4.595863823040916785e+00 -3.068382658891570802e-01 1.714674475844585322e-01 7.117677064426645472e+01 1.611482984957707427e-03
-4.890803328585065834e+00 -3.602461578751331439e-01 1.827386627302086952e-01 7.290511645341338465e+01 2.546257174322596410e-03
-4.080170237603494066e+00 -4.083622192436690557e-01 1.792237969382101948e-01 7.344573672059790681e+01 1.062829816536626885e-03
-4.011784333219700294e+00 -4.470343341900097633e-01 1.794839128147549256e-01 8.140934062840614160e+01 1.613779305471196163e-03
-4.011784333219700294e+00 -4.470343341900097633e-01 1.794839128147549256e-01 8.140934062840614160e+01 1.613779305471196163e-03
-4.011784333219700294e+00 -4.470343341900097633e-01 1.794839128147549256e-01 8.140934062840614160e+01 1.613779305471196163e-03
-4.623856698329158021e+00 -3.609729775942300822e-01 1.678559574978932545e-01 8.005603369272560599e+01 2.125819596280971360e-03
-4.664629675988536839e+00 -3.802280105459446835e-01 1.182848053185748954e-01 7.384582599210932585e+01 1.434808774712956854e-03
-4.664629675988536839e+00 -3.802280105459446835e-01 1.182848053185748954e-01 7.384582599210932585e+01 1.434808774712956854e-03
-4.435626221626854715e+00 -4.588224017826327272e-01 1.400978090331574111e-01 7.561190748573027065e+01 1.082767867220795713e-03
-4.604797130170163122e+00 -4.597122583816333208e-01 1.303220806265634468e-01 7.757253941545798170e+01 1.059349352662818881e-03
-4.604797130170163122e+00 -4.597122583816333208e-01 1.303220806265634468e-01 7.757253941545798170e+01 1.059349352662818881e-03
-4.800737820415804435e+00 -4.658161203315387966e-01 1.038029070279685301e-01 7.973626953983320220e+01 9.905179357732785302e-04
-4.304737379367352013e+00 -4.509360691873519622e-01 1.354381659006705096e-01 8.640533866496581084e+01 1.517068289646438233e-03
-4.716356747709866681e+00 -4.241947771275954571e-01 1.179281749198491797e-01 8.872977164564662189e+01 1.410632693058522886e-03
-4.520718755327369998e+00 -4.630777770857011921e-01 1.066521545394128884e-01 8.626803339770718537e+01 1.068922144336955510e-03
-4.520718755327369998e+00 -4.630777770857011921e-01 1.066521545394128884e-01 8.626803339770718537e+01 1.068922144336955510e-03
-4.520718755327369998e+00 -4.630777770857011921e-01 1.066521545394128884e-01 8.626803339770718537e+01 1.068922144336955510e-03
-4.433049412585294391e+00 -4.296858858150317539e-01 1.304545103788568028e-01 8.376507075247481282e+01 1.230115467464989619e-03
-4.409376935577672185e+00 -4.053791200938934303e-01 1.101578024563248936e-01 8.081542722053784189e+01 1.406405749129081362e-03
-4.417034017297230442e+00 -4.393916583342424298e-01 1.431475121438760545e-01 8.977433487456228534e+01 2.316688902012411285e-03
-4.167141131313807811e+00 -3.460003245043766218e-01 1.423350722911893573e-01 8.948332415495394798e+01 1.553663740532283330e-03
-4.883367239482923061e+00 -3.350986004708887411e-01 1.391033851595547544e-01 8.638867638156969520e+01 1.914264976625740505e-03
-4.717937965314761506e+00 -2.538744563133642496e-01 1.335339468155622433e-01 8.945279579279653603e+01 1.376687225015222520e-03
-4.801675039192228489e+00 -2.932043870635354654e-01 1.281873705964143573e-01 8.854560924241577879e+01 1.378486349475771186e-03
-4.909741168505047604e+00 -2.616860204417891800e-01 1.461174010372147669e-01 8.697343326438942768e+01 1.909191891790205670e-03
-4.433938605320021153e+00 -2.591244621221187594e-01 1.386452580556065683e-01 8.566023091549654112e+01 1.532779885501947548e-03
-4.433938605320021153e+00 -2.591244621221187594e-01 1.386452580556065683e-01 8.566023091549654112e+01 1.532779885501947548e-03
-4.107797599492238660e+00 -3.455854003546753317e-01 1.446371753701957696e-01 8.652879094525879111e+01 1.497286930146077798e-03
-4.107797599492238660e+00 -3.455854003546753317e-01 1.446371753701957696e-01 8.652879094525879111e+01 1.497286930146077798e-03
-4.287832959634997110e+00 -4.126629276200571295e-01 1.543480350921183908e-01 8.568083749683427186e+01 1.817481364253420526e-03
-4.139193427485310828e+00 -3.673072005504707804e-01 1.366253093317691680e-01 7.672854524676307619e+01 1.685303040927705210e-03
-4.087041860572644403e+00 -4.287180920203153001e-01 1.417578865581543557e-01 7.521763062292262703e+01 1.252994181359090402e-03
-4.087041860572644403e+00 -4.287180920203153001e-01 1.417578865581543557e-01 7.521763062292262703e+01 1.252994181359090402e-03
-4.778539729752859344e+00 -4.430658320063651789e-01 1.570603864829989982e-01 6.878694618768074065e+01 1.449355526251120199e-03
-4.661957760771907822e+00 -4.404561385235466475e-01 1.341287078106923880e-01 6.264720898688172923e+01 2.011082198515939338e-03
-4.763559759768916990e+00 -4.262897379603942660e-01 1.590148974559107142e-01 6.596724477849747359e+01 1.488759421035768405e-03
-4.172209827473874810e+00 -4.483424691759468339e-01 1.615356014033385301e-01 6.590536444745008282e+01 1.264650195953938381e-03
-4.172209827473874810e+00 -4.483424691759468339e-01 1.615356014033385301e-01 6.590536444745008282e+01 1.264650195953938381e-03
-4.172209827473874810e+00 -4.483424691759468339e-01 1.615356014033385301e-01 6.590536444745008282e+01 1.264650195953938381e-03
-4.172209827473874810e+00 -4.483424691759468339e-01 1.615356014033385301e-01 6.590536444745008282e+01 1.264650195953938381e-03
-4.172209827473874810e+00 -4.483424691759468339e-01 1.615356014033385301e-01 6.590536444745008282e+01 1.264650195953938381e-03
-4.627485685036305085e+00 -4.707427750240449904e-01 1.653547172842016466e-01 7.213195115415796010e+01 1.717898968464579403e-03
-3.117438318802673081e+00 -4.849407558491682368e-01 1.792676303503908941e-01 7.214761985156340529e+01 1.913490618881955561e-03
-3.037227738464585158e+00 -4.772693287734712242e-01 1.646949338759048365e-01 7.497294410801494280e+01 1.851723646667362451e-03
-3.037227738464585158e+00 -4.772693287734712242e-01 1.646949338759048365e-01 7.497294410801494280e+01 1.851723646667362451e-03
-3.037227738464585158e+00 -4.772693287734712242e-01 1.646949338759048365e-01 7.497294410801494280e+01 1.851723646667362451e-03
-3.388672594616362055e+00 -4.917293276713674555e-01 1.819239789773819393e-01 6.648877505452819037e+01 1.543402616010230381e-03
-3.388672594616362055e+00 -4.917293276713674555e-01 1.819239789773819393e-01 6.648877505452819037e+01 1.543402616010230381e-03
-3.388672594616362055e+00 -4.917293276713674555e-01 1.819239789773819393e-01 6.648877505452819037e+01 1.543402616010230381e-03
-3.388672594616362055e+00 -4.917293276713674555e-01 1.819239789773819393e-01 6.648877505452819037e+01 1.543402616010230381e-03
-3.422638117978767713e+00 -5.088727410665213613e-01 1.589633650543871290e-01 6.323988791486079464e+01 2.496424869727125080e-03
-3.668643187184250642e+00 -4.393905378528610850e-01 1.645775176670549733e-01 6.346718434786029661e+01 2.627806899228924721e-03
-3.220443930679155020e+00 -5.540920615863423881e-01 1.601707378357868361e-01 6.194894058364132405e+01 2.839498940995583733e-03
-3.405323799637680615e+00 -5.097866649660746097e-01 1.575003004254508510e-01 6.493577729486231931e+01 2.300722261154859727e-03
-3.203624562898315542e+00 -5.505197336565650357e-01 1.757335700928444322e-01 6.150179116160629178e+01 2.510662929151497372e-03
-3.515987724975786488e+00 -5.326378053715175032e-01 1.893995545653271440e-01 6.352169508733918946e+01 1.215973951567253346e-03
-3.497583745320023585e+00 -5.247386160142346601e-01 1.908073499838841280e-01 6.138866496826103258e+01 1.479527363268125445e-03
-3.457177537132564371e+00 -5.419270978051557996e-01 1.693813839567019919e-01 6.446096289389987533e+01 1.530863893661961635e-03
-4.024802660214547245e+00 -5.451645206064367200e-01 1.945191446639901178e-01 6.034501498251633222e+01 1.102341189173590159e-03
-4.024802660214547245e+00 -5.451645206064367200e-01 1.945191446639901178e-01 6.034501498251633222e+01 1.102341189173590159e-03
-4.024802660214547245e+00 -5.451645206064367200e-01 1.945191446639901178e-01 6.034501498251633222e+01 1.102341189173590159e-03
-3.445290462220312211e+00 -5.414583541114124099e-01 1.921520329136163496e-01 6.642277438848020665e+01 1.012907085593626111e-03
-3.445290462220312211e+00 -5.414583541114124099e-01 1.921520329136163496e-01 6.642277438848020665e+01 1.012907085593626111e-03
-3.730433549644638358e+00 -6.139402135299724117e-01 1.685382516399955843e-01 7.112534308336354627e+01 9.084049584868752894e-04
-3.526694087711181425e+00 -6.343141128194663692e-01 1.677833029640249662e-01 6.856140694154611026e+01 8.765354024870349210e-04
-3.526694087711181425e+00 -6.343141128194663692e-01 1.677833029640249662e-01 6.856140694154611026e+01 8.765354024870349210e-04
-3.526694087711181425e+00 -6.343141128194663692e-01 1.677833029640249662e-01 6.856140694154611026e+01 8.765354024870349210e-04
-3.815581715837940813e+00 -6.809321312311128471e-01 1.677144914095812511e-01 6.798324821612462188e+01 9.493848994978533202e-04
-3.574410723019139979e+00 -6.808123397219246753e-01 1.833444527151426584e-01 6.798959592021806486e+01 1.007911346112268410e-03
-3.658729228332774586e+00 -6.313778109541896555e-01 1.871574462176117115e-01 7.204307301488316284e+01 1.199739448633733259e-03
-3.969964209063600258e+00 -6.498993672695183577e-01 1.771834846416079634e-01 7.166841298090901091e+01 1.443139359247908298e-03
-3.969964209063600258e+00 -6.498993672695183577e-01 1.771834846416079634e-01 7.166841298090901091e+01 1.443139359247908298e-03
-3.820978032872141661e+00 -6.866012414034797784e-01 1.598306506268086791e-01 8.072992537636638133e+01 1.893318721856186541e-03
-4.095316438896047906e+00 -6.873677985320256756e-01 1.680410438762161007e-01 7.317596515425155701e+01 1.651587679300229716e-03
-4.042696264390851724e+00 -6.324494080682080410e-01 1.322067461080149164e-01 7.448900620413350282e+01 9.220296813281405983e-04
-4.023613447482763839e+00 -6.261613585945052796e-01 1.271676372936922095e-01 7.759698863223856335e+01 9.732354841840908533e-04
-4.211702751861200689e+00 -5.479715132806787237e-01 1.302125380187327819e-01 6.977046525544534461e+01 1.203098409929760377e-03
-4.323329881571647881e+00 -5.998696698563004137e-01 1.051343385835694227e-01 7.306776503703827075e+01 1.535995758716010660e-03
-4.323329881571647881e+00 -5.998696698563004137e-01 1.051343385835694227e-01 7.306776503703827075e+01 1.535995758716010660e-03
-4.323329881571647881e+00 -5.998696698563004137e-01 1.051343385835694227e-01 7.306776503703827075e+01 1.535995758716010660e-03
-4.260743010982052326e+00 -5.823849486253213081e-01 9.910535007095588877e-02 7.688978509815019891e+01 1.645794588048647006e-03
-3.882032241030022757e+00 -5.349557816202141769e-01 1.110737753621990204e-01 8.690481716738077012e+01 1.506164240004803298e-03
-4.637613822532853369e+00 -4.896855811442056838e-01 9.611084395231792032e-02 7.583535032322411951e+01 1.698474478892213375e-03
-4.637613822532853369e+00 -4.896855811442056838e-01 9.611084395231792032e-02 7.583535032322411951e+01 1.698474478892213375e-03
-4.936899235574757405e+00 -5.060243696868841345e-01 1.091035247429699290e-01 7.481467989414055353e+01 9.814153201277583081e-04
-4.945866324200628661e+00 -5.132330603978914052e-01 9.867122651216382601e-02 7.585246430199759970e+01 1.177951699349596461e-03
-4.357073987429710193e+00 -5.271998968210337422e-01 1.289229057642351239e-01 7.014073381903928350e+01 1.177111862923196223e-03
-4.287545564531271225e+00 -5.075544957909501331e-01 1.281866300228938771e-01 7.005270931352711727e+01 1.322378536547249911e-03
-4.287545564531271225e+00 -5.075544957909501331e-01 1.281866300228938771e-01 7.005270931352711727e+01 1.322378536547249911e-03
-4.287545564531271225e+00 -5.075544957909501331e-01 1.281866300228938771e-01 7.005270931352711727e+01 1.322378536547249911e-03
-4.444503965055833561e+00 -5.245165214769714757e-01 1.173753707918071681e-01 6.914694311025965590e+01 1.551911695383899337e-03
-4.698673694777743215e+00 -5.812925737164363893e-01 1.206061286176799002e-01 7.164739293362494266e+01 9.817188995969372209e-04
-4.765017215654080651e+00 -5.931224852666024949e-01 1.079073581267853688e-01 7.251466922604015508e+01 1.105638639044055670e-03
-4.765017215654080651e+00 -5.931224852666024949e-01 1.079073581267853688e-01 7.251466922604015508e+01 1.105638639044055670e-03
-4.765017215654080651e+00 -5.931224852666024949e-01 1.079073581267853688e-01 7.251466922604015508e+01 1.105638639044055670e-03
-4.765017215654080651e+00 -5.931224852666024949e-01 1.079073581267853688e-01 7.251466922604015508e+01 1.105638639044055670e-03
-4.781384500700969653e+00 -5.356683403460601456e-01 1.174430178151931597e-01 6.765840537442177549e+01 1.382543402976787322e-03
-4.872362978868484795e+00 -5.066128987041400578e-01 1.158526872062519697e-01 7.256653232142014076e+01 1.022914764974601660e-03
-4.872362978868484795e+00 -5.066128987041400578e-01 1.158526872062519697e-01 7.256653232142014076e+01 1.022914764974601660e-03
-4.872362978868484795e+00 -5.066128987041400578e-01 1.158526872062519697e-01 7.256653232142014076e+01 1.022914764974601660e-03
-4.872362978868484795e+00 -5.066128987041400578e-01 1.158526872062519697e-01 7.256653232142014076e+01 1.022914764974601660e-03
-4.562039494591680011e+00 -4.962275274009492199e-01 1.309266781549781045e-01 6.382143086541439914e+01 1.753208384024870304e-03
-4.950853962564110589e+00 -4.621961688051628436e-01 1.462858908126413171e-01 6.953565707341684288e+01 1.291961323963012991e-03
-4.429901096640371350e+00 -4.589260748569907733e-01 1.373538863638200935e-01 7.080755976302842214e+01 1.167024487855371348e-03
-4.429901096640371350e+00 -4.589260748569907733e-01 1.373538863638200935e-01 7.080755976302842214e+01 1.167024487855371348e-03
-3.449821578260524380e+00 -5.131759037213314834e-01 1.542006156855957877e-01 8.063068869647717918e+01 9.725335923602082284e-04
-3.535402768787743177e+00 -5.156190511721215897e-01 1.566195980590472936e-01 7.007626689908981632e+01 1.388502681231189740e-03
-3.728261445838169319e+00 -5.485163827416521531e-01 1.758269586254379291e-01 6.676126859511214207e+01 9.249157783484381144e-04
-3.728261445838169319e+00 -5.485163827416521531e-01 1.758269586254379291e-01 6.676126859511214207e+01 9.249157783484381144e-04
-3.728261445838169319e+00 -5.485163827416521531e-01 1.758269586254379291e-01 6.676126859511214207e+01 9.249157783484381144e-04
-3.728261445838169319e+00 -5.485163827416521531e-01 1.758269586254379291e-01 6.676126859511214207e+01 9.249157783484381144e-04
-3.667494502524446975e+00 -5.960394486452492702e-01 1.960321608688449235e-01 6.998177269906383913e+01 1.081403959152475638e-03
-3.667494502524446975e+00 -5.960394486452492702e-01 1.960321608688449235e-01 6.998177269906383913e+01 1.081403959152475638e-03
-3.270006700893097751e+00 -6.248887960784544893e-01 1.895120804274136594e-01 7.550201598084041166e+01 1.394974281550057137e-03
-3.211015303340437832e+00 -5.586933839962924253e-01 1.654409861434844031e-01 7.702943716211201775e+01 1.071955407501523280e-03
-3.537727370150633099e+00 -5.828495142367462467e-01 1.407171408527826406e-01 8.441165284158591930e+01 1.081334641872235686e-03
-3.483898535256242379e+00 -6.300922809188729268e-01 1.600867595172385804e-01 8.709428439973856939e+01 1.945430329878372827e-03
-3.706437309060151009e+00 -6.620672770208950730e-01 1.421536321745920928e-01 8.129126761163249171e+01 1.245599791060768985e-03
-3.706437309060151009e+00 -6.620672770208950730e-01 1.421536321745920928e-01 8.129126761163249171e+01 1.245599791060768985e-03
-3.664338549767932829e+00 -6.437498570142641263e-01 1.236950305270046457e-01 7.025792702376554644e+01 1.634612317812818945e-03
-3.916410933240351167e+00 -6.184045595536786788e-01 1.343837852966040802e-01 7.225852479689262964e+01 9.925346807802060741e-04
-4.183115636213299737e+00 -6.219028362473270066e-01 1.349492854507218231e-01 7.211647139493241809e+01 9.205419700258319921e-04
-4.102802892787352995e+00 -6.320149681329867430e-01 1.521489467693638853e-01 7.047975237311955254e+01 9.691115006151566815e-04
-4.014241430672389477e+00 -5.595475892471633017e-01 1.716388507514886308e-01 7.382027846625740608e+01 1.236002667531106063e-03
-3.986175742333295968e+00 -5.409949372629335729e-01 1.434156737836888296e-01 7.320137886991666676e+01 9.686073240627562485e-04
-3.343130973889246516e+00 -5.980932788570633152e-01 1.548334026658040041e-01 8.124666978429112874e+01 9.982301876550916768e-04
-3.441361997775704396e+00 -6.329716844291749522e-01 1.840514899967120033e-01 7.325889843938355739e+01 1.136089645940737596e-03
-3.763049691897113469e+00 -6.112228105350452356e-01 1.723071159369783112e-01 7.352158225270764547e+01 1.102554585357505687e-03
-4.052349902594447606e+00 -6.051466848028931311e-01 1.467428040633124431e-01 7.083730711387011070e+01 9.079183835426441135e-04
-3.735930606379303409e+00 -5.804133117971693734e-01 1.424241661533792447e-01 6.510030426345861088e+01 1.688929310245075761e-03
-3.735930606379303409e+00 -5.804133117971693734e-01 1.424241661533792447e-01 6.510030426345861088e+01 1.688929310245075761e-03
-3.840483832163706701e+00 -6.140372784880702151e-01 1.356513338836058680e-01 6.496512459229771252e+01 1.650017069903761749e-03
-4.159289887014644194e+00 -5.975689895240563487e-01 1.712492129791487461e-01 6.247666006809175343e+01 1.113468901533714922e-03
-4.376243642841687098e+00 -6.186768110890441541e-01 1.624383853661652277e-01 6.099904898941444742e+01 1.287348926241599703e-03
-3.976083788526289187e+00 -5.818907358904220617e-01 1.491953578891926924e-01 6.827108188589461690e+01 9.752388376616567432e-04
-4.129505073052409436e+00 -5.248391009728193835e-01 1.674841198713903634e-01 6.354250719871474473e+01 1.127421696846956419e-03
-4.275803716655476094e+00 -5.681531094297069817e-01 1.431040616887886696e-01 6.711425254255050277e+01 1.077746459043069701e-03
-4.275803716655476094e+00 -5.681531094297069817e-01 1.431040616887886696e-01 6.711425254255050277e+01 1.077746459043069701e-03
-4.275803716655476094e+00 -5.681531094297069817e-01 1.431040616887886696e-01 6.711425254255050277e+01 1.077746459043069701e-03
-4.275803716655476094e+00 -5.681531094297069817e-01 1.431040616887886696e-01 6.711425254255050277e+01 1.077746459043069701e-03
-4.275803716655476094e+00 -5.681531094297069817e-01 1.431040616887886696e-01 6.711425254255050277e+01 1.077746459043069701e-03
-4.213031266770904892e+00 -4.745170167907032388e-01 1.564055210650122929e-01 7.698030877300254815e+01 1.197966102150160037e-03
-4.077804767744259706e+00 -5.168943399980828746e-01 1.666896073826348856e-01 7.703072110825786467e+01 1.354283477692746216e-03
-3.856613444661489254e+00 -5.017011879765836957e-01 1.885046137145014178e-01 8.295813574446501093e+01 2.089044559621122850e-03
-4.151508612283778987e+00 -4.711783990527519395e-01 1.972933763609795443e-01 7.812862241257046492e+01 2.328853715494363930e-03
-3.713594942846323299e+00 -4.142670848655565785e-01 1.930610954890981945e-01 8.822301571721101254e+01 1.840062604036476167e-03
-3.632676665249165548e+00 -4.415072486817697150e-01 1.895087096066861709e-01 7.394346210905220573e+01 9.746719528391366728e-04
-3.632676665249165548e+00 -4.415072486817697150e-01 1.895087096066861709e-01 7.394346210905220573e+01 9.746719528391366728e-04
-3.632676665249165548e+00 -4.415072486817697150e-01 1.895087096066861709e-01 7.394346210905220573e+01 9.746719528391366728e-04
-3.591151586994123956e+00 -3.938024238749515127e-01 1.958826634690276625e-01 7.615977399730991237e+01 1.125675984410960759e-03
-3.591151586994123956e+00 -3.938024238749515127e-01 1.958826634690276625e-01 7.615977399730991237e+01 1.125675984410960759e-03
-3.622963140338769428e+00 -3.868437576148864854e-01 1.946852847174405099e-01 7.531284040550616510e+01 1.235058643178764404e-03
-4.099704932197719920e+00 -3.882265634753561678e-01 1.922524967358871795e-01 7.752774127776467594e+01 1.402368957465551045e-03
-4.099704932197719920e+00 -3.882265634753561678e-01 1.922524967358871795e-01 7.752774127776467594e+01 1.402368957465551045e-03
-4.099704932197719920e+00 -3.882265634753561678e-01 1.922524967358871795e-01 7.752774127776467594e+01 1.402368957465551045e-03
-3.767717690760504112e+00 -3.797567115500666279e-01 1.665953245500554347e-01 7.636816840069042200e+01 1.570011203700482326e-03
-3.767717690760504112e+00 -3.797567115500666279e-01 1.665953245500554347e-01 7.636816840069042200e+01 1.570011203700482326e-03
-3.459196846003428583e+00 -3.422254157019953280e-01 1.895072254095839792e-01 8.179870501521141080e+01 1.676053187327099844e-03
-3.763066772522011050e+00 -3.682352691851105697e-01 1.604224200412247558e-01 7.796664599696545395e+01 1.816205326239961251e-03
-3.763066772522011050e+00 -3.682352691851105697e-01 1.604224200412247558e-01 7.796664599696545395e+01 1.816205326239961251e-03
-3.763066772522011050e+00 -3.682352691851105697e-01 1.604224200412247558e-01 7.796664599696545395e+01 1.816205326239961251e-03
-3.763066772522011050e+00 -3.682352691851105697e-01 1.604224200412247558e-01 7.796664599696545395e+01 1.816205326239961251e-03
-3.763066772522011050e+00 -3.682352691851105697e-01 1.604224200412247558e-01 7.796664599696545395e+01 1.816205326239961251e-03
-3.763066772522011050e+00 -3.682352691851105697e-01 1.604224200412247558e-01 7.796664599696545395e+01 1.816205326239961251e-03
-3.763066772522011050e+00 -3.682352691851105697e-01 1.604224200412247558e-01 7.796664599696545395e+01 1.816205326239961251e-03
-3.763066772522011050e+00 -3.682352691851105697e-01 1.604224200412247558e-01 7.796664599696545395e+01 1.816205326239961251e-03
-3.763066772522011050e+00 -3.682352691851105697e-01 1.604224200412247558e-01 7.796664599696545395e+01 1.816205326239961251e-03
-3.763066772522011050e+00 -3.682352691851105697e-01 1.604224200412247558e-01 7.796664599696545395e+01 1.816205326239961251e-03
-3.763066772522011050e+00 -3.682352691851105697e-01 1.604224200412247558e-01 7.796664599696545395e+01 1.816205326239961251e-03
-3.763066772522011050e+00 -3.682352691851105697e-01 1.604224200412247558e-01 7.796664599696545395e+01 1.816205326239961251e-03
-3.867505981392801662e+00 -4.084803441135850255e-01 1.581406522859347963e-01 7.649534065084419865e+01 1.302658981306803118e-03
-3.867505981392801662e+00 -4.084803441135850255e-01 1.581406522859347963e-01 7.649534065084419865e+01 1.302658981306803118e-03
-4.205225368062247782e+00 -4.245480603080584170e-01 1.841091620291983866e-01 7.741243011444665001e+01 1.652588026270597216e-03
-3.993911046341105386e+00 -4.552265132507287704e-01 1.523029084373710984e-01 8.008245335413198518e+01 1.116777415635562647e-03
-3.993911046341105386e+00 -4.552265132507287704e-01 1.523029084373710984e-01 8.008245335413198518e+01 1.116777415635562647e-03
-3.674795886592305383e+00 -4.228958729364230007e-01 1.733586973137116183e-01 8.165730442030721292e+01 1.185013165801280643e-03
-3.674795886592305383e+00 -4.228958729364230007e-01 1.733586973137116183e-01 8.165730442030721292e+01 1.185013165801280643e-03
-3.841673535041060017e+00 -3.763744699117717585e-01 1.589072643163684240e-01 8.120655337831713894e+01 1.428271835996665177e-03
-3.174761722638968831e+00 -5.161934593809316407e-01 1.775960735435935522e-01 8.283527482993657998e+01 1.430129633101931592e-03
-3.174761722638968831e+00 -5.161934593809316407e-01 1.775960735435935522e-01 8.283527482993657998e+01 1.430129633101931592e-03
-3.317472295828307161e+00 -5.338239776891515742e-01 1.949810025782014455e-01 7.439165931593188930e+01 1.055231090954146349e-03
-3.361754005419836044e+00 -5.056438298797415465e-01 1.662047850043442132e-01 8.322942384078615419e+01 1.017072570284329033e-03
-3.402444000800190160e+00 -5.288691591028406025e-01 1.419934114490458976e-01 8.551707116459107283e+01 1.078377415455803595e-03
-3.402444000800190160e+00 -5.288691591028406025e-01 1.419934114490458976e-01 8.551707116459107283e+01 1.078377415455803595e-03
-3.781327942974900935e+00 -5.249470307668048230e-01 1.315177871289090750e-01 8.647217183039356314e+01 1.308016782714963109e-03
-3.785973068222256099e+00 -4.546684123110333875e-01 1.516096756379502197e-01 8.857923299841010589e+01 1.507554240843035111e-03
-4.009455462096775946e+00 -5.221883830865846621e-01 1.607864606807040408e-01 8.683980403399374381e+01 2.246990441883403491e-03
-4.281057832328558632e+00 -5.156476476224219896e-01 1.529662782182393266e-01 8.706545831300073246e+01 2.547475675132168920e-03
-4.168740380114503985e+00 -4.905342107482286718e-01 1.229343686680990783e-01 8.249316869070921143e+01 1.140972303064223103e-03
-4.495860653098093351e+00 -4.699544691412744779e-01 1.258441031045829661e-01 8.159474423849361813e+01 1.103052291690540844e-03
-4.422695131475863128e+00 -4.574182320445642214e-01 1.182039539930213046e-01 7.648846096754537882e+01 1.180868548128610057e-03
-4.422695131475863128e+00 -4.574182320445642214e-01 1.182039539930213046e-01 7.648846096754537882e+01 1.180868548128610057e-03
-4.798479794474739712e+00 -5.129674819139353747e-01 1.126783912559015249e-01 6.984566525792314451e+01 1.346258280319515346e-03
-4.690624132355031506e+00 -5.144022622641450937e-01 9.938221205437881844e-02 6.964161540697467956e+01 2.191842881148149506e-03
-4.715903917682206625e+00 -4.916057962846781537e-01 1.176602003225543369e-01 6.760660104595125119e+01 1.580654336577836912e-03
-4.649139465944368332e+00 -4.730813619084391353e-01 1.271199998835698952e-01 7.714617679258066119e+01 1.020277917187285095e-03
-4.649139465944368332e+00 -4.730813619084391353e-01 1.271199998835698952e-01 7.714617679258066119e+01 1.020277917187285095e-03
-4.607496358985791574e+00 -4.384320709427056428e-01 1.258666784136395767e-01 8.721046143706017517e+01 1.510393140367493302e-03
-4.420693212347479140e+00 -4.588165400063678456e-01 1.278771887452490874e-01 7.264518078282961255e+01 1.205238429805169723e-03
-3.597482714231684309e+00 -5.093316658849501577e-01 1.582466741572754743e-01 8.425918263910345729e+01 1.151888294587322201e-03
-3.967337706908852013e+00 -5.081547095122249669e-01 1.439996682942674133e-01 8.351165890118522839e+01 1.299755379746801807e-03
-3.967337706908852013e+00 -5.081547095122249669e-01 1.439996682942674133e-01 8.351165890118522839e+01 1.299755379746801807e-03
-4.105456917091595770e+00 -5.305560564366335052e-01 1.299056622137380046e-01 8.983636840238450816e+01 1.810528831725203951e-03
-4.553934053548443828e+00 -4.578484926937597121e-01 1.162421670521581046e-01 8.769093970603714183e+01 1.262170226929523308e-03
-4.553934053548443828e+00 -4.578484926937597121e-01 1.162421670521581046e-01 8.769093970603714183e+01 1.262170226929523308e-03
-4.264367180904791610e+00 -4.804304267376132698e-01 1.330895160298180002e-01 8.133860603055313732e+01 1.141601312000574148e-03
-4.029338457526082884e+00 -5.088712775375300312e-01 1.050247946344920191e-01 8.798298920919648936e+01 1.574889396206275577e-03
-4.368182333724632826e+00 -5.065813064008077848e-01 1.328343648352828532e-01 8.497687702529754006e+01 1.545988904840651934e-03
-4.368182333724632826e+00 -5.065813064008077848e-01 1.328343648352828532e-01 8.497687702529754006e+01 1.545988904840651934e-03
-4.993049434861794644e+00 -5.217968093226200699e-01 1.170796554200335959e-01 8.526510771246516640e+01 1.502202929419796775e-03
-4.993049434861794644e+00 -5.217968093226200699e-01 1.170796554200335959e-01 8.526510771246516640e+01 1.502202929419796775e-03
-4.917845073010888690e+00 -5.503025054740195987e-01 1.084075138105874414e-01 8.765499611825738668e+01 1.399763188500028135e-03
-4.738128215941721955e+00 -5.454968088093338219e-01 1.088030555857111698e-01 8.841945580811179184e+01 1.373358655524393752e-03
-4.584050693652178765e+00 -5.681924165690165340e-01 8.673833662978991388e-02 8.590430290610123620e+01 1.252310853675752886e-03
-4.779698041738790870e+00 -5.978606074477195165e-01 1.223385689416871258e-01 8.693063951466726280e+01 1.965319388522331588e-03
-4.712019648415528117e+00 -6.565104554398609737e-01 1.156915347133197769e-01 8.974029110251106545e+01 2.092644453623893064e-03
-4.253910633678968267e+00 -6.384865249878992621e-01 1.225888524383162703e-01 7.658292321054408092e+01 9.417128792570744148e-04
-4.253910633678968267e+00 -6.384865249878992621e-01 1.225888524383162703e-01 7.658292321054408092e+01 9.417128792570744148e-04
-4.253910633678968267e+00 -6.384865249878992621e-01 1.225888524383162703e-01 7.658292321054408092e+01 9.417128792570744148e-04
-4.343966328610036953e+00 -7.454344513131098138e-01 1.103253407486360638e-01 7.004296444355692586e+01 1.223819830164485888e-03
-4.660297139017437473e+00 -7.494914679385266121e-01 8.747591160200765548e-02 7.258689974439383263e+01 1.990349334166286420e-03
-4.786658584571550357e+00 -7.210152518970537328e-01 1.043637003941241120e-01 7.443955891453170182e+01 9.414846521634775457e-04
-4.786658584571550357e+00 -7.210152518970537328e-01 1.043637003941241120e-01 7.443955891453170182e+01 9.414846521634775457e-04
-4.311789246637953710e+00 -7.941051691646987543e-01 9.632425886729752140e-02 7.838164302004381057e+01 1.136785427373036882e-03
-4.067221968459395320e+00 -7.745642715856008165e-01 1.028494749623785481e-01 7.714894125444996575e+01 1.157911408262202006e-03
-4.638924890924383426e+00 -8.630056950925734105e-01 1.034700235127051088e-01 7.562284974754466305e+01 8.948010375105235233e-04
-4.509908415585902830e+00 -9.478670694038883182e-01 1.145627239270966269e-01 7.464087607684601267e+01 8.822693567311888380e-04
-4.538761930251064669e+00 -9.029780502021506061e-01 9.751277996312462948e-02 7.699034595766168820e+01 9.783375847195029812e-04
-4.674631084503459100e+00 -9.123317124939592793e-01 9.394645196210764382e-02 7.478242489364104983e+01 1.159675707835960187e-03
-4.898402919639330833e+00 -9.583745571932513752e-01 9.880953262033777273e-02 7.108655434482366786e+01 1.163935702400149385e-03
-4.643527839766918852e+00 -8.723278958627178614e-01 1.096553890628628458e-01 7.084895996814444175e+01 9.549773354670899536e-04
-4.712673355562292166e+00 -9.036831553976282239e-01 1.120574273196054682e-01 7.053215985865595883e+01 9.076808643905221689e-04
-4.712673355562292166e+00 -9.036831553976282239e-01 1.120574273196054682e-01 7.053215985865595883e+01 9.076808643905221689e-04
-4.712673355562292166e+00 -9.036831553976282239e-01 1.120574273196054682e-01 7.053215985865595883e+01 9.076808643905221689e-04
-4.712673355562292166e+00 -9.036831553976282239e-01 1.120574273196054682e-01 7.053215985865595883e+01 9.076808643905221689e-04
-4.423472325151805329e+00 -8.679611958709609887e-01 1.211906653026433162e-01 6.168932463349318596e+01 1.546703332855135565e-03
-4.423472325151805329e+00 -8.679611958709609887e-01 1.211906653026433162e-01 6.168932463349318596e+01 1.546703332855135565e-03
-3.973182425654323335e+00 -9.398255694618770084e-01 1.276695184040624320e-01 7.532396581441794581e+01 1.018904862224747276e-03
-3.973182425654323335e+00 -9.398255694618770084e-01 1.276695184040624320e-01 7.532396581441794581e+01 1.018904862224747276e-03
-4.062610495485822426e+00 -9.427061838016921325e-01 1.422032999049904212e-01 7.351573819798765896e+01 1.309126874442991841e-03
-4.062610495485822426e+00 -9.427061838016921325e-01 1.422032999049904212e-01 7.351573819798765896e+01 1.309126874442991841e-03
-4.062610495485822426e+00 -9.427061838016921325e-01 1.422032999049904212e-01 7.351573819798765896e+01 1.309126874442991841e-03
-4.280490811157582343e+00 -9.866419035878297716e-01 1.478572659762540376e-01 6.356814639268988998e+01 1.057070913315560998e-03
-3.961551400975865000e+00 -9.304195571806700427e-01 1.513606475134067486e-01 6.120959596248324175e+01 1.026402131679188647e-03
-3.961551400975865000e+00 -9.304195571806700427e-01 1.513606475134067486e-01 6.120959596248324175e+01 1.026402131679188647e-03
-3.764859941497782803e+00 -9.251364836571922545e-01 1.557872597741783161e-01 6.615850414916675959e+01 9.949124590578890641e-04
-3.956130150749173957e+00 -9.773315347176956269e-01 1.479184713530664885e-01 6.364298774150744720e+01 9.594954650712205629e-04
-3.956130150749173957e+00 -9.773315347176956269e-01 1.479184713530664885e-01 6.364298774150744720e+01 9.594954650712205629e-04
-3.743614376399045707e+00 -9.239595952938289836e-01 1.491732305994570296e-01 6.192619713434581286e+01 9.940719777156495612e-04
-3.549466340045204227e+00 -9.154082823552008863e-01 1.443396381949721974e-01 6.236838735750443874e+01 1.084760596919889537e-03
-3.590994353551712148e+00 -9.384224528132221188e-01 1.694416459888218596e-01 6.055157151106485003e+01 1.080195492876333437e-03
-3.590994353551712148e+00 -9.384224528132221188e-01 1.694416459888218596e-01 6.055157151106485003e+01 1.080195492876333437e-03
-3.454125914207558878e+00 -9.615076373969606571e-01 1.423754064716829248e-01 6.170423812584321865e+01 1.144844699466152646e-03
-3.084269420620577407e+00 -9.332774202096566496e-01 1.309176001019680402e-01 6.205317072057947314e+01 1.615349270518984248e-03
-3.378532127912677652e+00 -8.611913943075100164e-01 1.137502787532423260e-01 6.258601186151057050e+01 2.562574262552541962e-03
-3.787771090313426292e+00 -8.441667404768895544e-01 1.166113235081255445e-01 6.134120348922107269e+01 2.310193679313224911e-03
-4.223536737704320920e+00 -8.600392691723491856e-01 1.332917573262893951e-01 7.092387688847095717e+01 9.353986930963634422e-04
-4.223536737704320920e+00 -8.600392691723491856e-01 1.332917573262893951e-01 7.092387688847095717e+01 9.353986930963634422e-04
-4.593511158308519526e+00 -8.663119434156599796e-01 1.475740266839960235e-01 7.205701129662676863e+01 1.608284212426903080e-03
-4.300415227673712870e+00 -8.328059609617153303e-01 1.454095120586357537e-01 6.846474287867773967e+01 1.077024653606162459e-03
-4.628829126679901762e+00 -8.038919407039689657e-01 1.254327550333947383e-01 7.055284655623968604e+01 9.148849489833454961e-04
-4.628829126679901762e+00 -8.038919407039689657e-01 1.254327550333947383e-01 7.055284655623968604e+01 9.148849489833454961e-04
-4.581713773947224233e+00 -8.109510695902065747e-01 1.265984295108863456e-01 6.348743254603513719e+01 1.207238240580170169e-03
-4.881707723999163306e+00 -8.648732133312544423e-01 1.358713779653772102e-01 6.359120900614632177e+01 1.064443508005811449e-03
-4.470782307161269564e+00 -9.197258480888754750e-01 1.158928177577399493e-01 6.933664642520936638e+01 9.313316110711955748e-04
-4.470782307161269564e+00 -9.197258480888754750e-01 1.158928177577399493e-01 6.933664642520936638e+01 9.313316110711955748e-04
-4.470782307161269564e+00 -9.197258480888754750e-01 1.158928177577399493e-01 6.933664642520936638e+01 9.313316110711955748e-04
-4.470782307161269564e+00 -9.197258480888754750e-01 1.158928177577399493e-01 6.933664642520936638e+01 9.313316110711955748e-04
-4.468452012055245781e+00 -9.593302803471422946e-01 1.208141109842782723e-01 6.689224014712684152e+01 9.682444085964122876e-04
-4.468452012055245781e+00 -9.593302803471422946e-01 1.208141109842782723e-01 6.689224014712684152e+01 9.682444085964122876e-04
-3.754297689284074480e+00 -9.201087162775893891e-01 1.177557945102232079e-01 7.051289840331371295e+01 9.895275358175208060e-04
-3.805477914347006774e+00 -8.361156139370342633e-01 1.183028921665416899e-01 7.154170897798711337e+01 1.010234667571747059e-03
-3.541378726578784164e+00 -8.711580745768868761e-01 1.026509931124522657e-01 7.292497573789140120e+01 1.589333432033530761e-03
-3.372128022145802984e+00 -9.448138806386160438e-01 1.066748047959735907e-01 6.848814652330381136e+01 1.739666739348320803e-03
-3.372128022145802984e+00 -9.448138806386160438e-01 1.066748047959735907e-01 6.848814652330381136e+01 1.739666739348320803e-03
-3.417731817973922670e+00 -9.173168655921873915e-01 1.000373332011671862e-01 7.255168132066356179e+01 1.679916515328982660e-03
-3.734118368346405870e+00 -9.193613860715278419e-01 1.038630017178709675e-01 7.500973020044813211e+01 1.173078745118474658e-03
-3.734118368346405870e+00 -9.193613860715278419e-01 1.038630017178709675e-01 7.500973020044813211e+01 1.173078745118474658e-03
-3.514298073523832944e+00 -9.153724535326210887e-01 1.019287984970906058e-01 8.906133740473966043e+01 1.378383931088130159e-03
-4.087074201114765160e+00 -8.808763561832710920e-01 1.158362672120159670e-01 8.623560629682590672e+01 1.708665550064738387e-03
-4.077896420678388090e+00 -8.494219655141495018e-01 1.073352725552436104e-01 8.805343518303320138e+01 1.573934534394041528e-03
-4.232828291896501227e+00 -8.429080760406867379e-01 1.233127597033869538e-01 8.483637937631731063e+01 1.857879298354078636e-03
-4.284799147515726325e+00 -8.582369200247681462e-01 9.123440823083758811e-02 8.999739552893963435e+01 1.399448668181067952e-03
-4.688993634539606603e+00 -9.366792348251140599e-01 1.026640746301737267e-01 8.973465988732472454e+01 1.837256634444050900e-03
-4.440740668665888791e+00 -9.625834146663901913e-01 1.146754124841367073e-01 8.639044295200436352e+01 1.928170757705032282e-03
-4.230927183817524195e+00 -9.621254756376274031e-01 1.102707618475479712e-01 8.380372301058882556e+01 1.366252104609636583e-03
-3.955639731137452486e+00 -9.399381152259365102e-01 1.059352404101021605e-01 7.387381669888954150e+01 1.052615778509527478e-03
-3.952489892002005956e+00 -9.347350462064757393e-01 9.982570933953760495e-02 8.476115831368579734e+01 1.200180352299650300e-03
-3.952489892002005956e+00 -9.347350462064757393e-01 9.982570933953760495e-02 8.476115831368579734e+01 1.200180352299650300e-03
-3.952489892002005956e+00 -9.347350462064757393e-01 9.982570933953760495e-02 8.476115831368579734e+01 1.200180352299650300e-03
-4.028869606138429482e+00 -8.934186914344507402e-01 9.924386198498813538e-02 8.009690109891288046e+01 1.077747268295202454e-03
-4.028869606138429482e+00 -8.934186914344507402e-01 9.924386198498813538e-02 8.009690109891288046e+01 1.077747268295202454e-03
-4.189005860785825597e+00 -8.064382296899159641e-01 9.279196622337169964e-02 8.111151969816299356e+01 1.233468483069729334e-03
-4.401543143256029467e+00 -8.002936557910236282e-01 9.139158896910321017e-02 8.549362322462050656e+01 1.134164228864477722e-03
-4.232538306655142968e+00 -7.851068941141678970e-01 1.162940719341731821e-01 7.759031291736793889e+01 9.449770822979363175e-04
-4.087720305407450461e+00 -8.030017907843433056e-01 9.127052103861688082e-02 7.998973465698648511e+01 1.432131256790074563e-03
-3.679153868516635839e+00 -7.951055675038631865e-01 9.428929353086042131e-02 8.780999975238904653e+01 1.458594749183055993e-03
-3.679153868516635839e+00 -7.951055675038631865e-01 9.428929353086042131e-02 8.780999975238904653e+01 1.458594749183055993e-03
-4.038939121757577411e+00 -8.569262112378340790e-01 1.066522863124777509e-01 8.788153413655349766e+01 1.532286282478221261e-03
-4.038939121757577411e+00 -8.569262112378340790e-01 1.066522863124777509e-01 8.788153413655349766e+01 1.532286282478221261e-03
-3.583690158232340384e+00 -9.086655899830122785e-01 1.045824994247138290e-01 8.937600479060061787e+01 1.499801791557162957e-03
-4.262523768780503097e+00 -9.516102934099255339e-01 8.040236422340148181e-02 8.470834603139371666e+01 1.460090689732327501e-03
-3.734010338776487359e+00 -9.189480154036525628e-01 9.596015504185109735e-02 8.202395931537947149e+01 1.210478296121557905e-03
-3.853693927500231098e+00 -9.273255732577714294e-01 1.073961689319000712e-01 8.114847450558748676e+01 1.049338653101512461e-03
-3.355451096058668092e+00 -8.275140183186159293e-01 1.144160669811826181e-01 8.857382740080520023e+01 1.389009098214496508e-03
-3.355451096058668092e+00 -8.275140183186159293e-01 1.144160669811826181e-01 8.857382740080520023e+01 1.389009098214496508e-03
-3.318927090513283940e+00 -7.790626526914045114e-01 8.960752656902376545e-02 8.063933747359146764e+01 2.054270440598215865e-03
-3.487910266414266935e+00 -7.686505447794917956e-01 9.651542041374520930e-02 7.744416116028715180e+01 1.863866006978651645e-03
-4.239926611411044988e+00 -7.584286960948269929e-01 9.569867833829596993e-02 8.188771079147474552e+01 1.146910657485310670e-03
-3.993864789266341031e+00 -7.256213091240615309e-01 1.079354917383690549e-01 8.056350356765501886e+01 1.084258103703833118e-03
-3.973352662443363936e+00 -7.283799457303623548e-01 1.164725502872678287e-01 7.371596738937950022e+01 1.050289634589531354e-03
-3.973352662443363936e+00 -7.283799457303623548e-01 1.164725502872678287e-01 7.371596738937950022e+01 1.050289634589531354e-03
-3.826198387369410980e+00 -6.822353023242886394e-01 1.062476473780747943e-01 8.014185792592076041e+01 1.298677321348416444e-03
-3.227868740383593948e+00 -7.998024190011949752e-01 1.171864180411633927e-01 6.977641375827344916e+01 1.558973283155959790e-03
-3.125846313539092591e+00 -7.479915536094928763e-01 1.107960412350360441e-01 7.066196531447918971e+01 1.900865239304904515e-03
-3.117186524582735707e+00 -7.675274650079259020e-01 1.089134699005131351e-01 7.269319238477540068e+01 1.592473260097248926e-03
-3.576943114267239654e+00 -8.281701003254523519e-01 1.231375740812716973e-01 7.046145517015925464e+01 1.053378278897595987e-03
-4.599668678000599087e+00 -7.863589073447020406e-01 1.258507022678047038e-01 7.991690993805620735e+01 1.474022690068631323e-03
-4.449907038849177709e+00 -7.449449899603457492e-01 1.141737570019660947e-01 7.936065787547914852e+01 9.955238626004766188e-04
-4.449907038849177709e+00 -7.449449899603457492e-01 1.141737570019660947e-01 7.936065787547914852e+01 9.955238626004766188e-04
-4.449907038849177709e+00 -7.449449899603457492e-01 1.141737570019660947e-01 7.936065787547914852e+01 9.955238626004766188e-04
-4.449907038849177709e+00 -7.449449899603457492e-01 1.141737570019660947e-01 7.936065787547914852e+01 9.955238626004766188e-04
-4.449907038849177709e+00 -7.449449899603457492e-01 1.141737570019660947e-01 7.936065787547914852e+01 9.955238626004766188e-04
-4.084868952023185784e+00 -7.795709652974586179e-01 1.220077239602893049e-01 7.910729410710197840e+01 1.066742497785787931e-03
-3.940631526126846307e+00 -7.595888903432796990e-01 1.534648308958449781e-01 7.190239028562376689e+01 1.116941293394785447e-03
-3.940631526126846307e+00 -7.595888903432796990e-01 1.534648308958449781e-01 7.190239028562376689e+01 1.116941293394785447e-03
-3.940631526126846307e+00 -7.595888903432796990e-01 1.534648308958449781e-01 7.190239028562376689e+01 1.116941293394785447e-03
-3.768055220212052081e+00 -7.249507095808188639e-01 1.284756073313710889e-01 7.145494913537869763e+01 9.845243782059007014e-04
-3.300154829277150093e+00 -7.001845178779753098e-01 1.225285868412697293e-01 8.581138863728935462e+01 1.028550227380741009e-03
-3.568765022501492190e+00 -6.241582742561143649e-01 1.268746514418687965e-01 7.758013962084709192e+01 1.109293101739587586e-03
-3.851832928500719344e+00 -6.216023463606725752e-01 1.320250184497078483e-01 8.184761173714723270e+01 1.135725103868951823e-03
-4.284971653180694950e+00 -5.674197981999207219e-01 1.112848545626341779e-01 7.247371427979456371e+01 1.476658062835329872e-03
-3.786722176197208078e+00 -5.682930370231160655e-01 1.127889109080959101e-01 7.497785232384461551e+01 1.969047343571002622e-03
-3.797687674340966435e+00 -4.877496523594518352e-01 9.868407020941157015e-02 7.728336074313237702e+01 3.612868440285734502e-03
-4.264661961970183768e+00 -4.342855299636214084e-01 1.135048167470384672e-01 7.672934397743354396e+01 1.729387861334720760e-03
-4.666513801345509194e+00 -5.551451084523255641e-01 1.363577751412558825e-01 6.938583442894821474e+01 1.070913725882606787e-03
-4.666513801345509194e+00 -5.551451084523255641e-01 1.363577751412558825e-01 6.938583442894821474e+01 1.070913725882606787e-03
-4.720675462816018353e+00 -5.358623323617125456e-01 1.215695197916932258e-01 7.214116396981093260e+01 1.002379590309829304e-03
-4.720675462816018353e+00 -5.358623323617125456e-01 1.215695197916932258e-01 7.214116396981093260e+01 1.002379590309829304e-03
-4.698458072087171367e+00 -4.952070919346504008e-01 1.117985558088199355e-01 8.390390981108070889e+01 1.032607310841723511e-03
-4.575283694902998022e+00 -5.194071214685993532e-01 1.040169359263709015e-01 8.023137392292474601e+01 1.026912438883936622e-03
-4.575283694902998022e+00 -5.194071214685993532e-01 1.040169359263709015e-01 8.023137392292474601e+01 1.026912438883936622e-03
-4.575283694902998022e+00 -5.194071214685993532e-01 1.040169359263709015e-01 8.023137392292474601e+01 1.026912438883936622e-03
-4.710272027547843798e+00 -4.997147945081424902e-01 1.079808000294374265e-01 8.445288728975661741e+01 1.002798081933349919e-03
-4.710272027547843798e+00 -4.997147945081424902e-01 1.079808000294374265e-01 8.445288728975661741e+01 1.002798081933349919e-03
-4.765314446374736335e+00 -4.905099068468141699e-01 1.360478351743112935e-01 7.028882659047067705e+01 1.109038605270892992e-03
