-4.867449164757133850e+00 -3.584448305718511696e-01 1.035886135953079518e-01 8.416797566465918123e+01 1.013202109988053760e-03
-4.867449164757133850e+00 -3.584448305718511696e-01 1.035886135953079518e-01 8.416797566465918123e+01 1.013202109988053760e-03
-4.939319351090231791e+00 -3.968420354541019046e-01 1.163099543987932416e-01 8.630639368279011592e+01 1.253385517218287819e-03
-4.939319351090231791e+00 -3.968420354541019046e-01 1.163099543987932416e-01 8.630639368279011592e+01 1.253385517218287819e-03
-4.939319351090231791e+00 -3.968420354541019046e-01 1.163099543987932416e-01 8.630639368279011592e+01 1.253385517218287819e-03
-4.939319351090231791e+00 -3.968420354541019046e-01 1.163099543987932416e-01 8.630639368279011592e+01 1.253385517218287819e-03
-4.728255615743472084e+00 -4.266341008211073094e-01 1.173694279818428277e-01 8.615645116938905801e+01 1.202220168247127756e-03
-4.728255615743472084e+00 -4.266341008211073094e-01 1.173694279818428277e-01 8.615645116938905801e+01 1.202220168247127756e-03
-4.766837650750844091e+00 -3.866125246996766074e-01 1.177946543794977097e-01 8.828971926611627907e+01 1.299084252645144868e-03
-4.766837650750844091e+00 -3.866125246996766074e-01 1.177946543794977097e-01 8.828971926611627907e+01 1.299084252645144868e-03
-4.668085333465623599e+00 -4.153163838421878862e-01 1.173257074634194291e-01 8.767901873110402278e+01 1.247713741556960923e-03
-4.674456062548369317e+00 -4.008783132050077747e-01 1.136125151545918643e-01 8.069126324249559445e+01 1.027887924865502657e-03
-4.674456062548369317e+00 -4.008783132050077747e-01 1.136125151545918643e-01 8.069126324249559445e+01 1.027887924865502657e-03
-4.786253204324934174e+00 -3.892860877366788874e-01 1.183006806549917189e-01 7.813957665674139719e+01 1.029366702828474547e-03
-4.786253204324934174e+00 -3.892860877366788874e-01 1.183006806549917189e-01 7.813957665674139719e+01 1.029366702828474547e-03
-4.786253204324934174e+00 -3.892860877366788874e-01 1.183006806549917189e-01 7.813957665674139719e+01 1.029366702828474547e-03
-4.423570999071159804e+00 -4.166009986485755823e-01 1.094299532513125506e-01 8.436813648721310699e+01 1.203841250568525763e-03
-4.574411018708233634e+00 -4.451350355178867457e-01 1.130116920073160058e-01 8.327070684093011721e+01 1.009234252625194981e-03
-4.841744295997836289e+00 -5.381212319529388166e-01 1.082190235943008838e-01 7.198519356684552406e+01 1.191723719976414859e-03
-4.888068264514181749e+00 -5.711954072486168377e-01 1.233290529512619804e-01 7.955174664394323258e+01 1.221977866919214326e-03
-4.888068264514181749e+00 -5.711954072486168377e-01 1.233290529512619804e-01 7.955174664394323258e+01 1.221977866919214326e-03
-4.518271332942559226e+00 -6.162177245694410166e-01 1.240472578548262317e-01 8.310147361795743848e+01 1.427122398666006093e-03
-4.600137467817401848e+00 -6.059001212390191515e-01 1.295721671164893063e-01 6.854788307072897169e+01 1.047444832872909551e-03
-4.774771659750397745e+00 -5.910759592819584407e-01 1.480905876242364916e-01 7.384037020353856917e+01 1.605710960546106623e-03
-4.220224062196091808e+00 -6.539766385361888146e-01 1.516055985640523407e-01 8.639203264160018136e+01 2.949735764422840335e-03
-4.000308999133556753e+00 -6.775261496287694474e-01 1.467975842473663584e-01 7.134605564413898549e+01 9.113478141165999406e-04
-3.294883619765860416e+00 -6.657557075207385378e-01 1.454598566626852663e-01 7.291383365634212055e+01 9.547020831133221953e-04
-4.229439744215786057e+00 -6.605652876157459552e-01 1.482919554437162890e-01 6.964908253246365177e+01 9.995733321115660239e-04
-4.616281220829590026e+00 -6.923982267881939601e-01 1.520715202211627426e-01 6.431811415961237799e+01 1.228459772862900735e-03
-4.689377512364694134e+00 -7.316423632602055971e-01 1.552753187862171425e-01 6.331698691032570991e+01 1.302323602846979129e-03
-4.720536507515852520e+00 -7.196702531476206754e-01 1.546853930363608354e-01 6.699203319872565032e+01 1.413196272517314514e-03
-4.720536507515852520e+00 -7.196702531476206754e-01 1.546853930363608354e-01 6.699203319872565032e+01 1.413196272517314514e-03
-4.999353708635750237e+00 -6.829442504283470550e-01 1.525323500212600880e-01 7.694506847994786369e+01 2.491076478124073807e-03
-4.470851112967609176e+00 -6.944695591670704271e-01 1.340618765727226158e-01 7.545310350513699404e+01 1.179417712111185870e-03
-4.444836525117406012e+00 -6.509107776308213911e-01 1.485344101982565557e-01 7.085711572646769696e+01 1.212860257373074308e-03
-3.696932905359715527e+00 -5.919687909135327164e-01 1.471025253651244424e-01 6.279724548416630370e+01 1.812303896732691492e-03
-3.404407248927386664e+00 -5.506443751673104625e-01 1.468848621720764136e-01 7.972238785596189814e+01 9.750172245901538807e-04
-3.030906692146946746e+00 -5.070028426745089023e-01 1.470598906283995255e-01 7.243198753303705928e+01 1.732676981447111783e-03
-3.287275467207669166e+00 -4.921676255471884587e-01 1.516993759081950721e-01 7.088608318421984222e+01 2.164161229699286017e-03
-3.314733996386546089e+00 -4.557607214971486354e-01 1.582211528138778855e-01 6.998116615212562408e+01 2.514157822436771834e-03
-3.428893005883825396e+00 -4.194206285480181484e-01 1.613593481442297528e-01 8.434872408134424404e+01 1.242062677540588245e-03
-3.370482713888355075e+00 -5.077647365958698478e-01 1.708113683977349195e-01 8.609495904580512615e+01 1.233799608886519813e-03
-3.075169815971801057e+00 -5.038896684240717905e-01 1.684544563110821902e-01 8.707388365998029656e+01 2.211057510595171825e-03
-3.588181999833894409e+00 -5.034184920591409096e-01 1.568901335838477629e-01 7.299167496639056196e+01 1.191724678314030287e-03
-3.356946824589640777e+00 -4.961959302038212449e-01 1.517612294459368405e-01 8.191585688682796729e+01 1.055942497863169346e-03
-3.291126354476916926e+00 -4.873898595294650637e-01 1.519469862128152715e-01 8.162382377499071140e+01 1.105494568614806767e-03
-3.521258963368978812e+00 -4.781664778098154711e-01 1.690122011270163704e-01 7.924743275757084859e+01 9.325068128144381983e-04
-3.321503445933482457e+00 -5.221388443212668928e-01 1.775169774916966758e-01 7.372072993017607700e+01 1.017635382876720803e-03
-3.321503445933482457e+00 -5.221388443212668928e-01 1.775169774916966758e-01 7.372072993017607700e+01 1.017635382876720803e-03
-3.516250368323561748e+00 -5.098792616228167152e-01 1.867682209662305803e-01 7.576666071066256336e+01 9.141883937997777494e-04
-3.516250368323561748e+00 -5.098792616228167152e-01 1.867682209662305803e-01 7.576666071066256336e+01 9.141883937997777494e-04
-3.529259193717801502e+00 -5.264299316668098472e-01 1.825267570023943742e-01 7.556916706053441146e+01 9.110612105482172179e-04
-4.175760062369981540e+00 -5.514398098374057033e-01 1.536977719211251037e-01 7.439580760077180344e+01 1.107690658654590220e-03
-3.865831723652697782e+00 -5.239254049553530024e-01 1.494041996492360136e-01 7.418459280641455678e+01 9.830972470738713956e-04
-3.206587224527621238e+00 -4.805972125469292755e-01 1.536512895149512170e-01 8.041784901031063271e+01 1.252208558118537377e-03
-3.355222728336683780e+00 -4.273893974663027784e-01 1.572828177340019340e-01 7.635120691971989970e+01 1.964218547473435723e-03
-3.355222728336683780e+00 -4.273893974663027784e-01 1.572828177340019340e-01 7.635120691971989970e+01 1.964218547473435723e-03
-3.355222728336683780e+00 -4.273893974663027784e-01 1.572828177340019340e-01 7.635120691971989970e+01 1.964218547473435723e-03
-3.135815717264968772e+00 -4.401284991495759691e-01 1.413623413793956007e-01 8.930945904652564593e+01 1.216832197842687702e-03
-3.135815717264968772e+00 -4.401284991495759691e-01 1.413623413793956007e-01 8.930945904652564593e+01 1.216832197842687702e-03
-3.135815717264968772e+00 -4.401284991495759691e-01 1.413623413793956007e-01 8.930945904652564593e+01 1.216832197842687702e-03
-4.216118657516760848e+00 -4.037848797757291885e-01 1.426873283823527072e-01 8.733425800215309209e+01 1.534634042326594051e-03
-3.078698982852484001e+00 -4.172275366224209026e-01 1.372579349515735403e-01 8.270097758492023843e+01 1.853756326881268388e-03
-3.078698982852484001e+00 -4.172275366224209026e-01 1.372579349515735403e-01 8.270097758492023843e+01 1.853756326881268388e-03
-3.078698982852484001e+00 -4.172275366224209026e-01 1.372579349515735403e-01 8.270097758492023843e+01 1.853756326881268388e-03
-3.070866357888228926e+00 -4.634613407528818119e-01 1.300204089202041391e-01 7.867420517517936673e+01 1.908402577351707256e-03
-3.070866357888228926e+00 -4.634613407528818119e-01 1.300204089202041391e-01 7.867420517517936673e+01 1.908402577351707256e-03
-3.398517446046176893e+00 -4.433082506406084700e-01 1.191440482064328316e-01 8.100703853104273833e+01 2.898109741610671586e-03
-3.398517446046176893e+00 -4.433082506406084700e-01 1.191440482064328316e-01 8.100703853104273833e+01 2.898109741610671586e-03
-3.000188447652752721e+00 -4.073257118612552130e-01 1.219721143840254568e-01 8.485696629829942594e+01 1.470665679471537535e-03
-3.000188447652752721e+00 -4.073257118612552130e-01 1.219721143840254568e-01 8.485696629829942594e+01 1.470665679471537535e-03
-3.000188447652752721e+00 -4.073257118612552130e-01 1.219721143840254568e-01 8.485696629829942594e+01 1.470665679471537535e-03
-3.000188447652752721e+00 -4.073257118612552130e-01 1.219721143840254568e-01 8.485696629829942594e+01 1.470665679471537535e-03
-3.876550358249413186e+00 -4.016570035579238307e-01 1.311160312168347386e-01 8.018498588181471121e+01 2.022007989070366551e-03
-3.876550358249413186e+00 -4.016570035579238307e-01 1.311160312168347386e-01 8.018498588181471121e+01 2.022007989070366551e-03
-4.340027177353999122e+00 -4.097914673629886040e-01 1.406618192064924833e-01 8.134868104406966438e+01 1.212640603013644298e-03
-4.290511595442939807e+00 -4.459513639076501668e-01 1.383612280028506669e-01 8.481501812810525109e+01 1.419696114475926807e-03
-4.407551284288777182e+00 -4.892329620569877413e-01 1.273407199976868132e-01 8.704022670154046182e+01 1.546961244522679791e-03
-4.645078201602526491e+00 -4.631298733128031975e-01 1.264703034787191815e-01 8.295204053947547607e+01 1.263101084027047237e-03
-4.214736071052221256e+00 -5.397183974683620322e-01 1.286017020142821710e-01 8.370329241625286443e+01 1.272707371702262811e-03
-3.999922118667796678e+00 -5.603137947995702195e-01 1.148015403794795664e-01 8.895923118128122553e+01 1.441806702740179753e-03
-3.999922118667796678e+00 -5.603137947995702195e-01 1.148015403794795664e-01 8.895923118128122553e+01 1.441806702740179753e-03
-3.999922118667796678e+00 -5.603137947995702195e-01 1.148015403794795664e-01 8.895923118128122553e+01 1.441806702740179753e-03
-3.486092583231421571e+00 -5.789614164292959941e-01 1.281585393455371980e-01 8.475711060888247061e+01 1.074316360128327839e-03
-3.486092583231421571e+00 -5.789614164292959941e-01 1.281585393455371980e-01 8.475711060888247061e+01 1.074316360128327839e-03
-3.108034082134935705e+00 -5.703179817798751383e-01 1.226707628384580140e-01 7.498185765559738059e+01 1.811345950784965311e-03
-3.108034082134935705e+00 -5.703179817798751383e-01 1.226707628384580140e-01 7.498185765559738059e+01 1.811345950784965311e-03
-3.068161918529852983e+00 -5.130462779525606365e-01 1.443002141461050825e-01 8.321302860598390794e+01 1.348737198005463614e-03
-3.158975855097301721e+00 -5.700420495846199032e-01 1.453515443054604894e-01 8.874923030181399497e+01 1.269573316359885740e-03
-3.061166466046918000e+00 -5.544111986900811528e-01 1.441357832091216540e-01 8.304115537522861246e+01 1.393656992991413983e-03
-3.106177349746845451e+00 -5.787699551664472475e-01 1.598557602704191449e-01 8.115010918274617779e+01 1.520195369730503385e-03
-3.053891344289219045e+00 -6.078344149774796978e-01 1.636898026067994949e-01 7.137771449221497733e+01 1.606113612665819278e-03
-3.356549443712387504e+00 -5.767942092932136777e-01 1.839270944449961087e-01 6.318244012216097616e+01 1.367488319790108927e-03
-3.398230902764950656e+00 -5.848681324496587397e-01 1.964089330970322511e-01 6.818023706143991092e+01 9.849230074625381446e-04
-3.446647515010721197e+00 -5.812724354474286814e-01 1.976102358540093584e-01 6.932164865956335120e+01 9.883009740348845489e-04
-3.446647515010721197e+00 -5.812724354474286814e-01 1.976102358540093584e-01 6.932164865956335120e+01 9.883009740348845489e-04
-3.951974425853310713e+00 -5.629050288168427896e-01 1.951621043536202194e-01 7.077167490528321991e+01 1.425673194399406209e-03
-3.265047165532454443e+00 -5.272394771987667372e-01 1.959830800243059501e-01 8.170599372164127772e+01 1.465429803482469441e-03
-3.265047165532454443e+00 -5.272394771987667372e-01 1.959830800243059501e-01 8.170599372164127772e+01 1.465429803482469441e-03
-3.265047165532454443e+00 -5.272394771987667372e-01 1.959830800243059501e-01 8.170599372164127772e+01 1.465429803482469441e-03
-3.493420091904382740e+00 -4.873551009729275574e-01 1.990046483918310460e-01 8.305678602537534516e+01 1.452345103943899780e-03
-3.521465178225871018e+00 -4.649775604462551004e-01 1.938687845909742857e-01 7.952820969396501027e+01 9.992910395699270039e-04
-3.410097159165481617e+00 -4.887459429604218419e-01 1.953228419363456925e-01 8.572359453365388049e+01 1.593731240751959091e-03
-3.410097159165481617e+00 -4.887459429604218419e-01 1.953228419363456925e-01 8.572359453365388049e+01 1.593731240751959091e-03
-3.620460980693178676e+00 -4.763845035295671271e-01 1.946517061452453512e-01 8.660520040414765219e+01 1.849526058060563510e-03
-3.586613684023730819e+00 -4.875784544306446255e-01 1.994508678165849425e-01 8.086349134594998134e+01 1.328623398929538188e-03
-3.586613684023730819e+00 -4.875784544306446255e-01 1.994508678165849425e-01 8.086349134594998134e+01 1.328623398929538188e-03
-3.586613684023730819e+00 -4.875784544306446255e-01 1.994508678165849425e-01 8.086349134594998134e+01 1.328623398929538188e-03
-3.473685191297473995e+00 -4.559036623944965894e-01 1.764004843842807146e-01 8.452249738704422555e+01 1.079654876963347413e-03
-3.569215679653348516e+00 -4.945330400872378629e-01 1.707414374152371739e-01 8.248440438735804037e+01 1.069510191739969683e-03
-3.532728999322414687e+00 -4.826604772829201639e-01 1.720079279078725876e-01 8.447387796700861884e+01 1.124556816836759553e-03
-3.532728999322414687e+00 -4.826604772829201639e-01 1.720079279078725876e-01 8.447387796700861884e+01 1.124556816836759553e-03
-3.532728999322414687e+00 -4.826604772829201639e-01 1.720079279078725876e-01 8.447387796700861884e+01 1.124556816836759553e-03
-3.532728999322414687e+00 -4.826604772829201639e-01 1.720079279078725876e-01 8.447387796700861884e+01 1.124556816836759553e-03
-3.655223176523979767e+00 -5.619802212878143299e-01 1.741400682136107214e-01 7.207897452991703346e+01 8.722142734967171978e-04
-3.734894238745123829e+00 -5.295351500928142663e-01 1.842543122925889565e-01 7.264294709475063883e+01 9.636909530480984587e-04
-3.734894238745123829e+00 -5.295351500928142663e-01 1.842543122925889565e-01 7.264294709475063883e+01 9.636909530480984587e-04
-3.622612678844630896e+00 -4.926243695476369422e-01 1.787004512129012623e-01 6.818129742926338110e+01 1.112934400607508423e-03
-3.810045351190959995e+00 -4.648785938243247817e-01 1.904475389575361333e-01 6.000875423618332150e+01 1.543807378334403207e-03
-4.346523438401394657e+00 -4.855468645899498892e-01 1.951246520427521447e-01 6.073385839622198290e+01 1.524797505325216395e-03
-4.346523438401394657e+00 -4.855468645899498892e-01 1.951246520427521447e-01 6.073385839622198290e+01 1.524797505325216395e-03
-4.737871403868155973e+00 -4.745699565199391068e-01 1.932143130521078167e-01 6.497706667654081514e+01 2.312802571996866625e-03
-4.818270323427726431e+00 -4.425921564304942102e-01 1.890941497192726028e-01 6.662935076343009655e+01 2.347202539515155263e-03
-4.541848437453520404e+00 -4.521010641977783462e-01 1.837136196401945309e-01 6.152876310458461973e+01 1.699295740479691424e-03
-4.794087986865310569e+00 -4.620717835329245515e-01 1.812310452091735469e-01 7.010199654567243499e+01 2.362387716979445513e-03
-4.075183044987268133e+00 -5.283916741567266095e-01 1.896986942994942638e-01 7.226684364931173832e+01 1.521106503182880279e-03
-3.257677459813215659e+00 -6.078037376883330678e-01 1.916868405143836163e-01 7.024212025059934206e+01 1.205482411558457794e-03
-3.451075186831260577e+00 -5.885777003896510706e-01 1.901747139491889171e-01 6.654590668071880089e+01 9.483759816807518783e-04
-3.451075186831260577e+00 -5.885777003896510706e-01 1.901747139491889171e-01 6.654590668071880089e+01 9.483759816807518783e-04
-3.703646807375557515e+00 -5.857878025357163843e-01 1.879836321890936135e-01 6.221588408649655833e+01 9.701095315545248208e-04
-3.948857221977500220e+00 -5.469629879130158967e-01 1.798431045068868417e-01 7.116672737267160187e+01 1.083415810532422762e-03
-3.924200711692557242e+00 -5.515005818446659935e-01 1.597962624530149256e-01 7.202354771789867982e+01 9.165900757264920304e-04
-3.362758891811247430e+00 -5.371851973680880077e-01 1.509959596935516735e-01 7.795866506785063166e+01 1.017882568886443496e-03
-3.362758891811247430e+00 -5.371851973680880077e-01 1.509959596935516735e-01 7.795866506785063166e+01 1.017882568886443496e-03
-3.223818886878275780e+00 -5.219313786080556072e-01 1.476708037271903251e-01 8.040255805730633654e+01 1.079740862314898997e-03
-3.186106874131507727e+00 -5.262787685205925214e-01 1.402806506420584964e-01 7.867495293986979732e+01 1.314325085079780329e-03
-3.723659798541398391e+00 -5.368590185647346136e-01 1.427163032283433608e-01 7.740884176493217694e+01 1.069910679636904352e-03
-3.623613505010161440e+00 -5.589384446230815096e-01 1.538046343236694480e-01 7.582983384140008809e+01 9.276218490686541449e-04
-3.302294130289662011e+00 -5.641996352467860687e-01 1.558611358888955245e-01 7.597727828890468516e+01 9.769030193720717580e-04
-4.104172066218661818e+00 -5.302819178768974906e-01 1.589760075154316443e-01 6.887612749366586229e+01 9.697066065868926695e-04
-3.446415465045123305e+00 -4.864773377988867997e-01 1.703349124562826833e-01 7.187186562917653987e+01 1.196784951729000079e-03
-3.446415465045123305e+00 -4.864773377988867997e-01 1.703349124562826833e-01 7.187186562917653987e+01 1.196784951729000079e-03
-3.446415465045123305e+00 -4.864773377988867997e-01 1.703349124562826833e-01 7.187186562917653987e+01 1.196784951729000079e-03
-3.446415465045123305e+00 -4.864773377988867997e-01 1.703349124562826833e-01 7.187186562917653987e+01 1.196784951729000079e-03
-3.489664965446534151e+00 -4.314056152387594767e-01 1.834628690263744311e-01 6.977624591721392733e+01 1.541710110789971770e-03
-4.059307145701541941e+00 -4.506575335280682548e-01 1.859654598100538569e-01 7.825642777280728524e+01 1.571533124258675789e-03
-4.059307145701541941e+00 -4.506575335280682548e-01 1.859654598100538569e-01 7.825642777280728524e+01 1.571533124258675789e-03
-4.186175477162365155e+00 -3.935114503658682650e-01 1.702663209341766792e-01 7.816615320903812858e+01 1.258892735724887000e-03
-4.298764763014144563e+00 -3.779346310011709176e-01 1.650950484375229288e-01 7.130980463541715153e+01 1.222664119101050462e-03
-4.298764763014144563e+00 -3.779346310011709176e-01 1.650950484375229288e-01 7.130980463541715153e+01 1.222664119101050462e-03
-4.222963258288511490e+00 -3.514417510476374740e-01 1.706143675912666358e-01 7.366212875860104248e+01 1.215504414889975737e-03
-4.269941087836495619e+00 -3.528828489856888351e-01 1.666459233929459272e-01 6.596599931552597695e+01 1.709510929542948279e-03
-4.116609758984261624e+00 -3.260358267300476065e-01 1.659161623810533337e-01 8.444717929128687217e+01 1.440576004804640896e-03
-3.962395855489523555e+00 -3.153050116918634238e-01 1.835143962776497883e-01 8.768515881736415452e+01 1.632793577370461775e-03
-3.859352049600568879e+00 -2.710041473154605751e-01 1.747557831413741047e-01 8.928970816053103476e+01 2.349885965919724755e-03
-4.584329985281452302e+00 -2.172481237736261506e-01 1.539368125240191398e-01 8.635308731059228649e+01 1.565066294631230377e-03
-4.382214761367011491e+00 -2.458857573407339514e-01 1.638340742389564897e-01 8.952368797898962782e+01 1.746625605093290491e-03
-4.652990582554063614e+00 -2.221653072862092848e-01 1.608325520370717798e-01 8.604955132907375059e+01 1.685664686002915844e-03
-4.652990582554063614e+00 -2.221653072862092848e-01 1.608325520370717798e-01 8.604955132907375059e+01 1.685664686002915844e-03
-4.194280711766385394e+00 -2.666903008527879426e-01 1.677464004177536272e-01 7.973285558727590683e+01 1.773372377981333355e-03
-4.194280711766385394e+00 -2.666903008527879426e-01 1.677464004177536272e-01 7.973285558727590683e+01 1.773372377981333355e-03
-4.658917009635447748e+00 -3.134466535506674756e-01 1.830859806460813366e-01 7.345615726211548235e+01 1.979636963848087176e-03
-4.823761800510429687e+00 -2.915884307124330665e-01 1.918954273890753348e-01 7.620532403638698327e+01 2.791427861902838134e-03
-4.329103288157324592e+00 -2.628539534168538583e-01 1.962888774391559621e-01 8.449471743679590929e+01 1.940076029123044467e-03
-4.120192122461197926e+00 -2.561885425438027997e-01 1.939219703555258023e-01 8.590442845342374767e+01 1.729526968473516987e-03
-4.360145962179430512e+00 -2.266077165793255743e-01 1.912225654723006540e-01 8.358308510165925043e+01 1.795266922895840701e-03
-4.585579543388628387e+00 -2.819885767381241082e-01 1.759291462188119215e-01 7.514678862975671336e+01 1.676526552289243433e-03
-3.958374308535546060e+00 -3.195032097955967099e-01 1.654949073455766195e-01 8.528905934521137056e+01 1.637608902819820238e-03
-3.751180619129279581e+00 -3.390719449344591907e-01 1.668005488722143215e-01 8.964367767694008649e+01 1.772190948577327674e-03
-3.629767569027452012e+00 -3.524894842189762456e-01 1.575617087960455853e-01 8.747529063396603988e+01 1.971253742172736530e-03
-3.629767569027452012e+00 -3.524894842189762456e-01 1.575617087960455853e-01 8.747529063396603988e+01 1.971253742172736530e-03
-4.162177760180834518e+00 -3.682799447653092306e-01 1.658275890050173174e-01 7.778767583580723510e+01 1.173778184817920837e-03
-4.162177760180834518e+00 -3.682799447653092306e-01 1.658275890050173174e-01 7.778767583580723510e+01 1.173778184817920837e-03
-4.162177760180834518e+00 -3.682799447653092306e-01 1.658275890050173174e-01 7.778767583580723510e+01 1.173778184817920837e-03
-3.895117600822160853e+00 -3.312461437228477745e-01 1.624478486682436329e-01 8.973357974775981916e+01 1.748588478428468422e-03
-3.895117600822160853e+00 -3.312461437228477745e-01 1.624478486682436329e-01 8.973357974775981916e+01 1.748588478428468422e-03
-3.316860893364576235e+00 -3.642591768568754218e-01 1.586743924846053810e-01 8.418543595895616249e+01 2.214406410233289105e-03
-3.556760015777019390e+00 -3.689417522647706615e-01 1.662603019827365303e-01 7.414507875247768709e+01 2.547228377104592684e-03
-4.063297447677609142e+00 -3.995170563181451584e-01 1.701423296161730658e-01 8.280522785808933861e+01 1.435595786093045272e-03
-4.588322627282579447e+00 -3.679694553960192183e-01 1.703516126310934409e-01 8.030996254509385324e+01 2.212985710558325932e-03
-4.550145557066986868e+00 -2.716192239242694040e-01 1.654210579197331610e-01 7.824273472281974762e+01 1.523343158368493802e-03
-4.978460888540213958e+00 -2.702693210419758185e-01 1.630095336651359583e-01 6.946309036101251877e+01 1.761343156555036579e-03
-4.629064544147037275e+00 -2.939770057952236781e-01 1.771379244336847569e-01 7.066607409279005481e+01 1.734329175405220462e-03
-4.629064544147037275e+00 -2.939770057952236781e-01 1.771379244336847569e-01 7.066607409279005481e+01 1.734329175405220462e-03
-4.902478514590693059e+00 -3.502839055955543901e-01 1.582826599698480274e-01 6.471697769827447644e+01 1.691115301562972489e-03
-4.333740393529571300e+00 -3.317439442580628062e-01 1.557556140780947673e-01 8.350990081916371821e+01 1.427532864279387227e-03
-4.492209713988732034e+00 -3.874072437298384797e-01 1.507306627753576544e-01 8.494405224565355184e+01 1.853415113879356866e-03
-4.073462292438996712e+00 -2.996972410307383594e-01 1.599527725253250543e-01 8.570000932626419399e+01 1.680719700974946280e-03
-4.073462292438996712e+00 -2.996972410307383594e-01 1.599527725253250543e-01 8.570000932626419399e+01 1.680719700974946280e-03
-4.073462292438996712e+00 -2.996972410307383594e-01 1.599527725253250543e-01 8.570000932626419399e+01 1.680719700974946280e-03
-4.309651557488999529e+00 -2.572519170827473056e-01 1.576075384783471589e-01 8.212107474870377644e+01 1.716497104967761467e-03
-4.309651557488999529e+00 -2.572519170827473056e-01 1.576075384783471589e-01 8.212107474870377644e+01 1.716497104967761467e-03
-4.636655941843263129e+00 -3.348906544959615594e-01 1.610360657168670995e-01 8.308859326426639313e+01 2.049182801941042738e-03
-4.806351625152297302e+00 -2.573867505601541983e-01 1.588005814397994986e-01 8.968105002368980649e+01 2.504321425298238358e-03
-4.644861206337920656e+00 -2.805558775179082254e-01 1.446080740854694957e-01 8.656347468741662965e+01 1.509586492927637120e-03
-4.196014703288125425e+00 -3.238243998594351192e-01 1.600647293107266833e-01 7.754127252693554340e+01 1.375815449078934480e-03
-4.351406493477520065e+00 -3.367102471037391465e-01 1.572351790290637263e-01 8.135546536239134241e+01 1.368164984719946482e-03
-4.460403660467516573e+00 -3.523595375688500231e-01 1.620556342999343868e-01 7.672119341725945674e+01 1.381008426753246214e-03
-3.874412324913586225e+00 -3.186921340673114500e-01 1.593009016031172453e-01 7.641455812059588482e+01 2.576692310068373105e-03
-4.068765458616986130e+00 -2.706988608013853326e-01 1.419765352035035899e-01 7.895165538108902581e+01 3.339050077622182644e-03
-4.068765458616986130e+00 -2.706988608013853326e-01 1.419765352035035899e-01 7.895165538108902581e+01 3.339050077622182644e-03
-4.068765458616986130e+00 -2.706988608013853326e-01 1.419765352035035899e-01 7.895165538108902581e+01 3.339050077622182644e-03
-4.068765458616986130e+00 -2.706988608013853326e-01 1.419765352035035899e-01 7.895165538108902581e+01 3.339050077622182644e-03
-4.068765458616986130e+00 -2.706988608013853326e-01 1.419765352035035899e-01 7.895165538108902581e+01 3.339050077622182644e-03
-4.591844457852650052e+00 -2.488055906982998833e-01 1.275767346765153687e-01 8.092538652910100438e+01 1.769515832181526530e-03
-4.281907745139593935e+00 -3.130036750830315073e-01 1.479750230086920582e-01 7.057681364429762993e+01 2.193195926248556801e-03
-4.613944172570960234e+00 -2.877111922891522622e-01 1.319476670723623013e-01 7.037272045500581896e+01 2.314204318531019097e-03
-4.613944172570960234e+00 -2.877111922891522622e-01 1.319476670723623013e-01 7.037272045500581896e+01 2.314204318531019097e-03
-4.254390442672855599e+00 -2.815499178362954047e-01 1.456562541573658276e-01 7.233027611016403569e+01 2.726244265057403172e-03
-4.003499592232109272e+00 -2.939550411443066502e-01 1.569676716203491362e-01 7.286551303193940043e+01 3.043951434975386908e-03
-4.003499592232109272e+00 -2.939550411443066502e-01 1.569676716203491362e-01 7.286551303193940043e+01 3.043951434975386908e-03
-3.352774979432809666e+00 -3.263119927613337135e-01 1.615994285578940814e-01 8.027358708505063589e+01 3.608929641853626108e-03
-3.352774979432809666e+00 -3.263119927613337135e-01 1.615994285578940814e-01 8.027358708505063589e+01 3.608929641853626108e-03
-3.522578739437027817e+00 -3.485364969520989842e-01 1.674004915032589746e-01 7.309906538186571368e+01 3.215038970233969045e-03
-3.932052612105411793e+00 -3.974894469295497945e-01 1.518872965212965387e-01 6.404935117156522040e+01 2.864218243816213719e-03
-4.038690318354849040e+00 -4.139680983661404023e-01 1.565608078647405810e-01 6.096729319909093192e+01 2.563075914125894500e-03
-4.266901104447194726e+00 -4.098635406465787612e-01 1.487531852203282934e-01 6.759119739442219554e+01 1.531481709239568235e-03
-4.266901104447194726e+00 -4.098635406465787612e-01 1.487531852203282934e-01 6.759119739442219554e+01 1.531481709239568235e-03
-3.794180108546344243e+00 -4.030464784777450515e-01 1.503044524147775229e-01 7.203663136777294085e+01 2.134460642792144081e-03
-3.723804383811909258e+00 -4.134736322701997313e-01 1.520583396838285917e-01 7.388536394099260463e+01 1.948517492188803039e-03
-3.741641167600434414e+00 -3.820125368495127516e-01 1.389451670166282904e-01 8.753271858334890965e+01 1.915778561184184117e-03
-3.008177125301794153e+00 -3.720080405978276050e-01 1.361878472790855055e-01 8.031241201818224340e+01 2.089249572462503236e-03
-3.196122346572685124e+00 -4.058446653372060342e-01 1.301296674578760471e-01 8.530529925183510898e+01 2.351290785543792144e-03
-3.253594086807815255e+00 -4.007443321544408854e-01 1.259011895495038280e-01 7.917309591939222457e+01 3.853475488755887628e-03
-3.551467581442069310e+00 -4.725992746036130066e-01 1.217702069713685747e-01 7.211459606601104610e+01 3.424841968879181395e-03
-3.142672057216453485e+00 -4.521761096748579400e-01 1.089839931561146918e-01 8.216262570683124977e+01 3.049263757603339845e-03
-3.178794510121922379e+00 -5.181198419467283323e-01 1.078134468610152386e-01 8.367813893597748631e+01 2.080156031100319474e-03
-3.891195805363574234e+00 -4.998477879851198069e-01 1.119722323597483610e-01 7.610961734138933821e+01 2.300396182012818570e-03
-3.841970595374473163e+00 -4.665873267826124438e-01 1.136267727770438052e-01 7.078063376155135700e+01 3.510161356340317420e-03
-3.841970595374473163e+00 -4.665873267826124438e-01 1.136267727770438052e-01 7.078063376155135700e+01 3.510161356340317420e-03
-4.061079095942210948e+00 -4.353218114358144986e-01 1.040139804363767878e-01 7.155159512135986688e+01 3.815452254764684602e-03
-3.125838675856490667e+00 -5.022965071600941078e-01 1.027739324497047302e-01 8.069469251799999654e+01 2.870411314312347646e-03
-3.369708999302605257e+00 -4.746962399774884434e-01 9.611761279646276190e-02 8.530503463840234701e+01 3.671067333614452116e-03
-3.874603280889598267e+00 -5.090661016077228096e-01 8.248387414232050130e-02 8.694114170272230524e+01 3.544302639723453940e-03
-4.815395591085068538e+00 -4.904584301488831843e-01 8.525071444591585113e-02 7.704618491925627666e+01 2.058669619841838831e-03
-4.749279870029426753e+00 -5.452358193881905457e-01 8.224204623056570462e-02 7.730978717513411880e+01 2.178328690384418245e-03
-4.967995415235991530e+00 -5.904583440360084978e-01 9.620169984538116947e-02 8.717445701303550720e+01 1.088523123913115323e-03
-4.921559343048954815e+00 -6.162464192092916848e-01 1.007217574668410470e-01 8.152263506404302973e+01 9.112925049595443005e-04
-4.338884305111490036e+00 -6.456185094391235779e-01 1.159106302371648023e-01 8.206737956782279753e+01 1.097418301695574083e-03
-4.442610007029776042e+00 -6.454520251717802415e-01 1.194856558530744128e-01 7.912463212227983433e+01 1.011045614757433674e-03
-4.442610007029776042e+00 -6.454520251717802415e-01 1.194856558530744128e-01 7.912463212227983433e+01 1.011045614757433674e-03
-4.450590345531169945e+00 -6.778265864417716280e-01 1.134848136107803052e-01 8.023025347509231153e+01 9.917439863077212679e-04
-4.450590345531169945e+00 -6.778265864417716280e-01 1.134848136107803052e-01 8.023025347509231153e+01 9.917439863077212679e-04
-4.277850569006027115e+00 -6.938517951931346683e-01 1.070330658712281835e-01 8.468254637076431379e+01 1.152903910736759272e-03
-4.199887537105793989e+00 -6.945814317273109051e-01 1.068426190006119686e-01 6.889888111841091245e+01 1.767555812727727863e-03
-3.879745264948626371e+00 -7.103286546957522374e-01 1.155788139801001702e-01 7.483604884020054726e+01 1.119620849696488507e-03
-3.879745264948626371e+00 -7.103286546957522374e-01 1.155788139801001702e-01 7.483604884020054726e+01 1.119620849696488507e-03
-3.324314023439709942e+00 -7.395031648095304888e-01 1.318695143967171524e-01 7.709762239459574573e+01 8.712819854604662764e-04
-3.324314023439709942e+00 -7.395031648095304888e-01 1.318695143967171524e-01 7.709762239459574573e+01 8.712819854604662764e-04
-3.324314023439709942e+00 -7.395031648095304888e-01 1.318695143967171524e-01 7.709762239459574573e+01 8.712819854604662764e-04
-3.082266929883146656e+00 -7.758623639735766631e-01 1.410147774505824403e-01 7.539239286393890893e+01 1.158400226920811103e-03
-3.837108055003961127e+00 -8.237116302645801635e-01 1.325614712889286451e-01 7.597948348496755955e+01 9.996243555834083763e-04
-3.837108055003961127e+00 -8.237116302645801635e-01 1.325614712889286451e-01 7.597948348496755955e+01 9.996243555834083763e-04
-3.837108055003961127e+00 -8.237116302645801635e-01 1.325614712889286451e-01 7.597948348496755955e+01 9.996243555834083763e-04
-3.066562821868463740e+00 -8.568819736709281099e-01 1.260724371687344247e-01 7.433301498731785273e+01 9.377965867356497214e-04
-3.066562821868463740e+00 -8.568819736709281099e-01 1.260724371687344247e-01 7.433301498731785273e+01 9.377965867356497214e-04
-3.670266311647112367e+00 -8.069520438945056995e-01 1.026049648288101523e-01 8.307497665233269402e+01 1.214613097659363906e-03
-3.914309801688297785e+00 -8.589485424725080698e-01 1.005367085330616250e-01 8.274969015494767177e+01 1.140672902712991290e-03
-4.048269282759958010e+00 -8.748145589774886099e-01 9.711559379969110506e-02 7.938521835054461917e+01 1.146957825142809646e-03
-4.048269282759958010e+00 -8.748145589774886099e-01 9.711559379969110506e-02 7.938521835054461917e+01 1.146957825142809646e-03
-4.048269282759958010e+00 -8.748145589774886099e-01 9.711559379969110506e-02 7.938521835054461917e+01 1.146957825142809646e-03
-3.786206776435542931e+00 -9.399384051361610037e-01 9.544073770254909994e-02 8.453052973939588810e+01 1.207583072736572762e-03
-3.669567251778016459e+00 -9.123048306614610636e-01 9.589149688181422548e-02 7.822948516346559700e+01 1.381952971186359291e-03
-4.120588521271543847e+00 -9.191032551820900176e-01 9.810207184304138572e-02 8.294575011869039827e+01 1.095043614244125153e-03
-4.039204996159082128e+00 -9.352094949829831139e-01 9.704676175036786034e-02 7.501482703983644740e+01 1.286399125801362302e-03
-3.828435917262186461e+00 -9.941687273453220230e-01 1.037507971101846727e-01 7.335586200442105564e+01 1.136219319220512164e-03
-3.569936030299106555e+00 -9.756697965371353698e-01 1.148712121791012758e-01 8.316156160239403050e+01 1.226447729555380601e-03
-3.569936030299106555e+00 -9.756697965371353698e-01 1.148712121791012758e-01 8.316156160239403050e+01 1.226447729555380601e-03
-3.569936030299106555e+00 -9.756697965371353698e-01 1.148712121791012758e-01 8.316156160239403050e+01 1.226447729555380601e-03
-3.170336885429440255e+00 -9.786947401874808161e-01 1.167155938804238235e-01 7.440409648626062733e+01 8.654879301015549814e-04
-3.917280489282148004e+00 -9.921101463805127585e-01 1.170873131137641354e-01 7.085591030155188719e+01 9.005644205386525861e-04
-3.917280489282148004e+00 -9.921101463805127585e-01 1.170873131137641354e-01 7.085591030155188719e+01 9.005644205386525861e-04
-3.917280489282148004e+00 -9.921101463805127585e-01 1.170873131137641354e-01 7.085591030155188719e+01 9.005644205386525861e-04
-4.100208270918692222e+00 -9.225322567244561567e-01 1.192344969235118179e-01 7.439157819695098794e+01 8.862948918864615305e-04
-4.458015261444731259e+00 -8.488740503650047398e-01 1.181448242311922414e-01 7.109678350756873044e+01 8.842451069501888056e-04
-4.489018032162188199e+00 -8.575392142444541177e-01 1.155661691894823428e-01 7.094172269870394132e+01 9.000234492365498818e-04
-4.230944308408772336e+00 -8.239900229344919724e-01 1.203360195564757429e-01 7.033380714978491710e+01 9.181430723462218491e-04
-3.322851348092576984e+00 -7.449231029205783949e-01 1.214904360824552165e-01 7.126687008147040103e+01 1.378166773871045050e-03
-3.322851348092576984e+00 -7.449231029205783949e-01 1.214904360824552165e-01 7.126687008147040103e+01 1.378166773871045050e-03
-3.449897152441935511e+00 -7.006985674105973283e-01 1.202688619566665840e-01 7.988388568797662970e+01 9.973148101238742472e-04
-3.315814826633968426e+00 -6.880338668347081299e-01 1.300244970709641401e-01 8.731131475610929726e+01 1.213876896161508734e-03
-3.732405638262224823e+00 -6.504342335981134759e-01 1.209774291556862252e-01 8.540637290946166615e+01 1.263525027894010604e-03
-3.732405638262224823e+00 -6.504342335981134759e-01 1.209774291556862252e-01 8.540637290946166615e+01 1.263525027894010604e-03
-3.910966941072699488e+00 -6.978070026463534248e-01 1.188729315294201755e-01 8.580783160522514663e+01 1.376790963504525428e-03
-4.289391583923507056e+00 -6.640579029629165575e-01 1.105885649900239798e-01 8.218174495683419423e+01 1.048066561059242743e-03
-3.954162204557174931e+00 -6.675034965259616371e-01 1.079855678595637025e-01 7.762263278297663760e+01 1.287588709466611862e-03
-4.708292030447126741e+00 -6.958068929048737417e-01 9.331244668849343615e-02 7.590254980049273570e+01 1.273982469308793976e-03
-4.844544714586526801e+00 -6.706658389954166521e-01 9.105848200082343469e-02 7.597996958511755849e+01 1.337318493447453571e-03
-4.879113887904510172e+00 -6.625153465291364618e-01 8.726024567853209180e-02 8.182072518442896580e+01 1.125723196307930763e-03
-4.858407771975596035e+00 -6.540202099769211186e-01 8.370712124794084386e-02 8.464913584538143709e+01 1.174151888831984156e-03
-4.951073741492710845e+00 -6.269607368421281635e-01 8.972307229643398940e-02 7.933504873163131776e+01 1.148458838999525874e-03
-4.774063007193045216e+00 -6.726603494651044457e-01 8.276752375553199370e-02 7.999286113349114657e+01 1.516920375855154235e-03
-4.457398615486756199e+00 -7.397387213791358773e-01 9.989957127698011197e-02 8.318016162120186152e+01 1.015645681819135789e-03
-4.457398615486756199e+00 -7.397387213791358773e-01 9.989957127698011197e-02 8.318016162120186152e+01 1.015645681819135789e-03
-4.457398615486756199e+00 -7.397387213791358773e-01 9.989957127698011197e-02 8.318016162120186152e+01 1.015645681819135789e-03
-4.533204227524943342e+00 -7.416012656574425543e-01 1.092436207947077437e-01 7.004024426312265916e+01 1.166630415069684883e-03
-4.222284871358171543e+00 -7.132927540103929376e-01 1.048147128159077068e-01 8.391004894388014179e+01 1.113481805887477777e-03
-4.424701839278427862e+00 -7.670357785273554940e-01 1.010874906136072088e-01 8.691693147441561962e+01 1.254797757331239157e-03
-4.424701839278427862e+00 -7.670357785273554940e-01 1.010874906136072088e-01 8.691693147441561962e+01 1.254797757331239157e-03
-4.424701839278427862e+00 -7.670357785273554940e-01 1.010874906136072088e-01 8.691693147441561962e+01 1.254797757331239157e-03
-4.731875229952560602e+00 -7.546743405917123448e-01 9.450124676985871552e-02 8.866062706121560666e+01 1.253023593649310076e-03
-4.633890719302889316e+00 -7.276499817308015317e-01 9.007836092852619658e-02 7.133159025776328122e+01 2.028742765067051423e-03
-4.633890719302889316e+00 -7.276499817308015317e-01 9.007836092852619658e-02 7.133159025776328122e+01 2.028742765067051423e-03
-4.787725135501298190e+00 -7.386476019933957415e-01 9.395217390231708210e-02 8.318237731837434978e+01 9.748179619508919903e-04
-4.787725135501298190e+00 -7.386476019933957415e-01 9.395217390231708210e-02 8.318237731837434978e+01 9.748179619508919903e-04
-4.787725135501298190e+00 -7.386476019933957415e-01 9.395217390231708210e-02 8.318237731837434978e+01 9.748179619508919903e-04
-4.240802341292705613e+00 -7.873586992838460530e-01 1.088203894297940511e-01 7.886319218650194784e+01 9.550001311052203328e-04
-3.666250925559862761e+00 -7.719454821784845766e-01 1.190209882488517529e-01 7.927223860660242849e+01 1.001727747451774519e-03
-3.104815611069829728e+00 -7.634264200026330549e-01 1.029573152029424205e-01 8.131572814517231507e+01 1.013561129220457747e-03
-3.331459987701337777e+00 -7.862852020441150058e-01 1.091892659615219807e-01 8.465828942519567590e+01 1.056664192541462502e-03
-3.844020498638625938e+00 -7.727044736798061031e-01 1.063269077349340286e-01 8.161787138445384926e+01 1.114733677153811452e-03
-3.619745641123319313e+00 -7.488530118924701107e-01 9.652723944995555971e-02 8.687857368084688403e+01 1.461270905303099603e-03
-3.740086011777114638e+00 -7.716947512564928946e-01 9.406247128718112083e-02 8.770769337747343286e+01 1.450363222307786849e-03
-4.915243473749312031e+00 -7.559525248001782716e-01 8.849504874327276949e-02 8.776255284095714160e+01 1.140444190076182231e-03
-4.276319429664022564e+00 -7.471641289974197964e-01 9.794237803203204029e-02 8.689555441085673237e+01 1.218376151902598754e-03
-3.662458117985062156e+00 -7.146866347056415325e-01 1.091969148015977942e-01 8.423479852520270583e+01 1.234075589709233978e-03
-4.349737794163398341e+00 -7.275325889699679749e-01 9.890539956679504641e-02 8.041509804752382706e+01 1.050928605036071176e-03
-4.349737794163398341e+00 -7.275325889699679749e-01 9.890539956679504641e-02 8.041509804752382706e+01 1.050928605036071176e-03
-4.267429305883512214e+00 -7.774092452324086189e-01 1.128436920490288320e-01 7.805060960633747413e+01 9.377506627917398929e-04
-4.611243438072302858e+00 -7.874438063543934829e-01 1.073872679960253401e-01 7.645971958344576080e+01 8.757215505410496925e-04
-4.343128773597702441e+00 -7.433835284109688857e-01 1.111115619378933578e-01 7.981480924951566180e+01 9.767596725383713516e-04
-3.367472386053173672e+00 -7.514305838451806885e-01 1.317880973507393194e-01 8.219238125768058012e+01 1.077477781546222783e-03
-3.367472386053173672e+00 -7.514305838451806885e-01 1.317880973507393194e-01 8.219238125768058012e+01 1.077477781546222783e-03
-3.367472386053173672e+00 -7.514305838451806885e-01 1.317880973507393194e-01 8.219238125768058012e+01 1.077477781546222783e-03
-3.302017240407656651e+00 -7.065973531652844919e-01 1.165357795633916033e-01 7.173313798532687713e+01 1.753373674173305417e-03
-3.820019618502901615e+00 -6.673194848827357362e-01 1.132539533412056793e-01 6.806102183580013332e+01 2.139341544488151513e-03
-4.590500722828847024e+00 -6.682430008450539471e-01 1.169520337630507723e-01 7.241743060317973857e+01 9.298796609695197772e-04
-4.590500722828847024e+00 -6.682430008450539471e-01 1.169520337630507723e-01 7.241743060317973857e+01 9.298796609695197772e-04
-4.699417396256985846e+00 -6.443132022107017631e-01 1.393923965382729280e-01 7.048833774090154236e+01 1.127133658790803591e-03
-4.413170739014598887e+00 -6.321829523782486193e-01 1.341762343426373683e-01 7.259264585768174527e+01 9.802175172688261037e-04
-3.916482145663596537e+00 -5.931270966715578297e-01 1.266817154545678004e-01 6.937589909354753104e+01 1.512493908548915959e-03
-3.916482145663596537e+00 -5.931270966715578297e-01 1.266817154545678004e-01 6.937589909354753104e+01 1.512493908548915959e-03
-4.032993122602479552e+00 -6.020097632100618323e-01 1.119243599162358938e-01 7.023733063334448445e+01 1.925690165717423158e-03
-4.302982259444266155e+00 -5.924219029597767028e-01 9.892670026619256041e-02 8.917236086236957249e+01 1.292106498315156830e-03
-4.383434698278094288e+00 -5.985736431626810239e-01 1.015532585169758445e-01 8.223245875612740008e+01 1.078999314531885537e-03
-4.383434698278094288e+00 -5.985736431626810239e-01 1.015532585169758445e-01 8.223245875612740008e+01 1.078999314531885537e-03
-3.947871625726985911e+00 -5.993760623436293900e-01 1.017030293677743530e-01 7.700933886708850196e+01 1.966599617187523175e-03
-4.167892075166811594e+00 -5.769834478215808415e-01 9.159182024282769286e-02 7.117270710003865020e+01 3.296712757972044758e-03
-4.889920501071285841e+00 -5.823167785013645403e-01 9.645042681204547830e-02 6.772561246704643168e+01 2.237908038537022356e-03
-4.019174714047105468e+00 -6.008673697012492099e-01 9.462053285455750140e-02 7.432271201464267563e+01 2.684520114097854564e-03
-4.881196869534546678e+00 -6.285682792300282262e-01 1.143765632553943590e-01 7.745970281200382601e+01 9.241301382728426151e-04
-4.304353919443506982e+00 -5.822294801779772655e-01 1.213748125156603880e-01 7.845022288203249161e+01 9.801144422767024862e-04
-3.736067088904486688e+00 -5.437657569077244402e-01 1.208060583355682616e-01 8.708869896143912115e+01 1.395036428139191306e-03
-3.456145596167448097e+00 -5.143265694049036219e-01 1.304949725828523921e-01 8.882799778451078510e+01 1.216703863099162855e-03
-3.456145596167448097e+00 -5.143265694049036219e-01 1.304949725828523921e-01 8.882799778451078510e+01 1.216703863099162855e-03
-3.456145596167448097e+00 -5.143265694049036219e-01 1.304949725828523921e-01 8.882799778451078510e+01 1.216703863099162855e-03
-3.214698447319758845e+00 -4.788277564536135289e-01 1.265731568438181465e-01 8.577343194942690729e+01 1.458314268073641678e-03
-3.498111114496319285e+00 -5.218077841532733352e-01 1.276699264985617366e-01 8.464261173774008284e+01 1.241747195968542251e-03
-3.498111114496319285e+00 -5.218077841532733352e-01 1.276699264985617366e-01 8.464261173774008284e+01 1.241747195968542251e-03
-3.846345802570191097e+00 -5.576447039707034259e-01 1.294017316194388256e-01 8.420411276466451511e+01 1.207989266417962369e-03
-4.566327653674872700e+00 -6.159002463837146557e-01 1.407181160292286515e-01 6.818875977804992772e+01 1.069237322863126217e-03
-4.638935523006816553e+00 -6.278446920202028769e-01 1.471983906887180393e-01 7.063570937851571330e+01 1.287776751624419413e-03
-4.049664581099346350e+00 -6.759062579020219674e-01 1.373955759712300329e-01 7.122225502453110835e+01 8.893183676835376408e-04
-4.434461939929478902e+00 -6.941844687310775308e-01 1.308802534299554066e-01 7.373688592633055805e+01 9.962092868970851521e-04
-4.434461939929478902e+00 -6.941844687310775308e-01 1.308802534299554066e-01 7.373688592633055805e+01 9.962092868970851521e-04
-3.896153584073335452e+00 -6.567989236992379798e-01 1.388248395675899804e-01 6.901507743805021278e+01 9.847190685036565257e-04
-4.297923100580677058e+00 -5.996688149465697615e-01 1.355163947616374320e-01 6.831488695659113830e+01 1.044278024328745228e-03
-4.176985520206233815e+00 -5.963915494139481188e-01 1.324542674599387126e-01 6.991122004359445441e+01 1.040102091359829855e-03
-4.176985520206233815e+00 -5.963915494139481188e-01 1.324542674599387126e-01 6.991122004359445441e+01 1.040102091359829855e-03
-4.176985520206233815e+00 -5.963915494139481188e-01 1.324542674599387126e-01 6.991122004359445441e+01 1.040102091359829855e-03
-4.188869464959864786e+00 -5.610452366611495822e-01 1.321399774285511031e-01 7.588485690501728698e+01 9.631717729023953761e-04
-4.554785233161051217e+00 -5.342740790422982888e-01 1.370994139971768444e-01 7.379919750437798598e+01 1.075399365251773808e-03
-4.299208414357044816e+00 -5.272428223052648688e-01 1.309712206295735315e-01 7.404029869846006306e+01 1.000655161431349876e-03
-4.335161768924413295e+00 -5.343279845473469791e-01 1.334954187524894365e-01 7.043074772743355538e+01 1.075983109276559130e-03
-3.657763953313466931e+00 -4.922718850083050435e-01 1.576629365206924371e-01 6.854010627706367131e+01 1.566273569701944661e-03
-3.657763953313466931e+00 -4.922718850083050435e-01 1.576629365206924371e-01 6.854010627706367131e+01 1.566273569701944661e-03
-3.542492393598671629e+00 -5.899471306856834962e-01 1.549583938183738963e-01 7.067873642212191498e+01 9.832937671013935749e-04
-3.426292890608846342e+00 -6.386308817561714424e-01 1.520282312105339928e-01 7.727910896652255701e+01 9.147894498246852578e-04
-3.706444114568090864e+00 -6.537014555622360223e-01 1.397618941608507748e-01 7.933594073394040436e+01 1.057146443889940991e-03
-3.457262068841428171e+00 -6.872601907613132832e-01 1.324200901817251530e-01 7.446310898132728084e+01 9.501042932885233596e-04
-3.457262068841428171e+00 -6.872601907613132832e-01 1.324200901817251530e-01 7.446310898132728084e+01 9.501042932885233596e-04
-3.457262068841428171e+00 -6.872601907613132832e-01 1.324200901817251530e-01 7.446310898132728084e+01 9.501042932885233596e-04
-3.049666767134312284e+00 -7.428334015659300293e-01 1.498641421814355945e-01 7.248411354783549143e+01 1.334637530125603634e-03
-3.036824654053307704e+00 -7.757009120729222440e-01 1.501803752494709765e-01 8.033206029167939732e+01 2.082174415070889555e-03
-3.813635845970831717e+00 -8.288234371478949702e-01 1.458002133445150394e-01 7.357655939185016791e+01 1.099710243261460075e-03
-3.302605880696510177e+00 -8.113438249996085538e-01 1.471534715926526848e-01 7.125943543967011351e+01 8.870511967413955562e-04
-3.302605880696510177e+00 -8.113438249996085538e-01 1.471534715926526848e-01 7.125943543967011351e+01 8.870511967413955562e-04
-4.016371503604620585e+00 -8.430830985438260150e-01 1.471954294646094508e-01 6.130186254814590541e+01 1.077661377138890370e-03
-3.745317074870776253e+00 -8.672953271626997473e-01 1.431062360854223614e-01 6.586962100994762181e+01 8.883024997797583705e-04
-3.856019110652884052e+00 -8.401740733778750858e-01 1.358797461233630099e-01 7.010564382388824356e+01 8.569317959460777227e-04
-3.774784581257923488e+00 -8.820039462367335048e-01 1.364002076076073489e-01 6.794792200418177686e+01 8.640371969705832982e-04
-3.774784581257923488e+00 -8.820039462367335048e-01 1.364002076076073489e-01 6.794792200418177686e+01 8.640371969705832982e-04
-3.774784581257923488e+00 -8.820039462367335048e-01 1.364002076076073489e-01 6.794792200418177686e+01 8.640371969705832982e-04
-3.774784581257923488e+00 -8.820039462367335048e-01 1.364002076076073489e-01 6.794792200418177686e+01 8.640371969705832982e-04
-3.841464101813692800e+00 -8.677778090981215220e-01 1.408433026292991164e-01 6.732205405535218290e+01 8.724724032256286725e-04
-3.841464101813692800e+00 -8.677778090981215220e-01 1.408433026292991164e-01 6.732205405535218290e+01 8.724724032256286725e-04
-3.953501157308088487e+00 -9.370838060784230095e-01 1.326512601922829049e-01 6.049508143930830784e+01 1.358542483101322093e-03
-3.478900624770679517e+00 -9.103806844166185686e-01 1.320581997327034129e-01 6.412996970783758854e+01 1.211415346089371979e-03
-3.817221235658807998e+00 -9.197813825063098081e-01 1.437178252479170137e-01 6.361587105512380447e+01 9.544770905102926365e-04
-3.584621210683222259e+00 -8.565650481523280346e-01 1.446146185704738074e-01 6.874848837856916361e+01 8.514711412745267112e-04
-3.584621210683222259e+00 -8.565650481523280346e-01 1.446146185704738074e-01 6.874848837856916361e+01 8.514711412745267112e-04
-3.584621210683222259e+00 -8.565650481523280346e-01 1.446146185704738074e-01 6.874848837856916361e+01 8.514711412745267112e-04
-3.336919824030481152e+00 -8.061817678655620600e-01 1.347209413554946167e-01 7.846193460469712022e+01 9.661604941890052350e-04
-3.336919824030481152e+00 -8.061817678655620600e-01 1.347209413554946167e-01 7.846193460469712022e+01 9.661604941890052350e-04
-3.197489316127164471e+00 -7.773643311812256096e-01 1.274228205156747451e-01 7.282035776785701842e+01 1.016748408909377106e-03
-4.018435366660496832e+00 -8.201695613828374753e-01 1.226561762373427483e-01 7.255874135341595377e+01 8.790890024989139436e-04
-4.018435366660496832e+00 -8.201695613828374753e-01 1.226561762373427483e-01 7.255874135341595377e+01 8.790890024989139436e-04
-4.018435366660496832e+00 -8.201695613828374753e-01 1.226561762373427483e-01 7.255874135341595377e+01 8.790890024989139436e-04
-4.018435366660496832e+00 -8.201695613828374753e-01 1.226561762373427483e-01 7.255874135341595377e+01 8.790890024989139436e-04
-4.201394842325077761e+00 -7.854765995745983664e-01 1.276747570918783381e-01 6.923203211192748086e+01 9.081166981921114838e-04
-4.267228500484923970e+00 -7.795243836677151483e-01 1.225489301683497512e-01 6.681847279283415730e+01 1.111469411470076239e-03
-3.652390025036195809e+00 -7.940977655649571476e-01 1.217437794186849165e-01 6.955484867994388765e+01 1.207362598147854182e-03
-3.424021994133712887e+00 -7.740805092071718629e-01 1.318551178710034022e-01 8.222290883656587823e+01 1.161483024076326916e-03
-3.684454312107026119e+00 -6.923431988623354183e-01 1.260727351346762337e-01 7.638019335553345002e+01 9.935429387088734726e-04
-3.227014405579034850e+00 -6.901221871111143935e-01 1.489889548061888724e-01 8.263261253553807251e+01 1.244009013943930993e-03
-3.201171948910429776e+00 -6.538039035936927812e-01 1.729013302814889907e-01 7.869691390796842256e+01 1.506205136193718023e-03
-3.212261419847302957e+00 -6.472289148253782542e-01 1.817651669954821747e-01 7.588263084614945342e+01 1.479632326364624384e-03
-3.212261419847302957e+00 -6.472289148253782542e-01 1.817651669954821747e-01 7.588263084614945342e+01 1.479632326364624384e-03
-3.212261419847302957e+00 -6.472289148253782542e-01 1.817651669954821747e-01 7.588263084614945342e+01 1.479632326364624384e-03
-3.752775184511573325e+00 -6.068070323985965686e-01 1.689189641986036938e-01 8.113420626356798948e+01 1.754985423871284781e-03
-3.535953163108239927e+00 -5.684181213772926400e-01 1.658459474878370699e-01 7.545579929343659842e+01 8.710292734821914809e-04
-3.297497477588846593e+00 -5.419752836011435537e-01 1.487041313158993239e-01 8.837804157764874446e+01 1.101691216552113392e-03
-3.433027174055784947e+00 -5.418009341235533460e-01 1.533101799471770221e-01 7.636136394351635204e+01 9.767890720505771358e-04
-3.433027174055784947e+00 -5.418009341235533460e-01 1.533101799471770221e-01 7.636136394351635204e+01 9.767890720505771358e-04
-3.433027174055784947e+00 -5.418009341235533460e-01 1.533101799471770221e-01 7.636136394351635204e+01 9.767890720505771358e-04
-3.504931682176944285e+00 -5.461632833973819601e-01 1.648594266462517499e-01 7.863679326397419800e+01 9.247557211820046094e-04
-3.448930887418884872e+00 -5.530419145793670221e-01 1.648978169933343618e-01 8.684368475856999225e+01 1.540639693462166927e-03
-3.495727221626684145e+00 -6.238454579637179309e-01 1.722531184532685722e-01 7.365406271888518575e+01 9.558029880562324884e-04
-3.495727221626684145e+00 -6.238454579637179309e-01 1.722531184532685722e-01 7.365406271888518575e+01 9.558029880562324884e-04
-3.825822889346123912e+00 -6.189198838974475647e-01 1.786988483795669824e-01 6.594875713323261834e+01 9.370887368621624164e-04
-3.825822889346123912e+00 -6.189198838974475647e-01 1.786988483795669824e-01 6.594875713323261834e+01 9.370887368621624164e-04
-3.825822889346123912e+00 -6.189198838974475647e-01 1.786988483795669824e-01 6.594875713323261834e+01 9.370887368621624164e-04
-3.819424340831102604e+00 -5.961066150237650518e-01 1.844779384888803331e-01 7.377866145971732692e+01 1.395036889341888433e-03
-3.708295706201866881e+00 -5.886720113537757815e-01 1.678778963387886902e-01 6.883174204525846562e+01 8.705406143286574397e-04
-3.708295706201866881e+00 -5.886720113537757815e-01 1.678778963387886902e-01 6.883174204525846562e+01 8.705406143286574397e-04
-3.221307105603735010e+00 -6.115975816654279917e-01 1.595502794806068769e-01 7.012085866638248888e+01 1.225346140049249962e-03
-3.020924425643157996e+00 -6.232351059115367464e-01 1.541614309213312495e-01 7.527411982401930857e+01 1.569224607092449802e-03
-3.020924425643157996e+00 -6.232351059115367464e-01 1.541614309213312495e-01 7.527411982401930857e+01 1.569224607092449802e-03
-3.251247316303324641e+00 -6.715107916215645734e-01 1.636217464116135056e-01 7.639694743058289816e+01 1.093312539782199553e-03
-3.112946830817666211e+00 -7.280004968994313597e-01 1.638526464595070342e-01 6.701655481856204233e+01 1.397558717812543046e-03
-3.301748366838389348e+00 -7.596304465344377865e-01 1.602937381226730851e-01 7.091963506139487095e+01 9.656957300030546715e-04
-3.659320747507036842e+00 -7.447779186671259488e-01 1.631358478216434482e-01 6.305277664470851562e+01 9.504079329616648558e-04
-3.450948100224490389e+00 -7.356387696751482963e-01 1.764140492529786830e-01 6.025857766255691672e+01 1.136770025773483229e-03
-3.723182579510230017e+00 -6.653502154732966467e-01 1.698756235993003072e-01 6.465873689088378740e+01 8.975415812542699399e-04
-3.578530660156817422e+00 -6.587772029884003677e-01 1.859822330080444786e-01 6.540152811078201012e+01 9.393949487016212477e-04
-3.578530660156817422e+00 -6.587772029884003677e-01 1.859822330080444786e-01 6.540152811078201012e+01 9.393949487016212477e-04
-3.812839397358897209e+00 -6.629416957222615814e-01 1.766000570057603691e-01 6.495581160557158285e+01 9.522009595131443373e-04
-3.551177557325786438e+00 -5.971271722474116306e-01 1.753738213187742978e-01 6.633927715493504707e+01 9.457566429214445602e-04
-3.421119034929453573e+00 -5.990377924096051965e-01 1.763163403014411101e-01 6.853083691376295405e+01 9.229970212843799111e-04
-3.499160623944236992e+00 -5.915933844420507848e-01 1.896568528402094445e-01 6.895280109301506855e+01 9.274755124250857411e-04
-3.499160623944236992e+00 -5.915933844420507848e-01 1.896568528402094445e-01 6.895280109301506855e+01 9.274755124250857411e-04
-3.906113846496018560e+00 -6.298844175501532305e-01 1.811324721958318396e-01 7.269444311873681386e+01 1.484390373495196938e-03
-3.906113846496018560e+00 -6.298844175501532305e-01 1.811324721958318396e-01 7.269444311873681386e+01 1.484390373495196938e-03
-3.807623039836540269e+00 -6.273047529424388147e-01 1.829167525363381008e-01 7.094492706093532775e+01 1.223965109597848627e-03
-3.802369531075744380e+00 -5.714295712362307267e-01 1.945708668308512856e-01 6.645982198513468120e+01 9.860035785772029108e-04
-3.499098546450182923e+00 -5.505737677625661686e-01 1.905295801837526559e-01 7.026782820391555617e+01 8.958995871308396289e-04
-3.566576457135620437e+00 -5.217614275586758277e-01 1.917898771389323076e-01 6.791431778236581351e+01 9.112555896255107720e-04
-3.841672946755067208e+00 -4.712461285150050250e-01 1.948572260776994802e-01 6.668713986462141463e+01 9.429330599456909549e-04
-3.841672946755067208e+00 -4.712461285150050250e-01 1.948572260776994802e-01 6.668713986462141463e+01 9.429330599456909549e-04
-3.841672946755067208e+00 -4.712461285150050250e-01 1.948572260776994802e-01 6.668713986462141463e+01 9.429330599456909549e-04
-3.841672946755067208e+00 -4.712461285150050250e-01 1.948572260776994802e-01 6.668713986462141463e+01 9.429330599456909549e-04
-3.841672946755067208e+00 -4.712461285150050250e-01 1.948572260776994802e-01 6.668713986462141463e+01 9.429330599456909549e-04
-3.841672946755067208e+00 -4.712461285150050250e-01 1.948572260776994802e-01 6.668713986462141463e+01 9.429330599456909549e-04
-3.841672946755067208e+00 -4.712461285150050250e-01 1.948572260776994802e-01 6.668713986462141463e+01 9.429330599456909549e-04
-3.899422038145571090e+00 -4.708532248471840043e-01 1.883744729956174369e-01 6.642520931610926027e+01 9.724215776997537086e-04
-3.899422038145571090e+00 -4.708532248471840043e-01 1.883744729956174369e-01 6.642520931610926027e+01 9.724215776997537086e-04
-3.899422038145571090e+00 -4.708532248471840043e-01 1.883744729956174369e-01 6.642520931610926027e+01 9.724215776997537086e-04
-4.005979959472757201e+00 -4.363776448558165377e-01 1.865431160984891978e-01 7.313975848383549305e+01 1.038636879697530865e-03
-3.774290458925054548e+00 -4.191686803888802215e-01 1.669170859185548916e-01 7.897544433578597989e+01 1.149845292086977902e-03
-3.687906825461027882e+00 -3.944182930833408651e-01 1.810183967784040338e-01 7.899640884626613513e+01 1.241515249375757784e-03
-3.730989724005491670e+00 -3.797252599850508559e-01 1.694783068679054372e-01 8.404984793194262238e+01 1.423859069443325631e-03
-3.730989724005491670e+00 -3.797252599850508559e-01 1.694783068679054372e-01 8.404984793194262238e+01 1.423859069443325631e-03
-3.991778530721846519e+00 -3.493174498467424005e-01 1.599518490884443422e-01 7.664949637212772870e+01 1.557893826879470141e-03
-3.991778530721846519e+00 -3.493174498467424005e-01 1.599518490884443422e-01 7.664949637212772870e+01 1.557893826879470141e-03
-3.991778530721846519e+00 -3.493174498467424005e-01 1.599518490884443422e-01 7.664949637212772870e+01 1.557893826879470141e-03
-3.991778530721846519e+00 -3.493174498467424005e-01 1.599518490884443422e-01 7.664949637212772870e+01 1.557893826879470141e-03
-3.768598997103800308e+00 -3.815777101289715145e-01 1.571495946913183672e-01 7.893813355694058487e+01 1.654406283660928272e-03
-3.722112108762101190e+00 -4.153929890257135882e-01 1.595984710442494292e-01 8.851166139303488478e+01 1.525013833098495981e-03
-3.737424335378027429e+00 -3.803644232602859110e-01 1.573818701569289769e-01 8.549195002080207928e+01 1.568381057764851698e-03
-4.405296420996991813e+00 -4.098443735263594401e-01 1.515679376661293598e-01 7.468852098425894326e+01 1.174237786999362231e-03
-4.366824803812645150e+00 -4.363784954221709422e-01 1.667009453346338099e-01 6.545107039857252573e+01 1.315016061475605871e-03
-4.366824803812645150e+00 -4.363784954221709422e-01 1.667009453346338099e-01 6.545107039857252573e+01 1.315016061475605871e-03
-4.213246593691401642e+00 -3.767263479624162192e-01 1.682875041655799708e-01 6.424136567576773871e+01 1.698273817528939437e-03
-4.501856156680626775e+00 -3.646521332860539477e-01 1.544114158400182457e-01 8.372678714617788387e+01 1.757393085971087560e-03
-4.466595597193582456e+00 -3.327531964736091252e-01 1.530328267912534068e-01 8.001169748252944203e+01 1.332752590111992022e-03
-4.466595597193582456e+00 -3.327531964736091252e-01 1.530328267912534068e-01 8.001169748252944203e+01 1.332752590111992022e-03
-4.534518860091941939e+00 -3.412059667595149781e-01 1.466282230762049055e-01 7.635349383224590269e+01 1.253448938531448193e-03
-4.284445891322337552e+00 -4.313912436360615166e-01 1.275632503836539589e-01 8.239667319438773063e+01 1.153663095779147718e-03
-3.694468508949769081e+00 -4.403299473607071857e-01 1.314269239727769711e-01 8.415738020221223792e+01 1.783737081823201509e-03
-3.755125197400592363e+00 -4.116493251558447919e-01 1.194400163581143814e-01 8.751272933221511607e+01 2.241324064529428943e-03
-4.866267488523616791e+00 -3.546509504532476820e-01 1.331105890250082191e-01 8.704636508751623580e+01 1.778465776902588393e-03
-4.827747686465160726e+00 -3.928008794405793980e-01 1.488824452197643478e-01 7.581855451136186730e+01 1.502562795292310127e-03
-4.417554264545976217e+00 -3.321649002659106120e-01 1.385015134971213924e-01 8.028191157328527083e+01 1.264462182496518382e-03
-4.480633601560076507e+00 -3.306379729238159704e-01 1.296737155818293297e-01 8.046933309593966044e+01 1.272050409294380336e-03
-4.480633601560076507e+00 -3.306379729238159704e-01 1.296737155818293297e-01 8.046933309593966044e+01 1.272050409294380336e-03
-4.321091011729482290e+00 -3.803293789841624140e-01 1.414714116510126796e-01 7.411402371003872247e+01 1.312426769940244591e-03
-4.551157264814898795e+00 -3.938609883085045227e-01 1.533203554486109454e-01 7.745990668047039662e+01 1.421726592695786873e-03
-4.551157264814898795e+00 -3.938609883085045227e-01 1.533203554486109454e-01 7.745990668047039662e+01 1.421726592695786873e-03
-4.847353372805653926e+00 -4.270737456375478525e-01 1.539669079223744963e-01 7.174485197569697448e+01 1.500909563298195339e-03
-4.863926073135711015e+00 -4.192915763641658078e-01 1.643799671435745569e-01 6.584275403235675128e+01 1.615275074921149363e-03
-4.727574447413662284e+00 -4.781733860936549507e-01 1.793158558419485349e-01 6.005419019501248101e+01 1.830073364019505280e-03
-4.727574447413662284e+00 -4.781733860936549507e-01 1.793158558419485349e-01 6.005419019501248101e+01 1.830073364019505280e-03
-4.727574447413662284e+00 -4.781733860936549507e-01 1.793158558419485349e-01 6.005419019501248101e+01 1.830073364019505280e-03
-4.443712758745116176e+00 -5.286215093096363615e-01 1.812098370178497342e-01 6.401400941485697160e+01 1.541990099071612920e-03
-4.199029627864229397e+00 -5.058886602588271719e-01 1.840487796167789014e-01 6.010165749565939564e+01 1.296079476062036474e-03
-4.081631662763617996e+00 -6.081753888327475766e-01 1.770246681195291605e-01 6.279087892770521506e+01 1.069727935228502198e-03
-3.149117919291852807e+00 -7.011218568145639596e-01 1.668313403098124204e-01 6.671697700529945507e+01 1.364885415294716728e-03
-3.094022434405238275e+00 -7.458776452804577461e-01 1.516101435047533252e-01 6.167991399739376135e+01 1.802613171961883753e-03
-3.147535729964015871e+00 -7.498945877143675665e-01 1.484642272838581356e-01 6.143962889175816855e+01 1.890044086952705898e-03
-4.489890752583693967e+00 -7.048764457431583308e-01 1.294066552239209467e-01 6.557421589137321405e+01 1.120212310111554695e-03
