-3.847023515070667976e+00 -6.762136402667175972e-01 1.036057476455460036e-01 8.420429137008304110e+01 1.312661137864949180e-03
-3.847023515070667976e+00 -6.762136402667175972e-01 1.036057476455460036e-01 8.420429137008304110e+01 1.312661137864949180e-03
-3.227259187708920063e+00 -7.367428568114064991e-01 9.912110181537381326e-02 8.146452928971486074e+01 1.449790748052332164e-03
-3.449204984233039450e+00 -8.069523459965051160e-01 9.003861805607928093e-02 8.582408179656354719e+01 1.526674145863798036e-03
-3.612705747510988274e+00 -8.917406740436497614e-01 1.153551105706221991e-01 8.300074070272353310e+01 1.167546474195497314e-03
-3.498058374214328303e+00 -9.284904517701251248e-01 1.025507343218310108e-01 7.067011994240198192e+01 1.700995005490275403e-03
-3.380311644788133840e+00 -8.787848131171449584e-01 1.300948358101877700e-01 8.992837720203556273e+01 2.308080847388172766e-03
-3.198098014394971322e+00 -8.695040885388478635e-01 1.561241753412687672e-01 8.173071225691285235e+01 2.178191698734936992e-03
-3.198098014394971322e+00 -8.695040885388478635e-01 1.561241753412687672e-01 8.173071225691285235e+01 2.178191698734936992e-03
-3.192431866347205105e+00 -9.064865790709110138e-01 1.362152336827258392e-01 7.270527996733882503e+01 9.122192143631423916e-04
-3.460666231391714476e+00 -9.201464057333603730e-01 1.348295508190029413e-01 6.600968726714849311e+01 9.854233188739322784e-04
-3.615324769745597244e+00 -9.564089957786026108e-01 1.230215025408015750e-01 7.606827807307053035e+01 9.138363244506504928e-04
-3.615324769745597244e+00 -9.564089957786026108e-01 1.230215025408015750e-01 7.606827807307053035e+01 9.138363244506504928e-04
-3.615324769745597244e+00 -9.564089957786026108e-01 1.230215025408015750e-01 7.606827807307053035e+01 9.138363244506504928e-04
-3.884352006104354160e+00 -9.585649024729144818e-01 1.397505852557219819e-01 7.730843565286036778e+01 1.541306258847285502e-03
-4.005511564597233232e+00 -8.410526734326955189e-01 1.505224572215771439e-01 7.922303420119571626e+01 2.084327582360125369e-03
-3.970377007871530584e+00 -7.931521041206837097e-01 1.503479232326065396e-01 7.699119953465270783e+01 1.614756434986697013e-03
-4.103630771721202386e+00 -7.712773383840314523e-01 1.416881943580146352e-01 6.583327210296580745e+01 9.406561404513315554e-04
-3.951898544923344136e+00 -8.964766550790951305e-01 1.350231567420904499e-01 8.109789407686747609e+01 1.763764708441052480e-03
-4.029160347643299112e+00 -8.145034731830003150e-01 1.337609977042116260e-01 8.481760602162593443e+01 2.110933471356850420e-03
-4.147225291302118144e+00 -7.760221111033821506e-01 1.406151092552450910e-01 8.142532000889993071e+01 1.948182324641256928e-03
-4.257810027178730472e+00 -8.232833093241014311e-01 1.393829610324602009e-01 7.913972437542052774e+01 1.794789141533689476e-03
-4.181773816589813286e+00 -7.580076570159249849e-01 1.488254739096882273e-01 6.519576542640328398e+01 9.819830304747285011e-04
-3.692265162875295825e+00 -6.720449766036318273e-01 1.360248288547638018e-01 6.246565204109658964e+01 1.881188426476725680e-03
-3.813419805816538943e+00 -6.081075450844448671e-01 1.476060900186391689e-01 6.584219229338036428e+01 1.201731425806322213e-03
-4.432440335607833681e+00 -4.382591292170578967e-01 1.466750748670215543e-01 7.162909376498217284e+01 1.140784481836327070e-03
-4.024784651644861100e+00 -4.412090431061829743e-01 1.302344380715821093e-01 7.432498511070333791e+01 1.702194960128920569e-03
-4.384139651650292180e+00 -4.621446158841082674e-01 1.294452727754717147e-01 7.635960873224640011e+01 1.054297518833815367e-03
-4.955878250900139115e+00 -4.636575475811823832e-01 1.394744993027869362e-01 7.403253467783635244e+01 1.282562178698538283e-03
-4.186091545867145491e+00 -3.455847784741685746e-01 1.468386036176949627e-01 7.245771853020168862e+01 1.826290627016217971e-03
-4.186091545867145491e+00 -3.455847784741685746e-01 1.468386036176949627e-01 7.245771853020168862e+01 1.826290627016217971e-03
-4.186091545867145491e+00 -3.455847784741685746e-01 1.468386036176949627e-01 7.245771853020168862e+01 1.826290627016217971e-03
-4.294665220791401339e+00 -3.361072490846573890e-01 1.439847703143597724e-01 7.173516950657503344e+01 1.859788420358598864e-03
-4.013085896843522349e+00 -3.293198648196004052e-01 1.448220323277948918e-01 7.254143732837026448e+01 2.825603038402527134e-03
-4.013085896843522349e+00 -3.293198648196004052e-01 1.448220323277948918e-01 7.254143732837026448e+01 2.825603038402527134e-03
-3.489553252049852450e+00 -3.710911246418234777e-01 1.393698113819677453e-01 8.208466176547437954e+01 2.789034430292635421e-03
-3.617789708740160481e+00 -4.311852876498583620e-01 1.299428358712034492e-01 8.176368053457653673e+01 2.214746542798489391e-03
-3.617789708740160481e+00 -4.311852876498583620e-01 1.299428358712034492e-01 8.176368053457653673e+01 2.214746542798489391e-03
-3.968194760629670359e+00 -5.653551864024266571e-01 1.473763932770513485e-01 7.992569172628525109e+01 1.204532882141658677e-03
-4.939608492799522743e+00 -4.788709992861535092e-01 1.550274886788574613e-01 6.779070486439793797e+01 1.452898661173943062e-03
-4.854222257868246793e+00 -5.931554457294524463e-01 1.617045359094765877e-01 7.013147232344370252e+01 1.865985528296172560e-03
-4.623899410520438735e+00 -6.475219468543241819e-01 1.661891786580478314e-01 7.263825465401853876e+01 2.197154469988827144e-03
-4.285253589365376037e+00 -6.297495092473387457e-01 1.645398662428565195e-01 7.259653135398011159e+01 1.593394291184840276e-03
-4.285253589365376037e+00 -6.297495092473387457e-01 1.645398662428565195e-01 7.259653135398011159e+01 1.593394291184840276e-03
-3.797480095839838032e+00 -7.103509481506355971e-01 1.503554673731231917e-01 6.154039418816402929e+01 1.249014020058663394e-03
-3.733183027713321334e+00 -8.607371777075165653e-01 1.527152759147973882e-01 7.577865249011142623e+01 1.513805432420755031e-03
-3.786203454344236441e+00 -7.138069219918727892e-01 1.524873582052928001e-01 8.212060243870868703e+01 1.887237717010070183e-03
-3.321073589331896780e+00 -5.721752195554710152e-01 1.440217123116538656e-01 7.981105265646436919e+01 9.502030322970330452e-04
-3.231693596508864896e+00 -6.671926841280637621e-01 1.464504897319763022e-01 7.508042426119368429e+01 9.279313107775936584e-04
-3.231693596508864896e+00 -6.671926841280637621e-01 1.464504897319763022e-01 7.508042426119368429e+01 9.279313107775936584e-04
-3.231693596508864896e+00 -6.671926841280637621e-01 1.464504897319763022e-01 7.508042426119368429e+01 9.279313107775936584e-04
-3.231693596508864896e+00 -6.671926841280637621e-01 1.464504897319763022e-01 7.508042426119368429e+01 9.279313107775936584e-04
-3.169508511256012184e+00 -7.026571713443952039e-01 1.359178123007843686e-01 7.694864953009948749e+01 9.294593745099392207e-04
-3.523802396905679757e+00 -7.449548408707662439e-01 1.397988126099468931e-01 7.885465284999955315e+01 1.029019838903313944e-03
-3.178429670032246968e+00 -7.287796716425528620e-01 1.421589631157596789e-01 7.813967852822555926e+01 1.003341102456780081e-03
-3.178429670032246968e+00 -7.287796716425528620e-01 1.421589631157596789e-01 7.813967852822555926e+01 1.003341102456780081e-03
-3.178429670032246968e+00 -7.287796716425528620e-01 1.421589631157596789e-01 7.813967852822555926e+01 1.003341102456780081e-03
-3.159489021358816707e+00 -8.990554506621515340e-01 1.305711833934679322e-01 7.903536364929389890e+01 1.084599721727196996e-03
-3.159489021358816707e+00 -8.990554506621515340e-01 1.305711833934679322e-01 7.903536364929389890e+01 1.084599721727196996e-03
-3.159489021358816707e+00 -8.990554506621515340e-01 1.305711833934679322e-01 7.903536364929389890e+01 1.084599721727196996e-03
-3.609717262752318412e+00 -7.567946157887518455e-01 1.215774730299893219e-01 8.323474840313612333e+01 1.136675164520204069e-03
-3.498008362614071665e+00 -7.131450414151352390e-01 1.221973233054556573e-01 7.937935865196597263e+01 9.552078413414676495e-04
-3.336394098638127748e+00 -7.920861581010086860e-01 1.138239034526969257e-01 8.237828635909390584e+01 9.861881160640136902e-04
-3.336394098638127748e+00 -7.920861581010086860e-01 1.138239034526969257e-01 8.237828635909390584e+01 9.861881160640136902e-04
-3.426194994763262169e+00 -8.357588909627056140e-01 1.143480002957151659e-01 8.829899944733836037e+01 1.434879460645961929e-03
-3.201003000074058136e+00 -8.601118949255447399e-01 1.307990153512706699e-01 6.781173977275594211e+01 1.151993462002909264e-03
-3.201003000074058136e+00 -8.601118949255447399e-01 1.307990153512706699e-01 6.781173977275594211e+01 1.151993462002909264e-03
-3.092411491495232756e+00 -8.973752619693484700e-01 1.330951571266136835e-01 6.962356353020126676e+01 1.010568259312227390e-03
-3.102699442316283918e+00 -9.542778307507665536e-01 1.223152249706142142e-01 7.922440269455857731e+01 1.029314464022957135e-03
-3.394090162138895916e+00 -9.453183214131434253e-01 1.142794295320252035e-01 7.171255541856795901e+01 1.058870251120987236e-03
-3.394090162138895916e+00 -9.453183214131434253e-01 1.142794295320252035e-01 7.171255541856795901e+01 1.058870251120987236e-03
-3.239599993739161299e+00 -9.141441251370743259e-01 1.126905184382015063e-01 7.560578808251851513e+01 9.449150473641234216e-04
-3.049626880001783835e+00 -7.906768496269872548e-01 1.104301888967350875e-01 7.242189286271270987e+01 1.289601540499951465e-03
-3.527319794290185939e+00 -7.390012895039804741e-01 1.223012270777237287e-01 8.803057680608945645e+01 1.416046531001434461e-03
-3.644782122469545804e+00 -7.940767300182540733e-01 1.269310290491410254e-01 8.775284126983851252e+01 1.817647563110097540e-03
-3.876463176818748302e+00 -6.958295442081054993e-01 1.194721661546763319e-01 8.450877938908068643e+01 1.258858455875601443e-03
-3.876463176818748302e+00 -6.958295442081054993e-01 1.194721661546763319e-01 8.450877938908068643e+01 1.258858455875601443e-03
-3.340706402489047822e+00 -7.234766729403007135e-01 1.069198396638235543e-01 7.859722997500352903e+01 1.421371004130135736e-03
-3.194387305268613364e+00 -6.583883517918505124e-01 9.720447952341626507e-02 8.989546529902276006e+01 1.217784951306500772e-03
-3.140751533879155399e+00 -6.713796218103245117e-01 1.038857311569972575e-01 8.633519938552419148e+01 1.011053081956904192e-03
-3.140751533879155399e+00 -6.713796218103245117e-01 1.038857311569972575e-01 8.633519938552419148e+01 1.011053081956904192e-03
-3.039662455478623571e+00 -7.058184242913974060e-01 1.070627653858646638e-01 7.923523079126384516e+01 1.018934797601306168e-03
-3.039662455478623571e+00 -7.058184242913974060e-01 1.070627653858646638e-01 7.923523079126384516e+01 1.018934797601306168e-03
-3.019292681442749871e+00 -7.312280404601509964e-01 1.124597993488532233e-01 7.174383748012968454e+01 1.348192970307180317e-03
-3.019292681442749871e+00 -7.312280404601509964e-01 1.124597993488532233e-01 7.174383748012968454e+01 1.348192970307180317e-03
-3.559576663450054301e+00 -7.257437024643550449e-01 1.171969158639371150e-01 6.567154405542589757e+01 2.309157725715339435e-03
-3.849998737652277292e+00 -7.056521802812453226e-01 1.266635599257354694e-01 6.330644661912217686e+01 1.856526391952040755e-03
-3.364583126759899567e+00 -7.012050723045863965e-01 1.336420673954979155e-01 7.643050767504655596e+01 8.953381253448685706e-04
-3.364583126759899567e+00 -7.012050723045863965e-01 1.336420673954979155e-01 7.643050767504655596e+01 8.953381253448685706e-04
-3.364583126759899567e+00 -7.012050723045863965e-01 1.336420673954979155e-01 7.643050767504655596e+01 8.953381253448685706e-04
-3.364583126759899567e+00 -7.012050723045863965e-01 1.336420673954979155e-01 7.643050767504655596e+01 8.953381253448685706e-04
-3.262598288427651649e+00 -5.440533586249109987e-01 1.342725722778400632e-01 8.933224871040562221e+01 9.989577497180239605e-04
-3.577966711962746515e+00 -6.027818604434838079e-01 1.375975857815969206e-01 7.462507550910903831e+01 1.060999776655145548e-03
-3.364704684941587587e+00 -6.489935219876361572e-01 1.437380337003771602e-01 7.265059276400936028e+01 9.825758059325243477e-04
-3.684796306819523526e+00 -6.478235557492727503e-01 1.242752462160860855e-01 7.556905170967172580e+01 1.158044442161124121e-03
-3.684796306819523526e+00 -6.478235557492727503e-01 1.242752462160860855e-01 7.556905170967172580e+01 1.158044442161124121e-03
-3.985835848715779672e+00 -7.104586773652876719e-01 1.045132765031366595e-01 7.982247577473350475e+01 1.190621311903498035e-03
-3.985835848715779672e+00 -7.104586773652876719e-01 1.045132765031366595e-01 7.982247577473350475e+01 1.190621311903498035e-03
-3.985835848715779672e+00 -7.104586773652876719e-01 1.045132765031366595e-01 7.982247577473350475e+01 1.190621311903498035e-03
-4.590331699000536503e+00 -7.139186440459349692e-01 1.080817095821259566e-01 7.770107045712599358e+01 8.895718940377748268e-04
-4.569420522609650703e+00 -6.124220150882212499e-01 1.030191252107438282e-01 8.141467641731463800e+01 9.488682216289090823e-04
-4.569420522609650703e+00 -6.124220150882212499e-01 1.030191252107438282e-01 8.141467641731463800e+01 9.488682216289090823e-04
-4.110126778898734123e+00 -5.138338762764044221e-01 1.134067830498738105e-01 8.187998944004971236e+01 1.283479647814679200e-03
-4.110126778898734123e+00 -5.138338762764044221e-01 1.134067830498738105e-01 8.187998944004971236e+01 1.283479647814679200e-03
-4.434560989251480123e+00 -4.260986087456305471e-01 1.244126516488664597e-01 7.503356294984268970e+01 1.235233207331387596e-03
-4.238617145284144350e+00 -3.466039406446017046e-01 1.320057486817456938e-01 8.441587930898342051e+01 1.440345014195577866e-03
-4.764626506944387607e+00 -4.985088767331359305e-01 1.386176725039793833e-01 8.815049376523310798e+01 2.722270844266944708e-03
-4.793111206652649336e+00 -6.391195086860066432e-01 1.325570601542752358e-01 8.934548714715481310e+01 3.069973128343578966e-03
-4.353751045461194735e+00 -7.359049074255424872e-01 1.173441099787482927e-01 8.824568980697461029e+01 1.923471545286167730e-03
-4.210345836080874982e+00 -8.471954578514725442e-01 1.126400657902285329e-01 7.936729732867989640e+01 1.000741896092028791e-03
-4.098523595941329312e+00 -7.938860099602302878e-01 1.061335757297578453e-01 7.506387856709608286e+01 1.097228914388993998e-03
-4.628498282615562509e+00 -8.667392222163450288e-01 9.911111568241322278e-02 7.040035449663362499e+01 1.360297789175439302e-03
-4.628498282615562509e+00 -8.667392222163450288e-01 9.911111568241322278e-02 7.040035449663362499e+01 1.360297789175439302e-03
-4.915577367051578328e+00 -9.064939922676990003e-01 1.157563150293084153e-01 7.045078167105494060e+01 8.664601754951910739e-04
-4.416023311002543750e+00 -9.564415338659570942e-01 1.216228455936906316e-01 7.415202854013648448e+01 9.556033810157814985e-04
-4.441973959667593341e+00 -8.680434165929094004e-01 1.155904401020550754e-01 7.514662776380748710e+01 8.909633040107250556e-04
-4.436374701990459357e+00 -8.537197799762489270e-01 1.169571814867279291e-01 7.000171794727326358e+01 9.259957597708333649e-04
-4.425618694486724181e+00 -7.996726518506360737e-01 1.276270505207126871e-01 6.193655961379225516e+01 1.392746312343331365e-03
-4.379483974585830275e+00 -8.348873082505450238e-01 1.293372575971401817e-01 6.703708155187688078e+01 9.485082441966396138e-04
-3.595124793359751436e+00 -8.339391646533423907e-01 1.382432837077606502e-01 7.017170240219068944e+01 8.434024878988908170e-04
-3.595124793359751436e+00 -8.339391646533423907e-01 1.382432837077606502e-01 7.017170240219068944e+01 8.434024878988908170e-04
-3.468203236026055958e+00 -9.528529279849750067e-01 1.362445848240099733e-01 6.284126251338655322e+01 1.170400800327774148e-03
-3.468203236026055958e+00 -9.528529279849750067e-01 1.362445848240099733e-01 6.284126251338655322e+01 1.170400800327774148e-03
-3.468203236026055958e+00 -9.528529279849750067e-01 1.362445848240099733e-01 6.284126251338655322e+01 1.170400800327774148e-03
-3.012594898340006377e+00 -9.049844035388648900e-01 1.307446065041531769e-01 6.965621899494928471e+01 9.987736580192624510e-04
-3.204486902456804120e+00 -9.312965313735148687e-01 1.543464327717382345e-01 6.260970092008832211e+01 1.182010000489115524e-03
-3.323832113472603211e+00 -7.564762090346490719e-01 1.666471273156014399e-01 7.247659918191115480e+01 1.112453810092053994e-03
-3.323832113472603211e+00 -7.564762090346490719e-01 1.666471273156014399e-01 7.247659918191115480e+01 1.112453810092053994e-03
-3.023071561631177850e+00 -7.710941774951360905e-01 1.662247694275583443e-01 6.392402549328853922e+01 1.594652565878974110e-03
-3.287276417818377094e+00 -9.246161518205017193e-01 1.300460432641840081e-01 6.787638620634355391e+01 1.010891137037136503e-03
-3.201925698449269220e+00 -8.566448253023206671e-01 1.297602249813285813e-01 8.061734760398303479e+01 1.061725064606728946e-03
-3.169255129327550602e+00 -8.727186312261407952e-01 1.419165130001474873e-01 6.580172723219345698e+01 1.146840142271151122e-03
-3.039316350755450813e+00 -8.699032761446960915e-01 1.437650783101940000e-01 7.673394155074804246e+01 1.593739214513002680e-03
-3.235247257266686827e+00 -7.705107254731523581e-01 1.393833617747412823e-01 7.914867263195471025e+01 1.004936695409240285e-03
-3.235247257266686827e+00 -7.705107254731523581e-01 1.393833617747412823e-01 7.914867263195471025e+01 1.004936695409240285e-03
-3.344991546497731782e+00 -7.625475255955088683e-01 1.493688969303141878e-01 7.623934999488298558e+01 1.011067443133976387e-03
-3.344991546497731782e+00 -7.625475255955088683e-01 1.493688969303141878e-01 7.623934999488298558e+01 1.011067443133976387e-03
-3.465584094819170069e+00 -7.302689384384467575e-01 1.551323996628841961e-01 6.693943292873130702e+01 9.169972372695922276e-04
-3.497049563549423201e+00 -7.086365289203788720e-01 1.400168292029888850e-01 6.557576099134472258e+01 1.340463020629127384e-03
-3.497049563549423201e+00 -7.086365289203788720e-01 1.400168292029888850e-01 6.557576099134472258e+01 1.340463020629127384e-03
-3.336491809513018048e+00 -6.978345946019810508e-01 1.424539485739917122e-01 7.546619600570953423e+01 8.653039937533174748e-04
-3.336491809513018048e+00 -6.978345946019810508e-01 1.424539485739917122e-01 7.546619600570953423e+01 8.653039937533174748e-04
-3.336491809513018048e+00 -6.978345946019810508e-01 1.424539485739917122e-01 7.546619600570953423e+01 8.653039937533174748e-04
-3.387215890632355286e+00 -6.688443065242666297e-01 1.355404613672417380e-01 8.367909983222905623e+01 1.090258368848316022e-03
-3.448275802060460027e+00 -6.031160437150402398e-01 1.578872766980644049e-01 7.387640349359767811e+01 8.681728172393705315e-04
-3.629446135018131070e+00 -5.261063458314273467e-01 1.470121254540892319e-01 7.972010970849601108e+01 1.053183947183371303e-03
-3.715829874198900651e+00 -5.624962227509581192e-01 1.379128489587087281e-01 8.947886906678273533e+01 1.686287441435568944e-03
-3.711815528581235757e+00 -4.715609360199369271e-01 1.399949960003415428e-01 8.513988427436274264e+01 1.359757371603339746e-03
-4.107483415758952816e+00 -5.106356498561510637e-01 1.285940760438889496e-01 8.957010402269875726e+01 1.676717190753849659e-03
-4.644333529901381041e+00 -4.659961536596534115e-01 1.268974970783460221e-01 8.729631263661659091e+01 1.697025248848893107e-03
-4.818391329048224314e+00 -4.142155686119688429e-01 1.219924226487030805e-01 7.719000567511315580e+01 1.004813264414521545e-03
-4.991989094909758506e+00 -4.470076791800695060e-01 1.250725294484943406e-01 7.132274531215634283e+01 1.052318321312079377e-03
-4.991989094909758506e+00 -4.470076791800695060e-01 1.250725294484943406e-01 7.132274531215634283e+01 1.052318321312079377e-03
-4.292913628263920423e+00 -4.422859290390502296e-01 1.305591982466424716e-01 7.614242313491590153e+01 1.150419233106210514e-03
-3.640494706324937990e+00 -4.848789188775676773e-01 1.512430120770130726e-01 7.894546926445681834e+01 1.151954312916576070e-03
-3.488426886175216790e+00 -4.670515192998365706e-01 1.717048797280224803e-01 7.247861856972778583e+01 1.212908045295725025e-03
-3.488426886175216790e+00 -4.670515192998365706e-01 1.717048797280224803e-01 7.247861856972778583e+01 1.212908045295725025e-03
-3.488426886175216790e+00 -4.670515192998365706e-01 1.717048797280224803e-01 7.247861856972778583e+01 1.212908045295725025e-03
-3.776910335778168371e+00 -5.142994955844781835e-01 1.635633180029699152e-01 7.307913122745227952e+01 9.287455040049349270e-04
-4.097457673686604629e+00 -4.113622162797863080e-01 1.763188165784470018e-01 8.038089464955029939e+01 1.458754250051550252e-03
-3.889513856183559160e+00 -3.263654708326291232e-01 1.828274436209930409e-01 8.134464156720426331e+01 1.456218786661559253e-03
-3.846095829251407139e+00 -5.218864493261621273e-01 1.846643548411787683e-01 8.140540991840475726e+01 1.895392582658096334e-03
-4.097142189349944452e+00 -4.157485074559051919e-01 1.702491189482533696e-01 7.208656261930889286e+01 1.053556352788170185e-03
-4.226080702813667322e+00 -3.865905358477596532e-01 1.679400855770250833e-01 8.053480779600307926e+01 1.429601653905271472e-03
-4.283792033276382583e+00 -3.613726494362304309e-01 1.669262671236704243e-01 8.247684878006616316e+01 1.576116560801780683e-03
-4.062079890191356846e+00 -4.472039180056173735e-01 1.748235317126884680e-01 8.451642120030599870e+01 2.004877781385308848e-03
-4.062079890191356846e+00 -4.472039180056173735e-01 1.748235317126884680e-01 8.451642120030599870e+01 2.004877781385308848e-03
-4.062079890191356846e+00 -4.472039180056173735e-01 1.748235317126884680e-01 8.451642120030599870e+01 2.004877781385308848e-03
-3.803496493927530864e+00 -4.643465420311778113e-01 1.737982949194843973e-01 8.457820818070881330e+01 1.541392318344596279e-03
-4.347347573819321909e+00 -4.660734030773729386e-01 1.543854039364059572e-01 7.575585756996994746e+01 1.248265978091287354e-03
-3.894194499704455303e+00 -3.877879644254019209e-01 1.567613395166894963e-01 7.258937147379465671e+01 1.769346577408413383e-03
-3.894194499704455303e+00 -3.877879644254019209e-01 1.567613395166894963e-01 7.258937147379465671e+01 1.769346577408413383e-03
-3.894194499704455303e+00 -3.877879644254019209e-01 1.567613395166894963e-01 7.258937147379465671e+01 1.769346577408413383e-03
-3.234031877529672361e+00 -4.670645645776779764e-01 1.674229825230069968e-01 8.240883534782068409e+01 1.083733892876440888e-03
-3.412248324440952274e+00 -4.161778007928917389e-01 1.711168539380002462e-01 7.750387006646033683e+01 1.462794996296004364e-03
-3.412248324440952274e+00 -4.161778007928917389e-01 1.711168539380002462e-01 7.750387006646033683e+01 1.462794996296004364e-03
-3.840363060950555685e+00 -3.468834821804442914e-01 1.739431308594901471e-01 7.269570431793162868e+01 1.924667560138537681e-03
-3.840363060950555685e+00 -3.468834821804442914e-01 1.739431308594901471e-01 7.269570431793162868e+01 1.924667560138537681e-03
-3.840363060950555685e+00 -3.468834821804442914e-01 1.739431308594901471e-01 7.269570431793162868e+01 1.924667560138537681e-03
-3.539161456832935482e+00 -3.425465352473978653e-01 1.636381219768937578e-01 7.685350391638453971e+01 2.955428710419602447e-03
-3.539161456832935482e+00 -3.425465352473978653e-01 1.636381219768937578e-01 7.685350391638453971e+01 2.955428710419602447e-03
-3.539161456832935482e+00 -3.425465352473978653e-01 1.636381219768937578e-01 7.685350391638453971e+01 2.955428710419602447e-03
-3.032490623729668489e+00 -3.619896152226453334e-01 1.668329431053702516e-01 7.290384308520630441e+01 3.044693423210790423e-03
-3.039085581486247190e+00 -4.729348154285033523e-01 1.539450332239890307e-01 8.234030287240048551e+01 1.666449064446700115e-03
-3.507394198586466061e+00 -4.684868461852780830e-01 1.393143295157949768e-01 8.114756882184907738e+01 1.415791320495187909e-03
-3.507394198586466061e+00 -4.684868461852780830e-01 1.393143295157949768e-01 8.114756882184907738e+01 1.415791320495187909e-03
-3.028659449224158529e+00 -4.714571706329236389e-01 1.373013016951295517e-01 8.191530199260287759e+01 1.395412800326679449e-03
-3.028659449224158529e+00 -4.714571706329236389e-01 1.373013016951295517e-01 8.191530199260287759e+01 1.395412800326679449e-03
-3.028659449224158529e+00 -4.714571706329236389e-01 1.373013016951295517e-01 8.191530199260287759e+01 1.395412800326679449e-03
-3.028659449224158529e+00 -4.714571706329236389e-01 1.373013016951295517e-01 8.191530199260287759e+01 1.395412800326679449e-03
-3.028659449224158529e+00 -4.714571706329236389e-01 1.373013016951295517e-01 8.191530199260287759e+01 1.395412800326679449e-03
-3.028659449224158529e+00 -4.714571706329236389e-01 1.373013016951295517e-01 8.191530199260287759e+01 1.395412800326679449e-03
-3.028659449224158529e+00 -4.714571706329236389e-01 1.373013016951295517e-01 8.191530199260287759e+01 1.395412800326679449e-03
-3.203360193535768730e+00 -5.002221596357709910e-01 1.514443141418219674e-01 7.785874196511369405e+01 1.347566992540333037e-03
-3.203360193535768730e+00 -5.002221596357709910e-01 1.514443141418219674e-01 7.785874196511369405e+01 1.347566992540333037e-03
-3.203360193535768730e+00 -5.002221596357709910e-01 1.514443141418219674e-01 7.785874196511369405e+01 1.347566992540333037e-03
-3.231255855954707101e+00 -5.920693516541266632e-01 1.539376304468167145e-01 6.799519427791931037e+01 1.625764786509345094e-03
-3.214731920056936865e+00 -5.971825431728865485e-01 1.695869947476240092e-01 7.165788162814992290e+01 1.155344299592767684e-03
-3.482416561051966397e+00 -6.615672359281438153e-01 1.300664822455797343e-01 8.446729290122000577e+01 1.089525272560702349e-03
-3.442309021253817214e+00 -6.667624701111780627e-01 1.344083236336484910e-01 8.986672701122205353e+01 1.657778077967772806e-03
-4.034771589687812465e+00 -8.446142540829919554e-01 1.308000420400715069e-01 8.118490733711654173e+01 1.564879452775984814e-03
-4.034771589687812465e+00 -8.446142540829919554e-01 1.308000420400715069e-01 8.118490733711654173e+01 1.564879452775984814e-03
-3.963139692316264284e+00 -7.462777778576009657e-01 1.315346535981175291e-01 8.665697347576006848e+01 2.025392750852741952e-03
-4.232252897811769721e+00 -6.947445645760189636e-01 1.280228476243854829e-01 8.021799754943958760e+01 1.247526090312565689e-03
-4.068887759866638199e+00 -6.274930845542893154e-01 1.210724102775254107e-01 8.288814310683915210e+01 1.162426579921925409e-03
-3.884146505577411368e+00 -5.811933659662492646e-01 1.262936815545984415e-01 8.315455495122007790e+01 1.172466495337449923e-03
-3.884146505577411368e+00 -5.811933659662492646e-01 1.262936815545984415e-01 8.315455495122007790e+01 1.172466495337449923e-03
-4.234707890745407433e+00 -4.543898398825938489e-01 1.267204559067478531e-01 7.356184403173469377e+01 1.399241652278180106e-03
-4.234707890745407433e+00 -4.543898398825938489e-01 1.267204559067478531e-01 7.356184403173469377e+01 1.399241652278180106e-03
-4.234707890745407433e+00 -4.543898398825938489e-01 1.267204559067478531e-01 7.356184403173469377e+01 1.399241652278180106e-03
-4.234707890745407433e+00 -4.543898398825938489e-01 1.267204559067478531e-01 7.356184403173469377e+01 1.399241652278180106e-03
-4.603870773419236784e+00 -4.727925908784311182e-01 1.362604748571475677e-01 8.902790684677799504e+01 2.360171458138982797e-03
-4.377223824674481456e+00 -5.159637280414717253e-01 1.379197410787303679e-01 7.883693766217204768e+01 1.199946832066399634e-03
-4.377223824674481456e+00 -5.159637280414717253e-01 1.379197410787303679e-01 7.883693766217204768e+01 1.199946832066399634e-03
-3.914800231402931985e+00 -5.106684539948178614e-01 1.257182254940321653e-01 8.537468707637724208e+01 1.316742472411046132e-03
-3.917183357727618720e+00 -4.713577788209437625e-01 1.202157360160451272e-01 7.941595092113348642e+01 1.740320690210267474e-03
-3.917183357727618720e+00 -4.713577788209437625e-01 1.202157360160451272e-01 7.941595092113348642e+01 1.740320690210267474e-03
-4.363262859569942087e+00 -4.250202178636884875e-01 1.128953283335686619e-01 7.962151293930608631e+01 1.374511787034536203e-03
-4.212769164456945603e+00 -5.370255941481001383e-01 1.256439811373772086e-01 8.884989982924915353e+01 1.679010821088116646e-03
-4.454627628405312123e+00 -5.112455940183722181e-01 1.206991811046078250e-01 8.661225812074304997e+01 1.381240176504279233e-03
-4.454627628405312123e+00 -5.112455940183722181e-01 1.206991811046078250e-01 8.661225812074304997e+01 1.381240176504279233e-03
-4.352158383259807195e+00 -5.717078640339291473e-01 1.311665301372358095e-01 8.374464360663866103e+01 1.532028142538677425e-03
-4.423983025870286134e+00 -6.634799712946743977e-01 1.379229341764985073e-01 7.377499652800209162e+01 1.114389906298393238e-03
-4.287235283960664667e+00 -7.433739050254456471e-01 1.252574064936457232e-01 8.588820887631027290e+01 1.929511456068272197e-03
-4.427299373467575627e+00 -7.902748764381020141e-01 1.272417358607048632e-01 8.327685320087161358e+01 1.860539149288141774e-03
-4.503301867648604073e+00 -7.899932355634734504e-01 1.266197696310666365e-01 6.980541336267481256e+01 9.142010386531624960e-04
-4.427934029509971836e+00 -8.658699328426180397e-01 1.312767129961380785e-01 7.948021345894179035e+01 1.667790660338545287e-03
-4.096112995397617418e+00 -8.745299830174609879e-01 1.397463042114551468e-01 7.657547625321740270e+01 1.464107895963811905e-03
-4.257894700515213238e+00 -7.579750747617605144e-01 1.493421429967199954e-01 7.616924742602691367e+01 1.706166946094833832e-03
-4.024394166495204317e+00 -6.181800436990558811e-01 1.349663918907591798e-01 6.357290804425114317e+01 1.600139990385471105e-03
-3.632479295536037434e+00 -5.951034732421077722e-01 1.417301445626893419e-01 7.087151168810211743e+01 1.195167647877980232e-03
-3.632479295536037434e+00 -5.951034732421077722e-01 1.417301445626893419e-01 7.087151168810211743e+01 1.195167647877980232e-03
-3.578400126445865581e+00 -5.800070180818918120e-01 1.475624390334709379e-01 8.708840768424030898e+01 1.422070374258243425e-03
-3.361648982170341249e+00 -5.114867599366819118e-01 1.556921224297876938e-01 7.334887819756788474e+01 1.357891546557726554e-03
-3.361648982170341249e+00 -5.114867599366819118e-01 1.556921224297876938e-01 7.334887819756788474e+01 1.357891546557726554e-03
-3.738095708695299280e+00 -6.077092999341114909e-01 1.433841462130049371e-01 6.519898837742664455e+01 1.474071777232929033e-03
-3.738095708695299280e+00 -6.077092999341114909e-01 1.433841462130049371e-01 6.519898837742664455e+01 1.474071777232929033e-03
-3.974643785118212591e+00 -5.649097739519137740e-01 1.324168080998321395e-01 7.146592747880868046e+01 1.182144975615874536e-03
-3.974643785118212591e+00 -5.649097739519137740e-01 1.324168080998321395e-01 7.146592747880868046e+01 1.182144975615874536e-03
-4.830427819918671872e+00 -5.094908122728526445e-01 1.413933492362415278e-01 7.368388597193771261e+01 1.300079595950015673e-03
-4.467164010824806297e+00 -4.038576837901264316e-01 1.354132795484538354e-01 7.401635688009909586e+01 1.182098312004953040e-03
-4.467164010824806297e+00 -4.038576837901264316e-01 1.354132795484538354e-01 7.401635688009909586e+01 1.182098312004953040e-03
-4.322501577779816806e+00 -3.660141341703039286e-01 1.277746841684394563e-01 8.088459949166905005e+01 1.338180836061891171e-03
-4.322501577779816806e+00 -3.660141341703039286e-01 1.277746841684394563e-01 8.088459949166905005e+01 1.338180836061891171e-03
-4.379763768087573617e+00 -2.546753996073748416e-01 1.439747587457242406e-01 8.456252431055968088e+01 1.683495713847415337e-03
-4.419397973955469183e+00 -3.459092382691676404e-01 1.427139291962456757e-01 6.745706993097699922e+01 2.059508179540926655e-03
-4.489318147365352729e+00 -2.872971818859259008e-01 1.386866013524740704e-01 6.361506502270705710e+01 3.616886117348006892e-03
-4.489318147365352729e+00 -2.872971818859259008e-01 1.386866013524740704e-01 6.361506502270705710e+01 3.616886117348006892e-03
-4.571932778277273179e+00 -3.776955817409860527e-01 1.280731661959876866e-01 7.367893657842131461e+01 1.334487441659642322e-03
-4.316205184632752712e+00 -5.152815119502578423e-01 1.321582176085094873e-01 7.559786852042849148e+01 9.965957609806949842e-04
-4.656235327356021081e+00 -5.604818918386736959e-01 1.301498051754545748e-01 7.538021240878889273e+01 1.053984733040497224e-03
-4.284678358217179905e+00 -5.355395741219589612e-01 1.120858472628319946e-01 7.088359048421816055e+01 1.763365383874275711e-03
-4.259533428952457790e+00 -6.410197921029017198e-01 1.094781373556191345e-01 8.392028990229826491e+01 1.115004837595068559e-03
-4.259533428952457790e+00 -6.410197921029017198e-01 1.094781373556191345e-01 8.392028990229826491e+01 1.115004837595068559e-03
-4.612912634402173140e+00 -6.974491076753271956e-01 1.106072850944708197e-01 7.882973525917783775e+01 9.181720735545245357e-04
-4.537931215155289522e+00 -5.698534623043214342e-01 1.039386578455312182e-01 7.221361868872493517e+01 1.526379832118320446e-03
-4.302809718729884381e+00 -4.991875769592633016e-01 1.141982977623199752e-01 7.427399774973898161e+01 1.454080141598060923e-03
-4.302809718729884381e+00 -4.991875769592633016e-01 1.141982977623199752e-01 7.427399774973898161e+01 1.454080141598060923e-03
-4.302809718729884381e+00 -4.991875769592633016e-01 1.141982977623199752e-01 7.427399774973898161e+01 1.454080141598060923e-03
-4.240022026267422639e+00 -4.703409684559382575e-01 1.159055314565284739e-01 6.813409885943478628e+01 2.477286040850946308e-03
-4.229397605887790235e+00 -4.167109414823506053e-01 1.215194760948258845e-01 6.872956128504766582e+01 2.571556814289810075e-03
-4.229397605887790235e+00 -4.167109414823506053e-01 1.215194760948258845e-01 6.872956128504766582e+01 2.571556814289810075e-03
-4.019810011639267877e+00 -4.563819319121181772e-01 1.224282177385954129e-01 7.701977063782015875e+01 1.691951004056266306e-03
-4.019810011639267877e+00 -4.563819319121181772e-01 1.224282177385954129e-01 7.701977063782015875e+01 1.691951004056266306e-03
-4.442833388609543022e+00 -3.951638667873505484e-01 1.362375776290228047e-01 7.894295509557872492e+01 1.121812857855426044e-03
-4.047920089000392352e+00 -3.500936508454265961e-01 1.465906064406484743e-01 8.310224760498044816e+01 1.515194620068999708e-03
-4.166513439856372791e+00 -4.042129449573796385e-01 1.673775295293679077e-01 8.860485912513472329e+01 2.269061660750170458e-03
-4.307884359732330637e+00 -4.953954358716291528e-01 1.799683755232912019e-01 7.877564667739385129e+01 2.420305099648958555e-03
-4.732585010642167411e+00 -3.380881247702171022e-01 1.835063158207203560e-01 7.393865357733430699e+01 2.279876645088358723e-03
-4.732585010642167411e+00 -3.380881247702171022e-01 1.835063158207203560e-01 7.393865357733430699e+01 2.279876645088358723e-03
-4.475174753914984649e+00 -2.410854910119248073e-01 1.727695416077255908e-01 7.479507031673648498e+01 1.791253329145837785e-03
-4.475174753914984649e+00 -2.410854910119248073e-01 1.727695416077255908e-01 7.479507031673648498e+01 1.791253329145837785e-03
-4.475174753914984649e+00 -2.410854910119248073e-01 1.727695416077255908e-01 7.479507031673648498e+01 1.791253329145837785e-03
-4.515389382336087998e+00 -3.369305078640526530e-01 1.643701972726019644e-01 7.336334218197416135e+01 1.408069098192170614e-03
-4.515389382336087998e+00 -3.369305078640526530e-01 1.643701972726019644e-01 7.336334218197416135e+01 1.408069098192170614e-03
-4.223529525937131268e+00 -4.823453442036784722e-01 1.642682630556492607e-01 7.221837107363215580e+01 1.113873187187285670e-03
-4.309900608389387600e+00 -5.164668034461442625e-01 1.873531724541571963e-01 7.039773829597899635e+01 1.788335528232872862e-03
-4.075455090474526365e+00 -5.726029932225110697e-01 1.848371690408754375e-01 7.442427739295823130e+01 1.841756768925905318e-03
-3.841473488020307414e+00 -5.757504145346107327e-01 1.956606962439613184e-01 8.195877435314334036e+01 2.762029750169190702e-03
-4.127656585186613825e+00 -6.299560458018669262e-01 1.928388615269958362e-01 7.876351747021587357e+01 3.286225223688361494e-03
-4.103054790873508217e+00 -8.034960485429426535e-01 1.734072459264509591e-01 8.519390788487041277e+01 4.306696715740613093e-03
-3.806660135914256671e+00 -9.631289275026941876e-01 1.803420568065090268e-01 8.171928946276436534e+01 4.132533890389437393e-03
-3.806660135914256671e+00 -9.631289275026941876e-01 1.803420568065090268e-01 8.171928946276436534e+01 4.132533890389437393e-03
-4.066724156867569384e+00 -9.507223615434265973e-01 1.742192900459677840e-01 8.449851784511783137e+01 4.625900925583215605e-03
-3.374482413159871186e+00 -9.914341962860673263e-01 1.748817730448529451e-01 8.410371591594874019e+01 3.967977187689418830e-03
-3.283186682566539893e+00 -9.887212858237828250e-01 1.818789984816399363e-01 8.014987184954158295e+01 3.553534925359787180e-03
-3.318549770896302764e+00 -9.350823916271816527e-01 1.897665912458268989e-01 7.226973403424435105e+01 2.454437921138912827e-03
-3.318549770896302764e+00 -9.350823916271816527e-01 1.897665912458268989e-01 7.226973403424435105e+01 2.454437921138912827e-03
-3.420715293543962865e+00 -8.297908628490471283e-01 1.755539845752813466e-01 7.655845121051734736e+01 2.102594042606732109e-03
-3.678680373557213112e+00 -6.652554467068190203e-01 1.641352166834365578e-01 7.233825422985061948e+01 9.564965471024437912e-04
-3.606972249538387576e+00 -5.776016837776363211e-01 1.584607716981926429e-01 7.203205522544385531e+01 9.031855797130903911e-04
-3.606972249538387576e+00 -5.776016837776363211e-01 1.584607716981926429e-01 7.203205522544385531e+01 9.031855797130903911e-04
-3.606972249538387576e+00 -5.776016837776363211e-01 1.584607716981926429e-01 7.203205522544385531e+01 9.031855797130903911e-04
-3.571266930403619977e+00 -6.103402564183350032e-01 1.757039904024315369e-01 7.681647601218752186e+01 1.182516302199085843e-03
-3.571266930403619977e+00 -6.103402564183350032e-01 1.757039904024315369e-01 7.681647601218752186e+01 1.182516302199085843e-03
-3.571266930403619977e+00 -6.103402564183350032e-01 1.757039904024315369e-01 7.681647601218752186e+01 1.182516302199085843e-03
-3.273086607521587865e+00 -4.112083325942183509e-01 1.672379421059858595e-01 7.955800297212179828e+01 1.692874708301782272e-03
-3.273086607521587865e+00 -4.112083325942183509e-01 1.672379421059858595e-01 7.955800297212179828e+01 1.692874708301782272e-03
-3.459951139804404274e+00 -4.219284898483480206e-01 1.607573165566157647e-01 8.575770074923491393e+01 1.173628945338238156e-03
-3.459951139804404274e+00 -4.219284898483480206e-01 1.607573165566157647e-01 8.575770074923491393e+01 1.173628945338238156e-03
-3.459951139804404274e+00 -4.219284898483480206e-01 1.607573165566157647e-01 8.575770074923491393e+01 1.173628945338238156e-03
-3.459951139804404274e+00 -4.219284898483480206e-01 1.607573165566157647e-01 8.575770074923491393e+01 1.173628945338238156e-03
-3.459951139804404274e+00 -4.219284898483480206e-01 1.607573165566157647e-01 8.575770074923491393e+01 1.173628945338238156e-03
-3.459951139804404274e+00 -4.219284898483480206e-01 1.607573165566157647e-01 8.575770074923491393e+01 1.173628945338238156e-03
-4.126018164207542860e+00 -3.883716965214525363e-01 1.463744996765773965e-01 8.457904320817524990e+01 1.325873526111224880e-03
-4.137396367183622914e+00 -5.001696595693513325e-01 1.306571010193084692e-01 6.896369941172584106e+01 1.571964335833743974e-03
-4.305881158696643674e+00 -3.958576466932542393e-01 1.334030136580245662e-01 6.946551837512649286e+01 1.877593899409871767e-03
-4.825664897704518452e+00 -4.647489367076493294e-01 1.190014364928366208e-01 6.790490436948243769e+01 1.487407180047857751e-03
-4.825664897704518452e+00 -4.647489367076493294e-01 1.190014364928366208e-01 6.790490436948243769e+01 1.487407180047857751e-03
-4.974979288510920306e+00 -3.967404220813260940e-01 1.000705494647599891e-01 8.010904788946048427e+01 1.077134466998867085e-03
-4.896507205696971177e+00 -5.179088316887949794e-01 8.117286792686290164e-02 8.617684067704836082e+01 1.317881108730081709e-03
-4.654841978805882796e+00 -6.726341699478590730e-01 9.445805124645866024e-02 8.751811899420133045e+01 1.106387597620982557e-03
-4.908942566697755971e+00 -7.992426297425923032e-01 1.060786443538476315e-01 7.389462858727716821e+01 8.803607508847495142e-04
-4.906647823814526355e+00 -7.922114600939906826e-01 1.099395147389501948e-01 7.613532991289079632e+01 8.724937394837338055e-04
-4.806020363307395016e+00 -7.843635677506372028e-01 1.084725571841117508e-01 8.039059475436994262e+01 1.013805711744854895e-03
-4.635210466970687726e+00 -7.026795575174146213e-01 1.058724835002352732e-01 8.115340320695679566e+01 9.517106955420665763e-04
-4.635210466970687726e+00 -7.026795575174146213e-01 1.058724835002352732e-01 8.115340320695679566e+01 9.517106955420665763e-04
-4.635210466970687726e+00 -7.026795575174146213e-01 1.058724835002352732e-01 8.115340320695679566e+01 9.517106955420665763e-04
-4.635210466970687726e+00 -7.026795575174146213e-01 1.058724835002352732e-01 8.115340320695679566e+01 9.517106955420665763e-04
-4.503761848137535218e+00 -6.405138338437607048e-01 9.807066297418218226e-02 8.257889084842112482e+01 1.016528121561314450e-03
-4.503761848137535218e+00 -6.405138338437607048e-01 9.807066297418218226e-02 8.257889084842112482e+01 1.016528121561314450e-03
-4.711710367513093800e+00 -5.178098829303047212e-01 9.867595070188300843e-02 8.067802254750930047e+01 1.038033041347066667e-03
-4.002803872881306901e+00 -5.464840314104918439e-01 1.062319499023465785e-01 8.412820255003049397e+01 1.473306125717700320e-03
-4.303772136485609856e+00 -4.893674134948697851e-01 1.126273790705999839e-01 8.228829125115738918e+01 1.147467414635123216e-03
-4.129926137892385718e+00 -5.171826186716634854e-01 1.205942515375691693e-01 8.517132648307084253e+01 1.226618939773280528e-03
-3.463339094515585082e+00 -5.701420154864469403e-01 1.202745677099426452e-01 8.918415424498006416e+01 1.237030484393402199e-03
-3.613787551466982162e+00 -4.662528418791783702e-01 1.309446454537569748e-01 8.217284885412614415e+01 1.712839356558604111e-03
-3.629302462926146777e+00 -6.331020409006002936e-01 1.310743270309623065e-01 8.608401504040824648e+01 1.305875102503803366e-03
-3.077910082625924026e+00 -6.952384631709135343e-01 1.206737744842371202e-01 8.372960993548215924e+01 9.816417471569748553e-04
-3.166627557615491639e+00 -5.462468612469639773e-01 1.156510328924222203e-01 8.024503792285585746e+01 1.784550429639197465e-03
-3.166627557615491639e+00 -5.462468612469639773e-01 1.156510328924222203e-01 8.024503792285585746e+01 1.784550429639197465e-03
-3.166627557615491639e+00 -5.462468612469639773e-01 1.156510328924222203e-01 8.024503792285585746e+01 1.784550429639197465e-03
-3.166627557615491639e+00 -5.462468612469639773e-01 1.156510328924222203e-01 8.024503792285585746e+01 1.784550429639197465e-03
-3.166627557615491639e+00 -5.462468612469639773e-01 1.156510328924222203e-01 8.024503792285585746e+01 1.784550429639197465e-03
-3.421088182826230728e+00 -6.388495641842678596e-01 1.277608844901372276e-01 7.750053297504013017e+01 1.064367669196058901e-03
-3.421088182826230728e+00 -6.388495641842678596e-01 1.277608844901372276e-01 7.750053297504013017e+01 1.064367669196058901e-03
-3.421088182826230728e+00 -6.388495641842678596e-01 1.277608844901372276e-01 7.750053297504013017e+01 1.064367669196058901e-03
-3.770556613391276901e+00 -7.126632222653821458e-01 1.048045258160948678e-01 8.259965712149340789e+01 1.248136707005518750e-03
-4.216855216005817475e+00 -7.116449308739770663e-01 1.026632178645211779e-01 8.293222645645963098e+01 1.088258190154651941e-03
-4.216855216005817475e+00 -7.116449308739770663e-01 1.026632178645211779e-01 8.293222645645963098e+01 1.088258190154651941e-03
-3.956394050689251873e+00 -6.947103424687681716e-01 1.030626131095123826e-01 8.883759317158092017e+01 1.417567784223123292e-03
-4.068277130514075246e+00 -6.459367623062511887e-01 9.788018166711817680e-02 8.663332048570799770e+01 1.361906358570741642e-03
-4.899760555094093917e+00 -6.712750984169749691e-01 9.967423403721843711e-02 8.380137306960600085e+01 1.001093753884635699e-03
-4.650864625193807278e+00 -6.663581806783150929e-01 1.046062907316063217e-01 8.747008907515521514e+01 1.310135654976455699e-03
-4.752274822572962520e+00 -7.344977904437415273e-01 9.734464008481598374e-02 8.664032748623941416e+01 1.149641771348919707e-03
-4.850433924258345186e+00 -7.012651328297762054e-01 1.019991061836251073e-01 8.308630268652426309e+01 1.007763944426129160e-03
-4.850433924258345186e+00 -7.012651328297762054e-01 1.019991061836251073e-01 8.308630268652426309e+01 1.007763944426129160e-03
-4.904201959333386540e+00 -6.760142006721703289e-01 9.030771096658743446e-02 8.719853974789734252e+01 1.079766621729659308e-03
-4.904201959333386540e+00 -6.760142006721703289e-01 9.030771096658743446e-02 8.719853974789734252e+01 1.079766621729659308e-03
-4.883260512084319771e+00 -5.879939708300263579e-01 9.919234746462486652e-02 8.532094864714113669e+01 1.012604478674333525e-03
-4.811939247862092373e+00 -6.800714083186627512e-01 8.577246163619008101e-02 8.973259881544926486e+01 1.174964806741648007e-03
-4.433649404920726234e+00 -6.918555417535371399e-01 9.582708138012667465e-02 7.933479660115224874e+01 1.143641658859233159e-03
-4.433649404920726234e+00 -6.918555417535371399e-01 9.582708138012667465e-02 7.933479660115224874e+01 1.143641658859233159e-03
-4.399075982215368441e+00 -5.433671439769803824e-01 9.504874102602750563e-02 7.976007883182931835e+01 1.530628684624064928e-03
-4.399075982215368441e+00 -5.433671439769803824e-01 9.504874102602750563e-02 7.976007883182931835e+01 1.530628684624064928e-03
-4.399075982215368441e+00 -5.433671439769803824e-01 9.504874102602750563e-02 7.976007883182931835e+01 1.530628684624064928e-03
-4.399075982215368441e+00 -5.433671439769803824e-01 9.504874102602750563e-02 7.976007883182931835e+01 1.530628684624064928e-03
-4.399075982215368441e+00 -5.433671439769803824e-01 9.504874102602750563e-02 7.976007883182931835e+01 1.530628684624064928e-03
-4.399075982215368441e+00 -5.433671439769803824e-01 9.504874102602750563e-02 7.976007883182931835e+01 1.530628684624064928e-03
-4.399075982215368441e+00 -5.433671439769803824e-01 9.504874102602750563e-02 7.976007883182931835e+01 1.530628684624064928e-03
-4.524919721153774610e+00 -5.408818396529548878e-01 9.195653571466452791e-02 7.952941096064948567e+01 1.528867387660212684e-03
-4.348042425662080213e+00 -5.126534698618220309e-01 1.064205678566260971e-01 7.624627104063674210e+01 1.477363282818229323e-03
-4.363285541889239560e+00 -5.377788907881404512e-01 1.074576506154944627e-01 7.858747975870497271e+01 1.174502646851184606e-03
-4.363285541889239560e+00 -5.377788907881404512e-01 1.074576506154944627e-01 7.858747975870497271e+01 1.174502646851184606e-03
-4.363285541889239560e+00 -5.377788907881404512e-01 1.074576506154944627e-01 7.858747975870497271e+01 1.174502646851184606e-03
-4.363285541889239560e+00 -5.377788907881404512e-01 1.074576506154944627e-01 7.858747975870497271e+01 1.174502646851184606e-03
-4.331751431002484942e+00 -5.185319690231222634e-01 1.109528375947473749e-01 7.605805459905479893e+01 1.309506985667076382e-03
-4.012290173119271053e+00 -5.959326626385508252e-01 1.163793390537973815e-01 7.553870756612008108e+01 1.267860453845106889e-03
-4.002728993047325545e+00 -6.621670579588354588e-01 1.259850893069142663e-01 7.134872374566552367e+01 1.045140211757650435e-03
-3.573530397947495718e+00 -6.466163315655705235e-01 1.342900813307297547e-01 7.692995545170656158e+01 9.402732572064270971e-04
-4.057153927982941610e+00 -6.042586624339796320e-01 1.421228961437710492e-01 8.296890483059897292e+01 1.580218645316887154e-03
-4.318847839324506666e+00 -5.450510055448710700e-01 1.332876232012680240e-01 7.932672881907207341e+01 1.133538643551002976e-03
-4.318847839324506666e+00 -5.450510055448710700e-01 1.332876232012680240e-01 7.932672881907207341e+01 1.133538643551002976e-03
-4.323822627169817245e+00 -5.156042206170778908e-01 1.282838839342394233e-01 8.047349217161057311e+01 1.088233194655338154e-03
-4.323822627169817245e+00 -5.156042206170778908e-01 1.282838839342394233e-01 8.047349217161057311e+01 1.088233194655338154e-03
-4.394839106733268608e+00 -5.442323634782574304e-01 1.199837939565635281e-01 8.049075257410568440e+01 1.020014362669095570e-03
-4.296251182976914329e+00 -4.896924461932904427e-01 1.077007994662824847e-01 8.629656459049850525e+01 1.227435627556157025e-03
-4.750181513027043501e+00 -5.617733270886156038e-01 1.197793494481814019e-01 7.547320813527434780e+01 9.277014664513975406e-04
-4.820032602971094704e+00 -5.821350042342259279e-01 1.068451961472509371e-01 7.075838480045550227e+01 1.280270777174446995e-03
-4.820032602971094704e+00 -5.821350042342259279e-01 1.068451961472509371e-01 7.075838480045550227e+01 1.280270777174446995e-03
-4.684940883140693124e+00 -6.042364731515638132e-01 1.082341275549392884e-01 7.482040191925013062e+01 9.826954417934930745e-04
-4.684940883140693124e+00 -6.042364731515638132e-01 1.082341275549392884e-01 7.482040191925013062e+01 9.826954417934930745e-04
-4.684940883140693124e+00 -6.042364731515638132e-01 1.082341275549392884e-01 7.482040191925013062e+01 9.826954417934930745e-04
-4.684940883140693124e+00 -6.042364731515638132e-01 1.082341275549392884e-01 7.482040191925013062e+01 9.826954417934930745e-04
-4.684940883140693124e+00 -6.042364731515638132e-01 1.082341275549392884e-01 7.482040191925013062e+01 9.826954417934930745e-04
-4.577340684733981924e+00 -6.070323549489384796e-01 8.549831834009322118e-02 8.755933340912807239e+01 1.220075765977381935e-03
-4.644005265324078202e+00 -6.587128014219776340e-01 8.847515093136683328e-02 8.264340451403799648e+01 1.155494444172225224e-03
-4.897358665915182208e+00 -6.318576529276010989e-01 9.148026574192880123e-02 8.200013691230130064e+01 1.003405902809887795e-03
-4.897358665915182208e+00 -6.318576529276010989e-01 9.148026574192880123e-02 8.200013691230130064e+01 1.003405902809887795e-03
-4.897358665915182208e+00 -6.318576529276010989e-01 9.148026574192880123e-02 8.200013691230130064e+01 1.003405902809887795e-03
-4.897358665915182208e+00 -6.318576529276010989e-01 9.148026574192880123e-02 8.200013691230130064e+01 1.003405902809887795e-03
-4.702975900952130139e+00 -7.236657143592095665e-01 9.603962004641905525e-02 8.134427768506927237e+01 9.508418405732082732e-04
-4.747871837795240246e+00 -8.666386786575207557e-01 8.783231044946057664e-02 8.295399013562258972e+01 1.061222023385281679e-03
-4.283195411205846348e+00 -8.228375949703572445e-01 9.122569706732983064e-02 7.210760197252466241e+01 1.960223484238454977e-03
-3.954137772149322938e+00 -8.249307078304954910e-01 9.508643434474457756e-02 7.478408693284416131e+01 1.696995786350918162e-03
-4.051928868384859328e+00 -8.436484621341058254e-01 1.014604958704967558e-01 7.195065657683268512e+01 1.467983873278117749e-03
-4.053834948750041356e+00 -7.878650889156570969e-01 1.099126213198051011e-01 7.008058139808042597e+01 1.354037822149238221e-03
-3.445158321107603339e+00 -8.559142067210707694e-01 1.252671459165667078e-01 7.248132867807389346e+01 8.918576782607026167e-04
-3.445158321107603339e+00 -8.559142067210707694e-01 1.252671459165667078e-01 7.248132867807389346e+01 8.918576782607026167e-04
-3.849861658591483771e+00 -8.591884254937701693e-01 1.409970741591132226e-01 7.197778941377019635e+01 9.633986764281184546e-04
-4.137786899942187624e+00 -8.716489365821139534e-01 1.566783899645196598e-01 6.539441173651194106e+01 1.119150717107341136e-03
-3.397839202221696553e+00 -8.415233712184868597e-01 1.475328170770017211e-01 7.085225768269701518e+01 8.858547561517304695e-04
-3.397839202221696553e+00 -8.415233712184868597e-01 1.475328170770017211e-01 7.085225768269701518e+01 8.858547561517304695e-04
-3.397839202221696553e+00 -8.415233712184868597e-01 1.475328170770017211e-01 7.085225768269701518e+01 8.858547561517304695e-04
-3.504693775434914116e+00 -7.104367905453683463e-01 1.271871350885662166e-01 7.563087466707411011e+01 9.477036313738122168e-04
-4.143864744301995806e+00 -5.867188722251445165e-01 1.227911154550243022e-01 7.795400557515888806e+01 9.954280003841736203e-04
-4.607771935550351472e+00 -5.811263861012384568e-01 1.101146573639510268e-01 7.341802755666996916e+01 1.093609663772256071e-03
-4.607771935550351472e+00 -5.811263861012384568e-01 1.101146573639510268e-01 7.341802755666996916e+01 1.093609663772256071e-03
-4.725032982780371427e+00 -6.608699480433003481e-01 1.084096620496087654e-01 7.052164147303474806e+01 1.170099120437092339e-03
-4.780270509370727616e+00 -6.692231483512263157e-01 1.333457946244110126e-01 7.092377889798673607e+01 1.045976634645253344e-03
-4.641830423763219748e+00 -6.028372573347284824e-01 1.316147296541701484e-01 6.347987892694246881e+01 1.397541471159286040e-03
-4.496340511845212440e+00 -5.228341004195360409e-01 1.338234374532038251e-01 6.649966278900103589e+01 1.316392137835995868e-03
-4.496340511845212440e+00 -5.228341004195360409e-01 1.338234374532038251e-01 6.649966278900103589e+01 1.316392137835995868e-03
-4.660496281558765830e+00 -4.857509997459753537e-01 1.361635612555938402e-01 6.344157923016234690e+01 1.629577380960091706e-03
-4.897204019356724558e+00 -3.885419291306789757e-01 1.497114985345978089e-01 6.322535504787586547e+01 1.673579986238921818e-03
-4.499043151913005190e+00 -4.658916289536466637e-01 1.423330568032646626e-01 8.013309296366125523e+01 1.412838882756115629e-03
-4.270839407608856497e+00 -5.235517318258415820e-01 1.385555414985639722e-01 7.184395208675249478e+01 1.010530479726808994e-03
-4.270839407608856497e+00 -5.235517318258415820e-01 1.385555414985639722e-01 7.184395208675249478e+01 1.010530479726808994e-03
-4.440734169683612009e+00 -5.179789087880309895e-01 1.468921744631429827e-01 7.764828573151167745e+01 1.415651291845015794e-03
-4.338714799486427687e+00 -5.387309558287600719e-01 1.374078810187303601e-01 7.149896209084478471e+01 1.004601704083387661e-03
-4.338714799486427687e+00 -5.387309558287600719e-01 1.374078810187303601e-01 7.149896209084478471e+01 1.004601704083387661e-03
-4.338714799486427687e+00 -5.387309558287600719e-01 1.374078810187303601e-01 7.149896209084478471e+01 1.004601704083387661e-03
-4.338714799486427687e+00 -5.387309558287600719e-01 1.374078810187303601e-01 7.149896209084478471e+01 1.004601704083387661e-03
-4.642266075202593711e+00 -5.968685100520874087e-01 1.267312622628740948e-01 6.927731088634355672e+01 1.033970940015451921e-03
-4.285588686260423330e+00 -4.907122956232623512e-01 1.224797292934680093e-01 8.383473945974736807e+01 1.157998458620913742e-03
-4.285588686260423330e+00 -4.907122956232623512e-01 1.224797292934680093e-01 8.383473945974736807e+01 1.157998458620913742e-03
-4.541356411712947683e+00 -3.722341711526985231e-01 1.251392452518913789e-01 7.923473680608906022e+01 1.134868567528095513e-03
-4.541356411712947683e+00 -3.722341711526985231e-01 1.251392452518913789e-01 7.923473680608906022e+01 1.134868567528095513e-03
-4.541356411712947683e+00 -3.722341711526985231e-01 1.251392452518913789e-01 7.923473680608906022e+01 1.134868567528095513e-03
-4.656827543538548220e+00 -3.746005654035891586e-01 1.246133798426717898e-01 7.761986997498952690e+01 1.110546688938605833e-03
-4.149699447776409755e+00 -4.419098902648864180e-01 1.204756780750444872e-01 7.413476498006815518e+01 1.860052604334049443e-03
-4.149699447776409755e+00 -4.419098902648864180e-01 1.204756780750444872e-01 7.413476498006815518e+01 1.860052604334049443e-03
-4.149699447776409755e+00 -4.419098902648864180e-01 1.204756780750444872e-01 7.413476498006815518e+01 1.860052604334049443e-03
-4.322486567674021174e+00 -4.526300690696645757e-01 1.367862067223046540e-01 8.178133425885678776e+01 1.215130247865842898e-03
-4.322486567674021174e+00 -4.526300690696645757e-01 1.367862067223046540e-01 8.178133425885678776e+01 1.215130247865842898e-03
-4.758820777320050155e+00 -4.468054832444638969e-01 1.482163253446404094e-01 7.530911999406134782e+01 1.481483777962187311e-03
-4.507146501068143074e+00 -4.956956007325450386e-01 1.581955788996216583e-01 6.806020020462659659e+01 1.266055178657082055e-03
-4.157036155634513896e+00 -5.996640267296727833e-01 1.477049005063768294e-01 8.111707462510833011e+01 1.658779687538364331e-03
-4.157036155634513896e+00 -5.996640267296727833e-01 1.477049005063768294e-01 8.111707462510833011e+01 1.658779687538364331e-03
-4.198878984188281649e+00 -5.098309819796582598e-01 1.446914060478287078e-01 8.283509205048018487e+01 1.490613575029477167e-03
-4.198878984188281649e+00 -5.098309819796582598e-01 1.446914060478287078e-01 8.283509205048018487e+01 1.490613575029477167e-03
-4.198878984188281649e+00 -5.098309819796582598e-01 1.446914060478287078e-01 8.283509205048018487e+01 1.490613575029477167e-03
-3.952637977486890719e+00 -5.170703745283334873e-01 1.379707767355506376e-01 8.646110113695341681e+01 1.465018016161232298e-03
-3.952637977486890719e+00 -5.170703745283334873e-01 1.379707767355506376e-01 8.646110113695341681e+01 1.465018016161232298e-03
-3.326252970724814073e+00 -4.751342802021310541e-01 1.624997409300797113e-01 8.198943426952304492e+01 1.027798540488025986e-03
-3.489569639228355946e+00 -4.972194430494878969e-01 1.724980053335634367e-01 7.266050865395061464e+01 1.005472991229602181e-03
-3.489569639228355946e+00 -4.972194430494878969e-01 1.724980053335634367e-01 7.266050865395061464e+01 1.005472991229602181e-03
-3.489569639228355946e+00 -4.972194430494878969e-01 1.724980053335634367e-01 7.266050865395061464e+01 1.005472991229602181e-03
-3.489569639228355946e+00 -4.972194430494878969e-01 1.724980053335634367e-01 7.266050865395061464e+01 1.005472991229602181e-03
-3.233879926286719275e+00 -5.113211097750198775e-01 1.790583703499995794e-01 7.625041350957144459e+01 1.138151697113550485e-03
-3.316104887119840416e+00 -5.643800873606208413e-01 1.729515729025381532e-01 7.240846467849554813e+01 9.865453800509914589e-04
-3.316104887119840416e+00 -5.643800873606208413e-01 1.729515729025381532e-01 7.240846467849554813e+01 9.865453800509914589e-04
-3.316104887119840416e+00 -5.643800873606208413e-01 1.729515729025381532e-01 7.240846467849554813e+01 9.865453800509914589e-04
-3.316104887119840416e+00 -5.643800873606208413e-01 1.729515729025381532e-01 7.240846467849554813e+01 9.865453800509914589e-04
-3.223126995507473946e+00 -5.702748577519040074e-01 1.653237276569433645e-01 7.816855106655742702e+01 1.038612714830644719e-03
-3.223126995507473946e+00 -5.702748577519040074e-01 1.653237276569433645e-01 7.816855106655742702e+01 1.038612714830644719e-03
-3.148068717548715867e+00 -4.734201024574885008e-01 1.720516744364165573e-01 8.294578065984761395e+01 1.408176516529696318e-03
-3.496850814459388612e+00 -4.819902630798927334e-01 1.753856877596059738e-01 7.872671603024518561e+01 9.175526109120292701e-04
-3.383138969591522827e+00 -6.526555957758799487e-01 1.732878923538085647e-01 8.078776667660129363e+01 1.608245924672945968e-03
-3.468109463930306724e+00 -5.040329746836326175e-01 1.663550536375185962e-01 8.204136023306035952e+01 1.001458108116978470e-03
-3.468109463930306724e+00 -5.040329746836326175e-01 1.663550536375185962e-01 8.204136023306035952e+01 1.001458108116978470e-03
-3.468109463930306724e+00 -5.040329746836326175e-01 1.663550536375185962e-01 8.204136023306035952e+01 1.001458108116978470e-03
-3.439561175025231954e+00 -3.949400806091791227e-01 1.748495021405945538e-01 8.487582005274803976e+01 1.212356496601156401e-03
-3.439561175025231954e+00 -3.949400806091791227e-01 1.748495021405945538e-01 8.487582005274803976e+01 1.212356496601156401e-03
-3.846122209779046397e+00 -3.834702305882567996e-01 1.876205551615906519e-01 8.492321691675159911e+01 1.445048518616553340e-03
-3.615793860270755999e+00 -3.871747965663893121e-01 1.965345976978347953e-01 6.844171097915645419e+01 1.762606219107623433e-03
-3.615793860270755999e+00 -3.871747965663893121e-01 1.965345976978347953e-01 6.844171097915645419e+01 1.762606219107623433e-03
-3.908456915379647345e+00 -4.631001462695278348e-01 1.896793534141768267e-01 6.539358116965526335e+01 1.015656156628926389e-03
-3.908456915379647345e+00 -4.631001462695278348e-01 1.896793534141768267e-01 6.539358116965526335e+01 1.015656156628926389e-03
-3.908456915379647345e+00 -4.631001462695278348e-01 1.896793534141768267e-01 6.539358116965526335e+01 1.015656156628926389e-03
-3.656225370775846084e+00 -5.873909343309752229e-01 1.828078610243094870e-01 6.505696233175973475e+01 9.036146768235811880e-04
-3.546099146564919646e+00 -5.885369878870309046e-01 1.735531731878193484e-01 6.560099045663919526e+01 1.029537918419539712e-03
-3.546099146564919646e+00 -5.885369878870309046e-01 1.735531731878193484e-01 6.560099045663919526e+01 1.029537918419539712e-03
-3.594477621063234540e+00 -5.314494724925240554e-01 1.688100280182439905e-01 7.643663902524056653e+01 9.010550654745680399e-04
-4.287739204408469007e+00 -4.619679320972110426e-01 1.536809183585376437e-01 6.654938608271230294e+01 1.253532485177308612e-03
-4.550245190075742130e+00 -5.889888361204926870e-01 1.522882341075075807e-01 6.827773505619676087e+01 1.229545180346361616e-03
-4.295534828200682220e+00 -4.534250008886920869e-01 1.630857907018403441e-01 6.374858463803330721e+01 1.373331755422151253e-03
-4.605355736364332486e+00 -3.670685498665748336e-01 1.571323450672082178e-01 6.811437685845264411e+01 1.478056718104403360e-03
-4.924892050101996155e+00 -4.629875182362567232e-01 1.622157393645756729e-01 7.211925331132977135e+01 1.930371380474839305e-03
-4.986239423218019162e+00 -4.184519308180340014e-01 1.432486609670733102e-01 7.879547772649786452e+01 1.731349948241368971e-03
-4.967162208872085927e+00 -3.289888993143860185e-01 1.313438226452542101e-01 6.911774125803502500e+01 1.508100638373504297e-03
-4.967162208872085927e+00 -3.289888993143860185e-01 1.313438226452542101e-01 6.911774125803502500e+01 1.508100638373504297e-03
-4.555942132724484672e+00 -2.929264088951251677e-01 1.361828956621804199e-01 7.776358642202457361e+01 1.450378768513761307e-03
-4.393021093547768707e+00 -3.021059825005358301e-01 1.387052520582686410e-01 8.647721331466858885e+01 1.385909751926011745e-03
-4.393021093547768707e+00 -3.021059825005358301e-01 1.387052520582686410e-01 8.647721331466858885e+01 1.385909751926011745e-03
-4.565279313820553853e+00 -3.599439740905522322e-01 1.252493371529192767e-01 8.727938646187462268e+01 1.243463163963635194e-03
-4.565279313820553853e+00 -3.599439740905522322e-01 1.252493371529192767e-01 8.727938646187462268e+01 1.243463163963635194e-03
-4.565279313820553853e+00 -3.599439740905522322e-01 1.252493371529192767e-01 8.727938646187462268e+01 1.243463163963635194e-03
-4.815253598233143251e+00 -4.633005123984013096e-01 1.327778618690234336e-01 7.755496160271002282e+01 1.209678561605188191e-03
-4.186337808701422247e+00 -4.562524904635156253e-01 1.404784259253922807e-01 8.042378666004654519e+01 1.123819856040488355e-03
-4.405131580907150735e+00 -4.950888356648552313e-01 1.274058041156847509e-01 7.696939733328416366e+01 1.006381561399497405e-03
-3.983406206145456707e+00 -5.607073654884456859e-01 1.194337738463921716e-01 7.533386044521861891e+01 1.353504615675335965e-03
-4.463983765223855649e+00 -4.506253858774561527e-01 1.407780976951259477e-01 6.544995233470163498e+01 1.559380125100874289e-03
-4.463983765223855649e+00 -4.506253858774561527e-01 1.407780976951259477e-01 6.544995233470163498e+01 1.559380125100874289e-03
-4.463983765223855649e+00 -4.506253858774561527e-01 1.407780976951259477e-01 6.544995233470163498e+01 1.559380125100874289e-03
-4.699682113207462208e+00 -4.262313640682573457e-01 1.314194622673502955e-01 6.545709565110017536e+01 1.723404035839388743e-03
-4.699682113207462208e+00 -4.262313640682573457e-01 1.314194622673502955e-01 6.545709565110017536e+01 1.723404035839388743e-03
-4.465375370352370865e+00 -4.609115224548756551e-01 1.197692261701868988e-01 7.509419071838316029e+01 1.169340244560012482e-03
-4.885575468197516535e+00 -3.034808617872079006e-01 1.200805847308994839e-01 7.142349489018113218e+01 1.832628732911641741e-03
-4.748396279172361290e+00 -4.680521514912935332e-01 1.212003552714660398e-01 6.491707024755845623e+01 1.890686750007614537e-03
