-4.770280006088172264e+00 -3.704032529193248546e-01 1.815967887549020110e-01 6.457591395295666814e+01 1.927760138390955530e-03
-4.770280006088172264e+00 -3.704032529193248546e-01 1.815967887549020110e-01 6.457591395295666814e+01 1.927760138390955530e-03
-4.919839749555961816e+00 -3.806749739384588382e-01 1.564730726819333062e-01 6.624239776594788509e+01 1.530997407098701624e-03
-4.943018275125696803e+00 -4.097839927140801142e-01 1.319926328581489672e-01 6.991355664931107583e+01 1.185358761455414418e-03
-4.943018275125696803e+00 -4.097839927140801142e-01 1.319926328581489672e-01 6.991355664931107583e+01 1.185358761455414418e-03
-4.943018275125696803e+00 -4.097839927140801142e-01 1.319926328581489672e-01 6.991355664931107583e+01 1.185358761455414418e-03
-4.943018275125696803e+00 -4.097839927140801142e-01 1.319926328581489672e-01 6.991355664931107583e+01 1.185358761455414418e-03
-4.477901407208476847e+00 -3.987806272179976186e-01 1.237541481734387022e-01 7.313794601654980454e+01 1.490224277797091816e-03
-4.477901407208476847e+00 -3.987806272179976186e-01 1.237541481734387022e-01 7.313794601654980454e+01 1.490224277797091816e-03
-4.297613585322097585e+00 -4.645387178249359428e-01 1.559019039077789159e-01 7.308017793268565754e+01 1.107402429904489781e-03
-4.082346603270179841e+00 -4.503697377171803629e-01 1.711901299184555580e-01 7.146209103847557742e+01 1.005777589384237612e-03
-4.082346603270179841e+00 -4.503697377171803629e-01 1.711901299184555580e-01 7.146209103847557742e+01 1.005777589384237612e-03
-3.754008451433613835e+00 -4.134742213709854952e-01 1.823509185080178785e-01 7.159800529722777185e+01 1.200334853441456344e-03
-3.754008451433613835e+00 -4.134742213709854952e-01 1.823509185080178785e-01 7.159800529722777185e+01 1.200334853441456344e-03
-3.754008451433613835e+00 -4.134742213709854952e-01 1.823509185080178785e-01 7.159800529722777185e+01 1.200334853441456344e-03
-4.346610890412098804e+00 -4.729416365331816086e-01 1.585777210140348614e-01 6.898075449054748276e+01 1.139559924416936286e-03
-4.346610890412098804e+00 -4.729416365331816086e-01 1.585777210140348614e-01 6.898075449054748276e+01 1.139559924416936286e-03
-4.408440778024568019e+00 -4.631285094800943747e-01 1.434702586121296142e-01 6.485518091794315865e+01 1.542405273231894306e-03
-4.396184520822728814e+00 -4.907228487456010702e-01 1.286352978315351558e-01 6.827236624284907407e+01 1.452225135359602346e-03
-4.722393657376863452e+00 -5.151199146919507310e-01 1.414578603713175509e-01 7.470523366640104257e+01 1.299338113429036488e-03
-4.735626851369679535e+00 -5.713682595575191314e-01 1.485271723009917721e-01 7.643827829976753208e+01 1.818507493114182322e-03
-4.735626851369679535e+00 -5.713682595575191314e-01 1.485271723009917721e-01 7.643827829976753208e+01 1.818507493114182322e-03
-4.549542951764047771e+00 -5.887580163678223233e-01 1.270825477117385749e-01 7.803546333529914136e+01 1.090699945599548411e-03
-4.549542951764047771e+00 -5.887580163678223233e-01 1.270825477117385749e-01 7.803546333529914136e+01 1.090699945599548411e-03
-4.746527889638825215e+00 -6.464856007162453899e-01 1.256217233400980515e-01 6.836365398353562739e+01 1.014851509086783354e-03
-4.746527889638825215e+00 -6.464856007162453899e-01 1.256217233400980515e-01 6.836365398353562739e+01 1.014851509086783354e-03
-4.588167983549025664e+00 -6.109760928127435653e-01 1.138729287734832341e-01 7.454127523831097335e+01 9.409967034494160550e-04
-4.748781109575942239e+00 -5.796667155706702879e-01 1.068186578267136116e-01 7.597906734950720420e+01 9.587727464559984546e-04
-4.312970319378767847e+00 -5.807316544209489839e-01 1.202778899536711549e-01 7.870067194156260371e+01 9.822523357081124323e-04
-4.583975961749789718e+00 -5.419694657921291236e-01 1.018031482327531184e-01 8.484002335429508435e+01 1.001993088125130741e-03
-4.583975961749789718e+00 -5.419694657921291236e-01 1.018031482327531184e-01 8.484002335429508435e+01 1.001993088125130741e-03
-4.587912951431299291e+00 -5.461046405912475254e-01 1.222227135621473670e-01 8.122017164152212843e+01 1.131343868023889677e-03
-4.587912951431299291e+00 -5.461046405912475254e-01 1.222227135621473670e-01 8.122017164152212843e+01 1.131343868023889677e-03
-4.597869096639517927e+00 -5.652876322998007241e-01 1.095097317194174968e-01 7.797088614347340751e+01 9.392192362146060697e-04
-4.823053438502315160e+00 -5.754727323178027154e-01 9.319655225896558703e-02 8.367135263191126171e+01 9.857144905778790489e-04
-4.908516260619567362e+00 -5.486439360647503705e-01 1.029090820509952903e-01 8.167524982976028980e+01 9.085372271848736209e-04
-4.908516260619567362e+00 -5.486439360647503705e-01 1.029090820509952903e-01 8.167524982976028980e+01 9.085372271848736209e-04
-4.908516260619567362e+00 -5.486439360647503705e-01 1.029090820509952903e-01 8.167524982976028980e+01 9.085372271848736209e-04
-4.829421423384402168e+00 -5.228591689163808454e-01 1.036013313755653753e-01 8.438620192285617350e+01 9.742471216146875298e-04
-4.829421423384402168e+00 -5.228591689163808454e-01 1.036013313755653753e-01 8.438620192285617350e+01 9.742471216146875298e-04
-4.611228953024684607e+00 -5.146242902015938370e-01 1.011484721389663000e-01 8.155923009999733608e+01 1.025556406084059992e-03
-4.611228953024684607e+00 -5.146242902015938370e-01 1.011484721389663000e-01 8.155923009999733608e+01 1.025556406084059992e-03
-4.611228953024684607e+00 -5.146242902015938370e-01 1.011484721389663000e-01 8.155923009999733608e+01 1.025556406084059992e-03
-4.204496571401291405e+00 -4.950921541015916860e-01 1.320377115569856541e-01 8.091724576948206504e+01 1.103204796928907837e-03
-3.871065112662575469e+00 -5.414432681494802946e-01 1.205738087705043038e-01 8.203613625452959468e+01 1.281905470208529949e-03
-3.871065112662575469e+00 -5.414432681494802946e-01 1.205738087705043038e-01 8.203613625452959468e+01 1.281905470208529949e-03
-4.063453591049601243e+00 -5.126649990017930758e-01 1.223384561885324379e-01 8.476392389506516167e+01 1.243413844169289229e-03
-3.698073205439781130e+00 -4.728514077697915097e-01 1.543395900559557110e-01 8.442722191128110865e+01 1.273449882262449578e-03
-3.698073205439781130e+00 -4.728514077697915097e-01 1.543395900559557110e-01 8.442722191128110865e+01 1.273449882262449578e-03
-3.698073205439781130e+00 -4.728514077697915097e-01 1.543395900559557110e-01 8.442722191128110865e+01 1.273449882262449578e-03
-3.443273559653313942e+00 -4.576197740097339706e-01 1.800563670024034890e-01 6.490502164732612300e+01 2.033475799476003060e-03
-3.827027339912834503e+00 -4.449339503888993796e-01 1.886878293420836683e-01 6.131837046651028800e+01 1.564577389110690872e-03
-3.827027339912834503e+00 -4.449339503888993796e-01 1.886878293420836683e-01 6.131837046651028800e+01 1.564577389110690872e-03
-3.344045687635272657e+00 -4.445464178525971866e-01 1.843623870171532120e-01 6.399079904673129704e+01 2.663561813242955670e-03
-4.135043938885977433e+00 -3.963340206249158504e-01 1.731574382349203023e-01 6.475676491736697926e+01 1.470289254696179786e-03
-3.742631712454116411e+00 -4.452564283685265245e-01 1.693334958831128889e-01 6.889372825671716782e+01 1.423021554615707751e-03
-4.698756940245657709e+00 -4.472922448265743700e-01 1.547738377724785230e-01 7.250408079376097703e+01 1.460418286090486590e-03
-4.696773166988606363e+00 -4.584764433973861908e-01 1.231473491860363562e-01 7.436393657404057933e+01 1.032506461233171757e-03
-4.696773166988606363e+00 -4.584764433973861908e-01 1.231473491860363562e-01 7.436393657404057933e+01 1.032506461233171757e-03
-4.696773166988606363e+00 -4.584764433973861908e-01 1.231473491860363562e-01 7.436393657404057933e+01 1.032506461233171757e-03
-4.333961369365655791e+00 -4.625519813284283965e-01 1.506979109305884024e-01 7.413101999557689226e+01 1.106874278914655573e-03
-3.926058060840970310e+00 -4.522545069905620774e-01 1.469540715487980265e-01 8.225718600137791725e+01 1.209835999297826595e-03
-3.926058060840970310e+00 -4.522545069905620774e-01 1.469540715487980265e-01 8.225718600137791725e+01 1.209835999297826595e-03
-3.440592911341749716e+00 -4.686908631440047102e-01 1.763454660939335061e-01 8.608596589756413664e+01 1.212105736127061214e-03
-3.482761590237669402e+00 -4.603017068439287929e-01 1.753666807792122195e-01 8.223399091025773089e+01 9.914327661282701896e-04
-3.482761590237669402e+00 -4.603017068439287929e-01 1.753666807792122195e-01 8.223399091025773089e+01 9.914327661282701896e-04
-3.482761590237669402e+00 -4.603017068439287929e-01 1.753666807792122195e-01 8.223399091025773089e+01 9.914327661282701896e-04
-3.465512114212929262e+00 -4.428891473888970642e-01 1.828054174546088484e-01 7.900463929779361649e+01 9.761330977920592948e-04
-3.465512114212929262e+00 -4.428891473888970642e-01 1.828054174546088484e-01 7.900463929779361649e+01 9.761330977920592948e-04
-3.548563671282991550e+00 -4.866486281479275311e-01 1.665525357846411592e-01 7.342035202722897225e+01 1.082337395903062559e-03
-3.889992603429698992e+00 -4.871894308972281595e-01 1.659975026234638829e-01 7.270678088772287140e+01 9.500953466962322458e-04
-4.193347010696843569e+00 -5.171637357481666530e-01 1.694668298512230220e-01 6.903848679891817142e+01 1.088084285419939432e-03
-3.828003782407644273e+00 -4.959760022478571506e-01 1.523357492565345361e-01 6.852496315103515201e+01 1.384321693471695638e-03
-4.684801283951103734e+00 -4.868169397519039876e-01 1.466291565301624522e-01 6.155567771615855577e+01 1.645275641644156940e-03
-4.639789944950680756e+00 -4.741368953246640205e-01 1.378727381958958220e-01 7.029918002606575556e+01 1.131869169030553851e-03
-4.797889952587939710e+00 -4.663882139107495828e-01 1.344660625803985043e-01 7.539046571026622701e+01 1.147765152387009938e-03
-4.797889952587939710e+00 -4.663882139107495828e-01 1.344660625803985043e-01 7.539046571026622701e+01 1.147765152387009938e-03
-4.586297094532410412e+00 -4.380196112444022516e-01 1.386520441372088575e-01 7.708214505566235175e+01 1.166333585858392264e-03
-4.846302577369629994e+00 -4.120363101551227092e-01 9.818187868530343920e-02 7.939962890984632793e+01 1.263219418873810307e-03
-4.095196411519806290e+00 -4.333671189747033692e-01 1.343273640069347630e-01 8.327394856733694439e+01 1.244666192632878140e-03
-4.095196411519806290e+00 -4.333671189747033692e-01 1.343273640069347630e-01 8.327394856733694439e+01 1.244666192632878140e-03
-4.243827312639334437e+00 -4.270403690899330362e-01 1.673085045262229231e-01 8.582822632899932103e+01 2.282778730123707217e-03
-4.751139088335244232e+00 -4.737484324366499910e-01 1.398611325466891653e-01 8.118997346919631752e+01 1.734838508805700962e-03
-4.751139088335244232e+00 -4.737484324366499910e-01 1.398611325466891653e-01 8.118997346919631752e+01 1.734838508805700962e-03
-4.082531180106253821e+00 -4.661611471788600913e-01 1.191291058311765572e-01 8.004645259538628466e+01 1.435443885715246160e-03
-4.082531180106253821e+00 -4.661611471788600913e-01 1.191291058311765572e-01 8.004645259538628466e+01 1.435443885715246160e-03
-4.082531180106253821e+00 -4.661611471788600913e-01 1.191291058311765572e-01 8.004645259538628466e+01 1.435443885715246160e-03
-4.082531180106253821e+00 -4.661611471788600913e-01 1.191291058311765572e-01 8.004645259538628466e+01 1.435443885715246160e-03
-4.315799024835744291e+00 -4.421150785672188221e-01 1.153498242277617991e-01 7.297428322610069529e+01 1.860183211936202808e-03
-4.600587222414140420e+00 -4.134163575615584230e-01 9.910657014852028435e-02 7.143324468061456400e+01 2.700201261953614779e-03
-4.602119675812146760e+00 -4.163409846961947380e-01 1.016647213322680321e-01 8.439320714313986116e+01 1.128133453019191735e-03
-4.490291868138061027e+00 -4.358564849622041382e-01 1.101147144497159058e-01 8.444547295017576971e+01 1.078934406589721236e-03
-4.490291868138061027e+00 -4.358564849622041382e-01 1.101147144497159058e-01 8.444547295017576971e+01 1.078934406589721236e-03
-4.676775726290777868e+00 -4.482829907184843754e-01 1.169866637013114025e-01 8.556098157113046909e+01 1.167252097533948065e-03
-3.944085014935807543e+00 -4.510167405418899489e-01 1.092869145587412327e-01 8.555842532864663497e+01 2.003547502698830099e-03
-4.069085191742253471e+00 -4.478940915601400952e-01 1.435893464651583906e-01 7.949843224824712706e+01 1.116245423699659643e-03
-3.967406023452206831e+00 -4.482009832673884420e-01 1.420685507284031035e-01 7.738085267515563714e+01 1.213123294758289804e-03
-3.967406023452206831e+00 -4.482009832673884420e-01 1.420685507284031035e-01 7.738085267515563714e+01 1.213123294758289804e-03
-4.210430301564976219e+00 -5.145125095873748222e-01 1.540992361191847460e-01 7.492746758248196670e+01 1.114863812696821957e-03
-3.954857235794893455e+00 -5.123466069825705071e-01 1.372915112584904285e-01 6.539223002577260502e+01 1.984011334411289393e-03
-3.954857235794893455e+00 -5.123466069825705071e-01 1.372915112584904285e-01 6.539223002577260502e+01 1.984011334411289393e-03
-3.954857235794893455e+00 -5.123466069825705071e-01 1.372915112584904285e-01 6.539223002577260502e+01 1.984011334411289393e-03
-3.703448487324288330e+00 -5.024967601742312828e-01 1.330386037758505557e-01 6.853993735098225670e+01 2.455633274838713020e-03
-3.393107444426942454e+00 -5.647202181918913322e-01 1.413271834468250165e-01 6.647962984341916126e+01 2.194328769337043454e-03
-3.293872233068651845e+00 -5.549946265182370553e-01 1.125384371114790949e-01 7.267225989826754073e+01 3.237238263346890223e-03
-3.605252884548502124e+00 -5.287329088119286924e-01 1.292625056931338556e-01 6.945065362679150667e+01 2.492383571936138999e-03
-4.191113435687396027e+00 -5.011101375386546319e-01 1.383069413476626652e-01 7.609486354040453193e+01 1.001796183839055200e-03
-3.673689641325854627e+00 -5.443673354946688692e-01 1.324157681991754709e-01 8.269237469174491650e+01 1.211731951462289344e-03
-4.606634293154612259e+00 -5.485180379667703443e-01 1.182036919850664725e-01 7.915999676709354560e+01 9.666821633157099804e-04
-4.606634293154612259e+00 -5.485180379667703443e-01 1.182036919850664725e-01 7.915999676709354560e+01 9.666821633157099804e-04
-4.606634293154612259e+00 -5.485180379667703443e-01 1.182036919850664725e-01 7.915999676709354560e+01 9.666821633157099804e-04
-4.545572222922602101e+00 -5.469622892769854250e-01 1.340243614544194273e-01 6.549898232979678880e+01 1.316946273800450890e-03
-4.845805555948981436e+00 -5.619885553390634447e-01 1.389554596382181484e-01 6.316953848210158640e+01 1.328849010355616974e-03
-4.845805555948981436e+00 -5.619885553390634447e-01 1.389554596382181484e-01 6.316953848210158640e+01 1.328849010355616974e-03
-4.444002765764038188e+00 -6.096535814447729962e-01 1.655637409861204778e-01 7.136871013775048311e+01 1.707311362147255962e-03
-4.349900660068621860e+00 -5.810575110945023214e-01 1.706967073371234156e-01 6.287517437288894229e+01 1.273895448834494676e-03
-4.349900660068621860e+00 -5.810575110945023214e-01 1.706967073371234156e-01 6.287517437288894229e+01 1.273895448834494676e-03
-4.349900660068621860e+00 -5.810575110945023214e-01 1.706967073371234156e-01 6.287517437288894229e+01 1.273895448834494676e-03
-4.180559194926401823e+00 -5.763314226536935259e-01 1.589961478773439796e-01 6.795381701176540901e+01 1.004445715370514639e-03
-4.229434007523243721e+00 -5.247407266086995259e-01 1.864780348937472298e-01 6.784383250145330635e+01 1.405778394266661742e-03
-4.353470498783524434e+00 -4.936537701725381977e-01 1.793453378006794607e-01 6.932213609111846608e+01 1.507040672349901737e-03
-3.938351407903911472e+00 -4.690854032437998256e-01 1.647641469866014674e-01 7.285779328174135117e+01 9.764157143967665785e-04
-3.938351407903911472e+00 -4.690854032437998256e-01 1.647641469866014674e-01 7.285779328174135117e+01 9.764157143967665785e-04
-4.069183285769999436e+00 -5.317520666617341352e-01 1.999368634056691851e-01 6.308744386811096660e+01 1.162753897752457103e-03
-4.109272921982559446e+00 -4.955757219028037452e-01 1.853673200058535697e-01 6.582657430022368317e+01 1.074655205647903535e-03
-4.146210405518486297e+00 -5.276798356471963380e-01 1.793612859069065035e-01 6.744946591527408941e+01 1.134348528527307507e-03
-3.937364418390522314e+00 -5.082557496820451215e-01 1.911110797793072191e-01 6.078993362014397661e+01 1.119212391179986478e-03
-3.994087071473490180e+00 -4.947831335715531798e-01 1.917717301062400737e-01 7.177233235835545599e+01 1.196970796280852562e-03
-3.994087071473490180e+00 -4.947831335715531798e-01 1.917717301062400737e-01 7.177233235835545599e+01 1.196970796280852562e-03
-3.994087071473490180e+00 -4.947831335715531798e-01 1.917717301062400737e-01 7.177233235835545599e+01 1.196970796280852562e-03
-3.984865156018835286e+00 -4.465637075687375335e-01 1.857915515945533780e-01 7.543864745978757469e+01 1.157613362899426266e-03
-3.777647566375399446e+00 -5.461653331310234449e-01 1.837597643629099997e-01 6.505279867067925181e+01 9.264358423067323677e-04
-4.063085321335864641e+00 -5.485084891982185962e-01 1.656839651735368402e-01 6.820536892339630697e+01 9.538713140434739671e-04
-3.562583247854793189e+00 -5.736609637571007392e-01 1.694586889028258658e-01 6.653587163437462948e+01 1.058718971646428406e-03
-3.584234948481956895e+00 -5.258027358933001771e-01 1.551806155747438576e-01 6.894485414124953593e+01 1.428529160800313816e-03
-4.092118925538980712e+00 -5.002413466235845485e-01 1.314304489650427177e-01 6.921742078215514482e+01 1.581372236615185504e-03
-4.877713550654339869e+00 -5.652270858168927381e-01 1.362275466708884053e-01 7.398839038160360815e+01 1.233811059024437270e-03
-4.785386431441501109e+00 -6.554026471198265424e-01 1.219360083783569554e-01 7.018036067993233473e+01 9.499679480066782790e-04
-4.808070746449144117e+00 -6.372233858238348647e-01 1.134576823004514179e-01 6.935855851027642416e+01 1.119069885784215821e-03
-4.932253475837786283e+00 -6.421306988839931007e-01 1.275168181362728581e-01 6.402714699646485030e+01 1.232891634064112261e-03
-4.988112960138153085e+00 -6.452878370626992099e-01 1.399947288317312799e-01 6.807904720667397669e+01 1.136745760607265308e-03
-4.851796177218306916e+00 -6.166192655207989315e-01 1.117479999681256220e-01 8.185786480309806734e+01 1.077200250984393804e-03
-4.688121280839022020e+00 -6.306099578972346187e-01 1.105541508695443292e-01 7.674179048329942532e+01 8.895362245087048286e-04
-4.688121280839022020e+00 -6.306099578972346187e-01 1.105541508695443292e-01 7.674179048329942532e+01 8.895362245087048286e-04
-4.688121280839022020e+00 -6.306099578972346187e-01 1.105541508695443292e-01 7.674179048329942532e+01 8.895362245087048286e-04
-4.985202072715217092e+00 -6.071897408971742571e-01 1.201834156996185732e-01 7.443224378171110800e+01 9.300006861484309871e-04
-4.894626295705496233e+00 -5.624965479425867443e-01 1.280248658506941417e-01 7.392807019014945524e+01 1.029424385910439376e-03
-4.183927378185780199e+00 -6.196203718524432302e-01 1.566244464127103109e-01 7.362767466461855292e+01 1.273685773524995454e-03
-4.183927378185780199e+00 -6.196203718524432302e-01 1.566244464127103109e-01 7.362767466461855292e+01 1.273685773524995454e-03
-4.216520223472079110e+00 -6.030321172164264665e-01 1.248428730155021205e-01 7.198486709738732259e+01 1.040832701405593544e-03
-4.729483764395005174e+00 -6.096723525752624218e-01 1.427048569393742361e-01 6.843331431826911171e+01 1.146541404575329888e-03
-4.554970742902477276e+00 -6.118317010648871568e-01 1.407538609230676030e-01 7.098601943231058442e+01 1.093593057885931417e-03
-3.746417724779740333e+00 -6.415929973042134860e-01 1.638077668072137616e-01 6.492355127548412952e+01 9.385561649535734824e-04
-3.669833349116509158e+00 -6.576557512946508144e-01 1.546024300001973273e-01 7.014568570284895088e+01 8.567007825951368678e-04
-3.345145623362828502e+00 -6.812917291460954816e-01 1.709573671574571851e-01 6.296557762081241805e+01 1.197126600803926320e-03
-3.345145623362828502e+00 -6.812917291460954816e-01 1.709573671574571851e-01 6.296557762081241805e+01 1.197126600803926320e-03
-3.703142211529842243e+00 -6.880213384615072592e-01 1.773738372305646294e-01 6.230370721085974139e+01 9.439826328610337628e-04
-4.105973418807978170e+00 -6.593722108274971960e-01 1.811319776809922344e-01 6.589285890700028858e+01 1.324265078809686458e-03
-4.548111224934701546e+00 -6.240296330832394434e-01 1.608068871814998246e-01 6.094908725214332890e+01 1.380128080652052742e-03
-3.967820545122245246e+00 -6.815910259939987892e-01 1.395248306334489208e-01 6.264274148865604985e+01 1.378522607564240752e-03
-4.878116098107189380e+00 -6.614742665214514705e-01 1.350683052649326032e-01 6.813677305865094525e+01 1.045195799472593227e-03
-4.672240180841193968e+00 -6.190538555922419084e-01 1.519843702690236165e-01 6.596732644177738791e+01 1.260552624007589811e-03
-4.672240180841193968e+00 -6.190538555922419084e-01 1.519843702690236165e-01 6.596732644177738791e+01 1.260552624007589811e-03
-4.396521065827753816e+00 -6.523223071050963107e-01 1.634716112995561743e-01 6.310542354590384662e+01 1.249685435118356005e-03
-4.300181024082322168e+00 -6.143675570129354391e-01 1.757712407956607270e-01 7.188996989672381233e+01 1.891810452702332715e-03
-3.705882580548084171e+00 -6.114110283869061968e-01 1.760948669001542177e-01 7.540482379945792957e+01 1.250731803420686034e-03
-3.710145913704577136e+00 -6.098723814089379580e-01 1.789782568097857962e-01 7.711054660801254101e+01 1.488015779734320381e-03
-4.142476826446663374e+00 -6.145313571320082380e-01 1.787536306299927213e-01 7.035021897521835399e+01 1.538221142055982635e-03
-3.298215421658933444e+00 -6.341335511520147517e-01 1.813478693705719014e-01 6.443359046365735310e+01 1.218924711718907903e-03
-3.298215421658933444e+00 -6.341335511520147517e-01 1.813478693705719014e-01 6.443359046365735310e+01 1.218924711718907903e-03
-3.880520174975865988e+00 -5.754827808718805393e-01 1.707356645172907195e-01 6.767387353245314330e+01 9.055900734305210578e-04
-3.307506672130504199e+00 -5.662095760140727352e-01 1.660716283501590118e-01 6.942461983074485943e+01 1.230103294007965512e-03
-3.367456553267538677e+00 -5.328840518320621111e-01 1.612246491219424260e-01 8.204848775714570763e+01 9.895978354438803547e-04
-3.408177136211482328e+00 -5.081452365080583178e-01 1.745724080687858226e-01 8.131820231195179360e+01 1.035862946058611032e-03
-3.408177136211482328e+00 -5.081452365080583178e-01 1.745724080687858226e-01 8.131820231195179360e+01 1.035862946058611032e-03
-4.105895633830679792e+00 -4.556042138845636802e-01 1.598675658794160293e-01 6.889697079776031785e+01 1.106283340214913539e-03
-4.253343926776416595e+00 -4.615122856421006725e-01 1.618399081708527254e-01 6.425366242344179568e+01 1.313610484182829892e-03
-3.586260217892221824e+00 -4.540798527893081804e-01 1.748590993164081675e-01 7.112204988521531845e+01 1.285246596686104043e-03
-3.332316765193754637e+00 -4.457172149509396331e-01 1.778556282952892531e-01 7.737009058446523113e+01 1.206531318690465780e-03
-3.332316765193754637e+00 -4.457172149509396331e-01 1.778556282952892531e-01 7.737009058446523113e+01 1.206531318690465780e-03
-3.332316765193754637e+00 -4.457172149509396331e-01 1.778556282952892531e-01 7.737009058446523113e+01 1.206531318690465780e-03
-3.036601505314589389e+00 -4.440671497663112866e-01 1.414386773372666162e-01 7.737544397100570848e+01 1.823907646352530137e-03
-3.011249128897864669e+00 -4.358543877328645011e-01 1.388836210290392004e-01 8.048844010027571017e+01 1.553890192147537076e-03
-3.987335875621735859e+00 -4.196265947738836433e-01 1.449608041871955910e-01 7.557120939054146902e+01 1.367110400756156065e-03
-3.987335875621735859e+00 -4.196265947738836433e-01 1.449608041871955910e-01 7.557120939054146902e+01 1.367110400756156065e-03
-3.987335875621735859e+00 -4.196265947738836433e-01 1.449608041871955910e-01 7.557120939054146902e+01 1.367110400756156065e-03
-3.987335875621735859e+00 -4.196265947738836433e-01 1.449608041871955910e-01 7.557120939054146902e+01 1.367110400756156065e-03
-3.764203258643251893e+00 -4.292308819144414200e-01 1.599772647391542180e-01 8.544373970045552369e+01 1.329337922433303232e-03
-4.205132724820889401e+00 -4.363542795894290727e-01 1.508066736245486095e-01 8.234038521539977751e+01 1.362890968411601626e-03
-4.205132724820889401e+00 -4.363542795894290727e-01 1.508066736245486095e-01 8.234038521539977751e+01 1.362890968411601626e-03
-4.717111811379611552e+00 -4.236782655454111035e-01 1.245610549534683642e-01 8.078009625166480134e+01 1.078025795912445359e-03
-4.683718289923548106e+00 -4.176858685788293890e-01 1.053759068561455348e-01 8.212308704456059161e+01 1.047798105747928601e-03
-4.683718289923548106e+00 -4.176858685788293890e-01 1.053759068561455348e-01 8.212308704456059161e+01 1.047798105747928601e-03
-4.683718289923548106e+00 -4.176858685788293890e-01 1.053759068561455348e-01 8.212308704456059161e+01 1.047798105747928601e-03
-4.940697392621954620e+00 -3.974024705316874795e-01 1.065547078739601528e-01 7.970669526354495815e+01 9.867672594958951972e-04
-4.940697392621954620e+00 -3.974024705316874795e-01 1.065547078739601528e-01 7.970669526354495815e+01 9.867672594958951972e-04
-4.177444714091740785e+00 -3.925897757754677198e-01 1.123830484160039112e-01 8.870974455806590697e+01 1.638921932719086642e-03
-4.177444714091740785e+00 -3.925897757754677198e-01 1.123830484160039112e-01 8.870974455806590697e+01 1.638921932719086642e-03
-4.177444714091740785e+00 -3.925897757754677198e-01 1.123830484160039112e-01 8.870974455806590697e+01 1.638921932719086642e-03
-4.602559271154579079e+00 -3.997142483888670994e-01 1.234444445311319027e-01 8.470288107033221081e+01 1.155167108785252854e-03
-4.730377301429987469e+00 -4.102928628528468846e-01 1.274405912566433097e-01 8.205824526899384352e+01 1.190954962893489913e-03
-4.730377301429987469e+00 -4.102928628528468846e-01 1.274405912566433097e-01 8.205824526899384352e+01 1.190954962893489913e-03
-4.652144697224392722e+00 -4.608318203028007876e-01 1.252612595019197417e-01 7.810552735576666805e+01 1.014907007892591534e-03
-4.208238682392098085e+00 -5.093132875530186343e-01 1.176760036951659816e-01 7.975680353939335987e+01 1.140770173084752412e-03
-4.208238682392098085e+00 -5.093132875530186343e-01 1.176760036951659816e-01 7.975680353939335987e+01 1.140770173084752412e-03
-3.737196103987499018e+00 -5.191498973962174190e-01 1.303531315742470498e-01 7.929094113268293142e+01 1.327262275863992300e-03
-4.710687335570188594e+00 -5.019734421343531316e-01 1.299690216083510541e-01 7.112860484887001178e+01 1.056503428374658965e-03
-3.764764828527940921e+00 -5.479973074351016660e-01 1.463758529768093841e-01 6.661197834121227856e+01 1.517951523909567228e-03
-3.764764828527940921e+00 -5.479973074351016660e-01 1.463758529768093841e-01 6.661197834121227856e+01 1.517951523909567228e-03
-3.764764828527940921e+00 -5.479973074351016660e-01 1.463758529768093841e-01 6.661197834121227856e+01 1.517951523909567228e-03
-3.773120224596778094e+00 -5.481802011209506720e-01 1.612609376258575533e-01 6.686822583581522395e+01 1.082904640157537641e-03
-3.627387313075947972e+00 -5.628510663551836712e-01 1.493105157795903692e-01 7.280952416908111502e+01 1.045328545336627734e-03
-4.283508412244821706e+00 -5.724149007495494823e-01 1.506673160360730568e-01 8.049056829295369653e+01 1.789779931219172542e-03
-4.141555498657391254e+00 -5.507071714729746548e-01 1.471414045548933291e-01 6.890606233558747817e+01 9.986597710665767388e-04
-4.229420808460783832e+00 -5.497031079263771103e-01 1.600832301247035183e-01 7.370776676490467594e+01 1.257592454720727520e-03
-4.907471763129374054e+00 -6.132701523292617418e-01 1.578582248662394050e-01 6.533418688160774934e+01 1.463418686914460393e-03
-4.907471763129374054e+00 -6.132701523292617418e-01 1.578582248662394050e-01 6.533418688160774934e+01 1.463418686914460393e-03
-4.400660566430011578e+00 -6.052241184770009719e-01 1.502784735729550125e-01 6.557468517299558641e+01 1.115324970245772833e-03
-4.400660566430011578e+00 -6.052241184770009719e-01 1.502784735729550125e-01 6.557468517299558641e+01 1.115324970245772833e-03
-4.576330256377218575e+00 -5.720747711448693762e-01 1.467602988277326159e-01 7.121753622523205252e+01 1.217364441115255510e-03
-3.589563877994346175e+00 -5.699176175562755686e-01 1.839511659363926022e-01 6.489415939900990793e+01 9.760390737650024044e-04
-3.748772449339830004e+00 -4.864764462482112917e-01 1.927094008039747508e-01 7.569170384719519973e+01 1.118201561379922673e-03
-3.672741437606475756e+00 -4.856171678378850554e-01 1.935834871136184743e-01 7.624513375750706246e+01 1.046831572397531086e-03
-3.340396979410575007e+00 -4.706356798386681639e-01 1.860477653382933694e-01 8.806715688265802555e+01 1.370935638562079941e-03
-3.200841204992846745e+00 -4.811242398965905331e-01 1.701055701657613883e-01 8.107239655234261022e+01 1.164082168557114758e-03
-3.200841204992846745e+00 -4.811242398965905331e-01 1.701055701657613883e-01 8.107239655234261022e+01 1.164082168557114758e-03
-3.285355044107374667e+00 -4.949129362405918497e-01 1.908945016241807291e-01 8.538370828116590872e+01 1.388955757719918371e-03
-3.679514919057934819e+00 -4.527762041519566294e-01 1.772027917482910941e-01 8.351517756394233061e+01 1.288375960516265940e-03
-3.667790877328778176e+00 -4.415653676097916480e-01 1.903233631900382861e-01 7.937662437571317753e+01 1.083440201582904633e-03
-3.597858061529632945e+00 -4.941633860701976078e-01 1.774693814971476935e-01 8.797894577811975125e+01 1.710340625299743705e-03
-3.597858061529632945e+00 -4.941633860701976078e-01 1.774693814971476935e-01 8.797894577811975125e+01 1.710340625299743705e-03
-3.845400283924985008e+00 -4.687339603558601797e-01 1.728085087901587991e-01 8.964596536004427207e+01 2.265474682454200750e-03
-3.925345461329180274e+00 -4.434576553003764521e-01 1.516977845695973992e-01 8.853042848699148237e+01 1.653869612226715156e-03
-4.076597854300618273e+00 -4.541756156829714342e-01 1.742692338486989401e-01 8.700337775356994996e+01 2.448742797691263583e-03
-3.942619030300484440e+00 -4.256095410818944158e-01 1.438535704169970064e-01 7.411650484121754801e+01 1.546303513210604396e-03
-3.735072891331082445e+00 -4.859808867560250767e-01 1.533453189400703909e-01 7.452747580608314593e+01 1.157649053376643995e-03
-3.792058766424706295e+00 -4.751394615832263413e-01 1.446331349124032606e-01 6.814575797876868535e+01 1.969123879341352044e-03
-4.639969923574790656e+00 -5.217037947200754422e-01 1.700822621782840938e-01 7.661658443558707177e+01 2.575723968976258854e-03
-3.962206497749820588e+00 -4.884987421083182291e-01 1.577144513572302786e-01 8.329128432737522303e+01 1.460451772401975476e-03
-3.292109764248546622e+00 -5.102325462883599005e-01 1.474956083785071703e-01 7.878545104317537096e+01 1.209515435224096762e-03
-3.292109764248546622e+00 -5.102325462883599005e-01 1.474956083785071703e-01 7.878545104317537096e+01 1.209515435224096762e-03
-3.292109764248546622e+00 -5.102325462883599005e-01 1.474956083785071703e-01 7.878545104317537096e+01 1.209515435224096762e-03
-3.184422408138733118e+00 -5.092079210316979854e-01 1.312433027084011772e-01 8.954484763913180245e+01 9.786508005224074398e-04
-3.940199109198701422e+00 -4.691200588377508196e-01 1.549161680874931446e-01 8.092903771608885677e+01 1.174852709379805866e-03
-3.951485483006853094e+00 -4.973922016342316454e-01 1.504387984216520036e-01 8.583293099362167311e+01 1.588176081198179428e-03
-3.951485483006853094e+00 -4.973922016342316454e-01 1.504387984216520036e-01 8.583293099362167311e+01 1.588176081198179428e-03
-4.973807016133296344e+00 -4.685943789113879987e-01 1.270372800983818884e-01 7.852337274181560645e+01 1.184961797944485661e-03
-4.464169440518250376e+00 -4.947952463133122869e-01 1.590556804867069018e-01 6.903000643443324691e+01 1.247301788625384536e-03
-4.158328418299864992e+00 -4.879193585427281654e-01 1.884893395481406775e-01 6.972699066777663290e+01 1.311493978292735613e-03
-4.158328418299864992e+00 -4.879193585427281654e-01 1.884893395481406775e-01 6.972699066777663290e+01 1.311493978292735613e-03
-4.214944224005941820e+00 -5.455874803303411014e-01 1.879315801329349556e-01 6.415706983975948674e+01 1.293686710827665880e-03
-3.859089842172218621e+00 -5.861809339005886743e-01 1.736004720181832661e-01 6.915060136850553363e+01 9.342364439078122739e-04
-3.859089842172218621e+00 -5.861809339005886743e-01 1.736004720181832661e-01 6.915060136850553363e+01 9.342364439078122739e-04
-3.486773258443341295e+00 -6.273554558668996695e-01 1.653650697659588553e-01 7.903163043765428597e+01 1.190468776436179972e-03
-3.486773258443341295e+00 -6.273554558668996695e-01 1.653650697659588553e-01 7.903163043765428597e+01 1.190468776436179972e-03
-3.486773258443341295e+00 -6.273554558668996695e-01 1.653650697659588553e-01 7.903163043765428597e+01 1.190468776436179972e-03
-3.319249278224043032e+00 -6.338061514101667182e-01 1.459786475023400198e-01 8.687426865270819576e+01 1.328521498002677983e-03
-3.319249278224043032e+00 -6.338061514101667182e-01 1.459786475023400198e-01 8.687426865270819576e+01 1.328521498002677983e-03
-3.473773249789323447e+00 -6.415566803423409237e-01 9.885715358699381783e-02 8.918660315309620046e+01 1.526767599766519490e-03
-3.296242736098594861e+00 -6.749660427679901042e-01 9.767628617140239333e-02 8.589956832084760663e+01 1.552017714506333593e-03
-3.830232724474413875e+00 -7.486301812460756100e-01 1.060893745487994505e-01 8.176805613763487202e+01 1.145803011811516968e-03
-3.830232724474413875e+00 -7.486301812460756100e-01 1.060893745487994505e-01 8.176805613763487202e+01 1.145803011811516968e-03
-3.755713546182018359e+00 -7.637492204212676938e-01 1.005504363841660670e-01 8.046180426042286626e+01 1.330365577985767774e-03
-3.755713546182018359e+00 -7.637492204212676938e-01 1.005504363841660670e-01 8.046180426042286626e+01 1.330365577985767774e-03
-3.239035948219386452e+00 -7.859477142693527263e-01 1.040256108791597078e-01 7.841230239168999105e+01 1.305471398478558415e-03
-3.557082621592591476e+00 -7.835645142813478792e-01 1.111685241177038097e-01 7.309357280606377572e+01 1.399598992363633486e-03
-3.019936922174012661e+00 -7.797748772823850372e-01 1.174081389612085108e-01 7.305413153390068715e+01 1.024104656452851352e-03
-3.019936922174012661e+00 -7.797748772823850372e-01 1.174081389612085108e-01 7.305413153390068715e+01 1.024104656452851352e-03
-3.019936922174012661e+00 -7.797748772823850372e-01 1.174081389612085108e-01 7.305413153390068715e+01 1.024104656452851352e-03
-3.231842800467917609e+00 -7.648648144326103404e-01 1.140064015334881914e-01 6.993470469990329264e+01 1.856539247314344717e-03
-4.008378581120422446e+00 -7.599742782633686078e-01 1.070671330443217772e-01 6.752799295068216168e+01 1.952733975508738140e-03
-4.754893568745824695e+00 -7.879122528841682183e-01 1.053805766804113975e-01 6.653346434318132196e+01 1.546805085204567849e-03
-4.754893568745824695e+00 -7.879122528841682183e-01 1.053805766804113975e-01 6.653346434318132196e+01 1.546805085204567849e-03
-4.894337160798020392e+00 -8.066114167731116558e-01 1.002452248595143841e-01 7.531604773943485043e+01 9.309740182718275131e-04
-4.894337160798020392e+00 -8.066114167731116558e-01 1.002452248595143841e-01 7.531604773943485043e+01 9.309740182718275131e-04
-4.745592703859919936e+00 -8.283061069139825427e-01 9.496520776955386101e-02 8.109096406279989822e+01 9.509129582718103650e-04
-4.745592703859919936e+00 -8.283061069139825427e-01 9.496520776955386101e-02 8.109096406279989822e+01 9.509129582718103650e-04
-4.807120192608318909e+00 -8.283921015312221137e-01 9.576816872181032059e-02 8.143285004303288588e+01 9.468425129381292937e-04
-4.807120192608318909e+00 -8.283921015312221137e-01 9.576816872181032059e-02 8.143285004303288588e+01 9.468425129381292937e-04
-4.349529180071424861e+00 -8.500174961067061830e-01 9.850772697971134362e-02 8.804904279365010211e+01 1.362620090344041860e-03
-4.349529180071424861e+00 -8.500174961067061830e-01 9.850772697971134362e-02 8.804904279365010211e+01 1.362620090344041860e-03
-4.675500364239273843e+00 -8.892526526221248284e-01 1.105701125545930918e-01 8.110782836183781797e+01 1.154602064173714318e-03
-4.539006669533221405e+00 -8.684243031571214910e-01 1.099770410638159640e-01 7.734190553638570975e+01 9.048973559819614579e-04
-4.539006669533221405e+00 -8.684243031571214910e-01 1.099770410638159640e-01 7.734190553638570975e+01 9.048973559819614579e-04
-4.539006669533221405e+00 -8.684243031571214910e-01 1.099770410638159640e-01 7.734190553638570975e+01 9.048973559819614579e-04
-4.019768323910807517e+00 -8.615320873227743093e-01 8.574979261982258738e-02 8.630382095356711147e+01 1.448537978024213441e-03
-4.019768323910807517e+00 -8.615320873227743093e-01 8.574979261982258738e-02 8.630382095356711147e+01 1.448537978024213441e-03
-3.786802281477828380e+00 -8.538525089514774624e-01 9.649335634118830218e-02 7.340905986184601772e+01 1.811810811439739906e-03
-4.448327699866707619e+00 -8.481838714794798229e-01 9.221928726207605231e-02 6.873642411303299582e+01 2.187027235210849737e-03
-4.771057546784599701e+00 -8.301270222533015941e-01 9.976397985535867541e-02 6.806863221649219042e+01 1.584373276646120106e-03
-4.175155068172061945e+00 -8.467668604990618020e-01 1.066212386782443289e-01 6.917167276438485146e+01 1.400553165134422974e-03
-4.175155068172061945e+00 -8.467668604990618020e-01 1.066212386782443289e-01 6.917167276438485146e+01 1.400553165134422974e-03
-3.733736751620434724e+00 -8.590916619395084775e-01 1.153934064683031779e-01 6.736440640549317038e+01 1.453113468847851836e-03
-3.838698126849856784e+00 -8.569861559875884272e-01 1.270740763424971220e-01 7.587080910467552997e+01 9.444687984650134652e-04
-3.971141406221851522e+00 -8.660674093744374913e-01 1.115181443636162895e-01 7.915799341269034528e+01 9.849659340205314632e-04
-3.971141406221851522e+00 -8.660674093744374913e-01 1.115181443636162895e-01 7.915799341269034528e+01 9.849659340205314632e-04
-3.971141406221851522e+00 -8.660674093744374913e-01 1.115181443636162895e-01 7.915799341269034528e+01 9.849659340205314632e-04
-3.971141406221851522e+00 -8.660674093744374913e-01 1.115181443636162895e-01 7.915799341269034528e+01 9.849659340205314632e-04
-3.767226831272568521e+00 -9.156084433691070723e-01 9.882888418637175709e-02 8.351494966231261685e+01 1.158635659366992303e-03
-3.951790771961309012e+00 -9.412295857686141520e-01 1.189180198853369980e-01 6.976414534141727586e+01 9.349125557411152188e-04
-4.069439156075358888e+00 -9.465770289021746553e-01 8.983675373705329870e-02 7.747130633040156056e+01 1.450463615384034455e-03
-4.156938115118792965e+00 -9.915497424312669228e-01 1.104418522759832016e-01 7.471672090278374867e+01 8.824337384873906639e-04
-4.156938115118792965e+00 -9.915497424312669228e-01 1.104418522759832016e-01 7.471672090278374867e+01 8.824337384873906639e-04
-3.982062874888081971e+00 -9.150832209504018433e-01 1.230229956954295295e-01 7.684856833812663979e+01 1.011014416635723501e-03
-3.982062874888081971e+00 -9.150832209504018433e-01 1.230229956954295295e-01 7.684856833812663979e+01 1.011014416635723501e-03
-3.423622236792604134e+00 -9.438387264282249722e-01 1.361637006310565390e-01 8.275282554696939030e+01 1.776743033689336376e-03
-3.544869899678408931e+00 -9.540519998881371588e-01 1.273057367387152583e-01 8.496673322615220059e+01 1.777178008034796487e-03
-3.337512203165874158e+00 -9.863982628396809060e-01 1.449655663197037814e-01 7.817371474333100423e+01 1.592830549110224678e-03
-3.295927411928150086e+00 -9.929914027789061848e-01 1.268142531362129732e-01 7.019519132238070824e+01 8.773154159991125838e-04
-3.376119310820528074e+00 -9.784532198268276471e-01 1.019882901911877970e-01 7.879535086525021370e+01 1.053224579295607101e-03
-3.037274134125883762e+00 -9.588219879523867117e-01 1.162582999947722046e-01 8.117321997912439713e+01 1.103558316392696474e-03
-3.120866237934505794e+00 -9.827011814382441424e-01 1.181043273090000983e-01 8.440294672580043311e+01 1.325549365490010303e-03
-3.042995793667880644e+00 -9.337648686080974869e-01 1.191522587298588648e-01 8.506052412305776045e+01 1.523775480830137424e-03
-3.443797215721625449e+00 -9.442921843489316958e-01 1.143879825435516473e-01 7.551002231775713369e+01 9.032527362741126463e-04
-4.037480240795659370e+00 -9.648842288630326003e-01 1.132824176761904333e-01 7.778320067334672672e+01 9.594813529986976394e-04
-3.935867364905425436e+00 -9.440626766978019724e-01 9.363502650071725553e-02 8.055864042103119971e+01 1.214010504000885473e-03
-3.971113268454295575e+00 -8.974212637176156582e-01 1.317819556324627828e-01 7.661236798430077499e+01 1.169188232650680880e-03
-3.971113268454295575e+00 -8.974212637176156582e-01 1.317819556324627828e-01 7.661236798430077499e+01 1.169188232650680880e-03
-3.971113268454295575e+00 -8.974212637176156582e-01 1.317819556324627828e-01 7.661236798430077499e+01 1.169188232650680880e-03
-3.971113268454295575e+00 -8.974212637176156582e-01 1.317819556324627828e-01 7.661236798430077499e+01 1.169188232650680880e-03
-3.287903317919915303e+00 -9.386668025340098032e-01 1.250844058428707550e-01 7.559242337703960857e+01 8.575269173818405796e-04
-3.287903317919915303e+00 -9.386668025340098032e-01 1.250844058428707550e-01 7.559242337703960857e+01 8.575269173818405796e-04
-3.287903317919915303e+00 -9.386668025340098032e-01 1.250844058428707550e-01 7.559242337703960857e+01 8.575269173818405796e-04
-3.736670399768184492e+00 -9.395735544621618418e-01 1.239450268676127731e-01 7.423462938078169771e+01 8.799506921503082082e-04
-3.736670399768184492e+00 -9.395735544621618418e-01 1.239450268676127731e-01 7.423462938078169771e+01 8.799506921503082082e-04
-3.736670399768184492e+00 -9.395735544621618418e-01 1.239450268676127731e-01 7.423462938078169771e+01 8.799506921503082082e-04
-4.626154239660282386e+00 -9.643601717972158927e-01 1.163410423801384957e-01 7.619576019426391156e+01 9.868904622417325537e-04
-4.581526833204525140e+00 -9.463022996023581213e-01 1.260487715809286979e-01 6.934711573204587864e+01 9.067326123690442989e-04
-4.581526833204525140e+00 -9.463022996023581213e-01 1.260487715809286979e-01 6.934711573204587864e+01 9.067326123690442989e-04
-4.502632574887639905e+00 -9.372115434019302471e-01 9.977688083763361360e-02 7.055334823809327816e+01 1.299444041779527180e-03
-4.503652271890804748e+00 -9.402124547973719215e-01 9.587945905098285704e-02 7.670830342238126320e+01 1.025898956840920213e-03
-4.503652271890804748e+00 -9.402124547973719215e-01 9.587945905098285704e-02 7.670830342238126320e+01 1.025898956840920213e-03
-4.503652271890804748e+00 -9.402124547973719215e-01 9.587945905098285704e-02 7.670830342238126320e+01 1.025898956840920213e-03
-4.627787202476130624e+00 -9.050502860389408877e-01 9.818499444554942834e-02 7.765860793448291588e+01 9.303950307882893293e-04
-4.627787202476130624e+00 -9.050502860389408877e-01 9.818499444554942834e-02 7.765860793448291588e+01 9.303950307882893293e-04
-4.286274777481336784e+00 -9.236304145762164186e-01 8.578560660283678085e-02 7.937487927382221642e+01 1.435134775441625210e-03
-4.286274777481336784e+00 -9.236304145762164186e-01 8.578560660283678085e-02 7.937487927382221642e+01 1.435134775441625210e-03
-4.646588574566776764e+00 -9.556176348904130702e-01 9.871893303250768581e-02 7.202273070382894105e+01 1.151966339319781835e-03
-4.697949090377632864e+00 -9.069896826343224472e-01 9.683274118682545784e-02 7.763506707028653864e+01 9.418898654761787958e-04
-4.720401343238903813e+00 -8.956462771639076559e-01 9.337092552809055090e-02 7.632731852666347550e+01 1.082378737228821119e-03
-4.744884087690703467e+00 -8.819840555311582175e-01 1.302290554281466672e-01 6.134784452526873366e+01 1.253654700522854881e-03
-4.792346485386683952e+00 -8.873602501860716751e-01 1.456823867351254853e-01 6.752365571761212948e+01 1.267896436372871341e-03
-4.792346485386683952e+00 -8.873602501860716751e-01 1.456823867351254853e-01 6.752365571761212948e+01 1.267896436372871341e-03
-4.974371114900963065e+00 -8.439568377314830006e-01 1.274188191008623072e-01 6.891106943001189222e+01 9.400898828584270620e-04
-4.974371114900963065e+00 -8.439568377314830006e-01 1.274188191008623072e-01 6.891106943001189222e+01 9.400898828584270620e-04
-4.955007851834908550e+00 -8.826994667562788610e-01 1.150140615513353531e-01 7.143033350603967335e+01 8.571924847397186355e-04
-4.960456320303104683e+00 -8.689929089645035409e-01 1.127374533118971761e-01 6.571843772462264610e+01 1.193689614499714082e-03
-4.960456320303104683e+00 -8.689929089645035409e-01 1.127374533118971761e-01 6.571843772462264610e+01 1.193689614499714082e-03
-4.939594758966915578e+00 -8.607458975398744050e-01 1.078575110544952170e-01 7.358596021092557748e+01 8.570616612323023100e-04
-4.608197334798051159e+00 -8.409009592392193699e-01 1.191378999217195950e-01 7.634286109696128619e+01 1.004905307529302318e-03
-4.608197334798051159e+00 -8.409009592392193699e-01 1.191378999217195950e-01 7.634286109696128619e+01 1.004905307529302318e-03
-4.366837212094701215e+00 -8.552083831772564482e-01 1.084660145848419244e-01 8.164062585210312761e+01 1.083898924819241393e-03
-4.366837212094701215e+00 -8.552083831772564482e-01 1.084660145848419244e-01 8.164062585210312761e+01 1.083898924819241393e-03
-4.366837212094701215e+00 -8.552083831772564482e-01 1.084660145848419244e-01 8.164062585210312761e+01 1.083898924819241393e-03
-3.990242264548140572e+00 -8.180755931768917133e-01 1.175100043291851803e-01 7.538599394270161724e+01 9.081566311959206415e-04
-4.370797223027020451e+00 -8.505982223857311286e-01 1.322844106060973579e-01 6.977256106405148728e+01 9.364709193465095213e-04
-4.370797223027020451e+00 -8.505982223857311286e-01 1.322844106060973579e-01 6.977256106405148728e+01 9.364709193465095213e-04
-4.044090828122531178e+00 -8.709970964803257498e-01 1.176923507950902170e-01 7.247503234884531764e+01 8.955181021561370519e-04
-4.044090828122531178e+00 -8.709970964803257498e-01 1.176923507950902170e-01 7.247503234884531764e+01 8.955181021561370519e-04
-3.128568620188685756e+00 -9.254175799029055183e-01 1.126780521832567855e-01 8.011853202802603846e+01 8.714024874594799696e-04
-3.128568620188685756e+00 -9.254175799029055183e-01 1.126780521832567855e-01 8.011853202802603846e+01 8.714024874594799696e-04
-4.047419994619501082e+00 -8.591054549605493529e-01 1.140314293439941978e-01 7.353764866172230086e+01 9.272898429023208357e-04
-4.047419994619501082e+00 -8.591054549605493529e-01 1.140314293439941978e-01 7.353764866172230086e+01 9.272898429023208357e-04
-3.847478899024404431e+00 -8.901080364674122114e-01 1.123173622061111321e-01 7.591837920636785952e+01 9.379608652150220761e-04
-4.280905348923830012e+00 -9.204199759173645745e-01 1.205208407210219546e-01 7.160381021626542974e+01 8.638925070821720439e-04
-4.280905348923830012e+00 -9.204199759173645745e-01 1.205208407210219546e-01 7.160381021626542974e+01 8.638925070821720439e-04
-3.883974367052558829e+00 -9.305229076037644376e-01 1.298677252086846978e-01 6.298070203863936456e+01 1.198934130314551708e-03
-4.131159994321992990e+00 -8.927773655301201039e-01 1.659057155802860506e-01 6.206772054688858731e+01 1.207378632769124261e-03
-4.350661070546026465e+00 -8.858502395880942792e-01 1.463608931850547135e-01 6.634264112579455741e+01 1.075727723904346469e-03
-4.148528144967594145e+00 -8.817769077097232788e-01 1.588821500321222768e-01 6.147949301724430882e+01 1.108864074915253458e-03
-4.148528144967594145e+00 -8.817769077097232788e-01 1.588821500321222768e-01 6.147949301724430882e+01 1.108864074915253458e-03
-4.148528144967594145e+00 -8.817769077097232788e-01 1.588821500321222768e-01 6.147949301724430882e+01 1.108864074915253458e-03
-4.148528144967594145e+00 -8.817769077097232788e-01 1.588821500321222768e-01 6.147949301724430882e+01 1.108864074915253458e-03
-3.654562320580702739e+00 -8.318665766647495019e-01 1.490893251425763066e-01 7.175274786979053943e+01 9.638746815795182828e-04
-3.654562320580702739e+00 -8.318665766647495019e-01 1.490893251425763066e-01 7.175274786979053943e+01 9.638746815795182828e-04
-3.654562320580702739e+00 -8.318665766647495019e-01 1.490893251425763066e-01 7.175274786979053943e+01 9.638746815795182828e-04
-3.654562320580702739e+00 -8.318665766647495019e-01 1.490893251425763066e-01 7.175274786979053943e+01 9.638746815795182828e-04
-3.654562320580702739e+00 -8.318665766647495019e-01 1.490893251425763066e-01 7.175274786979053943e+01 9.638746815795182828e-04
-4.058311478877040912e+00 -7.986885361634765701e-01 1.267722558915423681e-01 6.262373821028705834e+01 1.473960106825680967e-03
-3.341233366027530849e+00 -8.150849795790982011e-01 1.446816935867840659e-01 7.504729496177296255e+01 9.603231311104873900e-04
-3.341233366027530849e+00 -8.150849795790982011e-01 1.446816935867840659e-01 7.504729496177296255e+01 9.603231311104873900e-04
-3.918356851298524290e+00 -8.122683974856841349e-01 1.463587636670834191e-01 7.444708580927418495e+01 1.221466944321413211e-03
-3.918356851298524290e+00 -8.122683974856841349e-01 1.463587636670834191e-01 7.444708580927418495e+01 1.221466944321413211e-03
-3.918356851298524290e+00 -8.122683974856841349e-01 1.463587636670834191e-01 7.444708580927418495e+01 1.221466944321413211e-03
-4.909467226594019351e+00 -8.077585296213871668e-01 1.196977770678624015e-01 7.388752582538572256e+01 9.360674421662554950e-04
-4.909467226594019351e+00 -8.077585296213871668e-01 1.196977770678624015e-01 7.388752582538572256e+01 9.360674421662554950e-04
-4.376699629821432680e+00 -8.407995875943090613e-01 1.381216194969429600e-01 6.694347657933739981e+01 9.715796415570724168e-04
-4.376699629821432680e+00 -8.407995875943090613e-01 1.381216194969429600e-01 6.694347657933739981e+01 9.715796415570724168e-04
-4.376699629821432680e+00 -8.407995875943090613e-01 1.381216194969429600e-01 6.694347657933739981e+01 9.715796415570724168e-04
-4.376699629821432680e+00 -8.407995875943090613e-01 1.381216194969429600e-01 6.694347657933739981e+01 9.715796415570724168e-04
-4.554084148103154206e+00 -8.105397253833499516e-01 1.448513435893051260e-01 6.322316056252167016e+01 1.119480940061632224e-03
-4.435577365047596032e+00 -8.053089642245431223e-01 1.598896283415077446e-01 6.392521694937790500e+01 1.291282074496321805e-03
-4.283316040083318121e+00 -7.596926717906556936e-01 1.570895346750635635e-01 6.632018377268828146e+01 1.165831735131915613e-03
-4.075863730623393799e+00 -7.691788432786418328e-01 1.330146308447932579e-01 6.789877942534610611e+01 9.251792909141930577e-04
-4.789062826833446529e+00 -7.601878993237202176e-01 1.104431431460634189e-01 7.487748920121171636e+01 8.610753536222922472e-04
-4.594951193181372240e+00 -7.743092763584574767e-01 1.046680473625033886e-01 8.605604267869148316e+01 1.298245166304284751e-03
-4.121524458068390295e+00 -8.437109682427198498e-01 9.775323762147175577e-02 8.018141716309791889e+01 1.105245982864920019e-03
-4.121524458068390295e+00 -8.437109682427198498e-01 9.775323762147175577e-02 8.018141716309791889e+01 1.105245982864920019e-03
-4.315580609871411788e+00 -8.446034064680896236e-01 1.028324275069591315e-01 7.563364239838215042e+01 1.005759343001109670e-03
-3.955061547457805027e+00 -8.503808211524691574e-01 1.128073237130531453e-01 7.810915173225096453e+01 9.589960811000706065e-04
-3.955061547457805027e+00 -8.503808211524691574e-01 1.128073237130531453e-01 7.810915173225096453e+01 9.589960811000706065e-04
-4.397938886896283428e+00 -8.167188680792135669e-01 1.084643038578873286e-01 7.620565697276617811e+01 8.994271476655735145e-04
-4.458711673816758037e+00 -8.213896741465550599e-01 1.218216111355798770e-01 7.960702558438916299e+01 1.271881416035271217e-03
-4.458711673816758037e+00 -8.213896741465550599e-01 1.218216111355798770e-01 7.960702558438916299e+01 1.271881416035271217e-03
-4.287504872558190350e+00 -8.597569488843742613e-01 1.047348290165981410e-01 8.654305446200694973e+01 1.389109318956460119e-03
-4.846173115046439328e+00 -8.776066958773528492e-01 1.009749655216513192e-01 8.336792546386618596e+01 1.102992631087159432e-03
-4.771833745672128479e+00 -8.860665169003202335e-01 1.138922365962446170e-01 7.823996382728073229e+01 1.046669649654671710e-03
-4.790330134903920900e+00 -8.752466920973756004e-01 1.146091976249457717e-01 7.643967226531358961e+01 9.561346073063309607e-04
-4.622548176187541991e+00 -8.724084087664885079e-01 1.255559062019157290e-01 7.365585930146794169e+01 1.021394147674356372e-03
-4.906676773431739136e+00 -8.576886579800893085e-01 9.886560621112641667e-02 7.605462122239994471e+01 9.212591801876436788e-04
-4.906676773431739136e+00 -8.576886579800893085e-01 9.886560621112641667e-02 7.605462122239994471e+01 9.212591801876436788e-04
-4.587021289681708858e+00 -8.057073570703822130e-01 9.514173042060690422e-02 8.145446399975971019e+01 9.770015191039676215e-04
-4.723769813203584356e+00 -8.163547452159755080e-01 1.122285721917244267e-01 8.032389882870278086e+01 1.103801158453932658e-03
-4.723769813203584356e+00 -8.163547452159755080e-01 1.122285721917244267e-01 8.032389882870278086e+01 1.103801158453932658e-03
-3.931341977430363066e+00 -8.428267592377097772e-01 1.015416722903571545e-01 8.413182009020998464e+01 1.176940471336030553e-03
-3.881143895075301220e+00 -8.647884284363215324e-01 1.336977577333336442e-01 7.981025869525871030e+01 1.442093436881936421e-03
-3.881143895075301220e+00 -8.647884284363215324e-01 1.336977577333336442e-01 7.981025869525871030e+01 1.442093436881936421e-03
-3.726113464347835524e+00 -8.908357387648236925e-01 1.508117424692049513e-01 7.778121704570141048e+01 1.762117836835791745e-03
-3.570664949289316326e+00 -9.029624305598002998e-01 1.707709611976991892e-01 7.779448933889064222e+01 2.474698569733133069e-03
-3.919100984723441261e+00 -9.000670172386142642e-01 1.807829505546886539e-01 7.871583262250379676e+01 3.531157040036786432e-03
-4.454867998352366243e+00 -9.731088937153358209e-01 1.567145393594718827e-01 7.907867395999618054e+01 3.098261951236845526e-03
-3.968742291989558524e+00 -9.698368642842305487e-01 1.844289190522961641e-01 7.480532940220680871e+01 3.294101799419846960e-03
-3.950063536099941430e+00 -9.818168169495868902e-01 1.455508686317767142e-01 8.338483670841704054e+01 2.814794790678549780e-03
-3.630341105081643871e+00 -9.374063299505488445e-01 1.475690641332860764e-01 8.161298388366022039e+01 2.196748480686972534e-03
-4.035289143143748092e+00 -9.670727142902819651e-01 1.158659950929169097e-01 7.626926383944801557e+01 9.218685287110262982e-04
-3.820817905459929165e+00 -9.300418018886854599e-01 1.170499291028807287e-01 7.791588372122583905e+01 9.636357541753114066e-04
-3.820817905459929165e+00 -9.300418018886854599e-01 1.170499291028807287e-01 7.791588372122583905e+01 9.636357541753114066e-04
-3.820817905459929165e+00 -9.300418018886854599e-01 1.170499291028807287e-01 7.791588372122583905e+01 9.636357541753114066e-04
-4.000017267318390246e+00 -9.678946095779337178e-01 1.315521845296107606e-01 7.337225595401996259e+01 1.006002992218364093e-03
-4.007055266365489032e+00 -9.985719328426883035e-01 1.374011628142439712e-01 7.561670167795681152e+01 1.392653354333055725e-03
-3.857586021733046433e+00 -9.531209362857361311e-01 1.198299979099917978e-01 8.071218370147035159e+01 1.226653861725436091e-03
-3.877710333795476583e+00 -9.428667741944728453e-01 9.778308231545398965e-02 7.845813631171877489e+01 1.155758251733790716e-03
-4.150185686966220366e+00 -8.908907095601461545e-01 1.060920697795486589e-01 7.382415067887716020e+01 1.021176706531999948e-03
-4.622625911241895480e+00 -9.216038323067204940e-01 1.047924270864780127e-01 6.894503092169976810e+01 1.209921407227772423e-03
-4.575603837096298143e+00 -9.389994184383061437e-01 9.015310711154750356e-02 7.055309626603936124e+01 1.858740568955967410e-03
-3.771473339317871432e+00 -9.346827059155184969e-01 1.099693511340815999e-01 7.468143782786899010e+01 9.774173329899545765e-04
-3.231482644491228129e+00 -9.581083458545502918e-01 1.299324273305507427e-01 6.179916405309776906e+01 1.638661914811491340e-03
-3.634521254204802432e+00 -9.390308232395007115e-01 1.137267717013985130e-01 6.662881773813032282e+01 1.509420428046406295e-03
-4.705964578047239222e+00 -9.355792819227854995e-01 1.100700856615156875e-01 8.792373357642370024e+01 1.965506618590647132e-03
-3.851228241393320317e+00 -9.205558854190422080e-01 1.175517426269444970e-01 8.706672184188931851e+01 1.816720392899429971e-03
-3.963760980992597549e+00 -9.391890621559523256e-01 1.560750828383703492e-01 7.859359027959634147e+01 2.462073139715159099e-03
-3.963760980992597549e+00 -9.391890621559523256e-01 1.560750828383703492e-01 7.859359027959634147e+01 2.462073139715159099e-03
-3.564219488825610682e+00 -9.512679041154387116e-01 1.791576489447355980e-01 7.344956742564593810e+01 2.352966973113108495e-03
-4.318555769523475085e+00 -9.374931709009377556e-01 1.953016735362430312e-01 7.310069676442901709e+01 3.896802883231830546e-03
-4.168790571798259847e+00 -9.616582337300260130e-01 1.597025873855675848e-01 6.167753737186993135e+01 1.160356995612554613e-03
-4.157159088653066270e+00 -9.604228026493730752e-01 1.584677140142416452e-01 6.107229286636973598e+01 1.137033416558158594e-03
-4.157159088653066270e+00 -9.604228026493730752e-01 1.584677140142416452e-01 6.107229286636973598e+01 1.137033416558158594e-03
-4.919605459974925488e+00 -9.517252165563915289e-01 1.371471601602289592e-01 6.368873997816977806e+01 1.046465763292830312e-03
-4.919605459974925488e+00 -9.517252165563915289e-01 1.371471601602289592e-01 6.368873997816977806e+01 1.046465763292830312e-03
-4.919605459974925488e+00 -9.517252165563915289e-01 1.371471601602289592e-01 6.368873997816977806e+01 1.046465763292830312e-03
-4.919605459974925488e+00 -9.517252165563915289e-01 1.371471601602289592e-01 6.368873997816977806e+01 1.046465763292830312e-03
-4.401034980554252130e+00 -9.660803667049336907e-01 1.278392396634047690e-01 7.142606791368316976e+01 9.526669712296302649e-04
-3.655666227703305182e+00 -9.578052870551639897e-01 1.373614765772457336e-01 6.825184429750413528e+01 8.495033306767933896e-04
-3.655666227703305182e+00 -9.578052870551639897e-01 1.373614765772457336e-01 6.825184429750413528e+01 8.495033306767933896e-04
-3.655666227703305182e+00 -9.578052870551639897e-01 1.373614765772457336e-01 6.825184429750413528e+01 8.495033306767933896e-04
-4.364551087488214520e+00 -9.455372313985446198e-01 1.487268614636170216e-01 6.394437649609004382e+01 1.094299799786736587e-03
-4.364551087488214520e+00 -9.455372313985446198e-01 1.487268614636170216e-01 6.394437649609004382e+01 1.094299799786736587e-03
-4.363722049275464698e+00 -8.691412733485679443e-01 1.250189410584387761e-01 6.554193880302793218e+01 1.049057484288309916e-03
-4.363722049275464698e+00 -8.691412733485679443e-01 1.250189410584387761e-01 6.554193880302793218e+01 1.049057484288309916e-03
-4.224509658013515079e+00 -8.761852427049201530e-01 1.299154003268376267e-01 6.372772078903307857e+01 1.105649704362710950e-03
-4.642848148951435050e+00 -8.810413212567492769e-01 1.134146895928384025e-01 6.453030999813178425e+01 1.385932785600031735e-03
-3.932896846582779382e+00 -8.669444180994695381e-01 1.356885460331226645e-01 6.654747352779986613e+01 9.029093325686132982e-04
-3.932896846582779382e+00 -8.669444180994695381e-01 1.356885460331226645e-01 6.654747352779986613e+01 9.029093325686132982e-04
-3.932896846582779382e+00 -8.669444180994695381e-01 1.356885460331226645e-01 6.654747352779986613e+01 9.029093325686132982e-04
-3.932896846582779382e+00 -8.669444180994695381e-01 1.356885460331226645e-01 6.654747352779986613e+01 9.029093325686132982e-04
-3.724875006129743316e+00 -9.045165128986749625e-01 1.355703104332253994e-01 6.764731403096834583e+01 8.676810785031843429e-04
-4.192961390370328445e+00 -9.180803234830703374e-01 1.528156949840129841e-01 6.777273048877280814e+01 1.220625110544048446e-03
-3.761791463447067940e+00 -9.180603884436970841e-01 1.650907973044638544e-01 6.048486691375625668e+01 1.048335466006898933e-03
-3.257809056672042125e+00 -9.258269250667000572e-01 1.432562110066085137e-01 6.127524268243170269e+01 1.369984266146657102e-03
-3.166154840987532193e+00 -9.304899398764877594e-01 1.416691857286840606e-01 6.524446906432287108e+01 1.115680528036237101e-03
-3.039094496998274497e+00 -9.696078920791572076e-01 1.502692198474217256e-01 7.425636881449990767e+01 1.758354076140606140e-03
-3.039094496998274497e+00 -9.696078920791572076e-01 1.502692198474217256e-01 7.425636881449990767e+01 1.758354076140606140e-03
-3.139609922499907224e+00 -9.670020502871861101e-01 1.443718582194127853e-01 7.983715078437825241e+01 1.836122749336443084e-03
-3.704737969965578692e+00 -9.490444678872279605e-01 1.384957686773227170e-01 8.219043566749806473e+01 1.990321445305782023e-03
-3.355594226560315363e+00 -9.780355610905177022e-01 1.618781177425481221e-01 7.606594732651016955e+01 1.985504064347547171e-03
-4.075440868880526146e+00 -9.914034809870053699e-01 1.320720113165870513e-01 7.161989464101490910e+01 9.626579760380841316e-04
-4.565174412375920809e+00 -9.459584101503468734e-01 1.313559230187174298e-01 7.160349566386969400e+01 1.065804518146496902e-03
-4.900872597574714717e+00 -9.395082529663855153e-01 1.327552039073774670e-01 7.405655907453962072e+01 1.374256787649770408e-03
-4.900872597574714717e+00 -9.395082529663855153e-01 1.327552039073774670e-01 7.405655907453962072e+01 1.374256787649770408e-03
-4.537179229576074668e+00 -9.441993373513350996e-01 1.230458651134164749e-01 6.222560875363699751e+01 1.309072153190944405e-03
-4.157756575753401407e+00 -9.108536865026443108e-01 1.289377663591649570e-01 7.133555520675749051e+01 8.946348908444041580e-04
-4.134755122633400504e+00 -8.972713264212961448e-01 1.299933600307388859e-01 7.066020976426555933e+01 8.838930415362223399e-04
-4.544985147937246950e+00 -9.512374936670079384e-01 1.256245368640728499e-01 6.855432166304568398e+01 9.011162166946118900e-04
-4.316392313856405316e+00 -9.195038324563223897e-01 1.360061003178223149e-01 6.677215326561585584e+01 9.413292246973196421e-04
-4.075951306880145175e+00 -9.594729983191256917e-01 1.399169845565905457e-01 6.523100841783328008e+01 9.258033378370645293e-04
-4.030036516815332703e+00 -9.909081046756572642e-01 1.289179550693359821e-01 6.020757365736602651e+01 1.429002162267700759e-03
-4.030036516815332703e+00 -9.909081046756572642e-01 1.289179550693359821e-01 6.020757365736602651e+01 1.429002162267700759e-03
-4.030036516815332703e+00 -9.909081046756572642e-01 1.289179550693359821e-01 6.020757365736602651e+01 1.429002162267700759e-03
-4.053889057273650565e+00 -9.946071916515895062e-01 9.679267018533810329e-02 6.539281225582570301e+01 2.415746866364952301e-03
-3.574600390805933614e+00 -9.787904736994722521e-01 1.046959993682665124e-01 6.720492707991560621e+01 1.892646799892647993e-03
-4.584121822314262573e+00 -9.502942746285778508e-01 9.083556514780150026e-02 6.445894466154030056e+01 2.862401179546851006e-03
-3.969883308221208384e+00 -9.615807233214798133e-01 1.221046189045208730e-01 7.066868290597622604e+01 8.604881069051862740e-04
-3.969883308221208384e+00 -9.615807233214798133e-01 1.221046189045208730e-01 7.066868290597622604e+01 8.604881069051862740e-04
-4.164385966819419416e+00 -9.698813970825725939e-01 1.027991626919421142e-01 7.693956830177688744e+01 9.558080859157285728e-04
-4.126316255500247721e+00 -9.683248353631949135e-01 1.208776742093455592e-01 7.403242924195771479e+01 8.995659764530821931e-04
-3.897380691490141658e+00 -9.924991804521172689e-01 1.144170455773223238e-01 6.979953014548391366e+01 1.003038635266858148e-03
-3.897380691490141658e+00 -9.924991804521172689e-01 1.144170455773223238e-01 6.979953014548391366e+01 1.003038635266858148e-03
-3.897380691490141658e+00 -9.924991804521172689e-01 1.144170455773223238e-01 6.979953014548391366e+01 1.003038635266858148e-03
-3.313086146625813910e+00 -9.894215729160676931e-01 1.133154950644910258e-01 7.385106290739668111e+01 9.366992854218786618e-04
-3.739604966119705498e+00 -9.974438868008538295e-01 8.979595808202042728e-02 8.221197946742920237e+01 1.319056509605787998e-03
