-3.477577348583198891e+00 -1.461958711907382635e-01 1.892846402841374676e-01 6.851885583798200230e+01 1.282421641877958852e-02
-3.316328541591717194e+00 -1.353671459220102402e-01 1.798444377614424328e-01 7.257335673461854242e+01 1.464295746858982478e-02
-3.275559266439195483e+00 -1.264517573737002076e-01 1.568300805220298744e-01 8.556598527230747209e+01 1.431905021599355274e-02
-3.275559266439195483e+00 -1.264517573737002076e-01 1.568300805220298744e-01 8.556598527230747209e+01 1.431905021599355274e-02
-3.869196736788532043e+00 -1.220972252424086107e-01 1.357722922342031180e-01 7.578416572223196113e+01 1.355915166329346722e-02
-3.807793233215449380e+00 -1.217654303493402451e-01 1.346215834892373342e-01 8.332622940735386408e+01 1.361099968030582766e-02
-3.334986844848156107e+00 -1.402869600102514547e-01 1.661063564808507032e-01 7.546319189479284262e+01 1.378786572148984341e-02
-3.564557312390312482e+00 -1.546451250806244460e-01 1.515508608000002977e-01 7.100887072172534431e+01 1.243488826581732806e-02
-3.707039584773955010e+00 -1.464078628174896590e-01 1.634398962268962252e-01 6.893058056091088304e+01 1.257648716669412803e-02
-3.472056761613811382e+00 -1.168920324864133053e-01 1.751896797972418707e-01 7.412284104316681521e+01 1.431450235779829425e-02
-3.820776519063382892e+00 -1.097359372587622950e-01 1.540017136445035462e-01 8.408229236522538486e+01 1.405464856702262275e-02
-4.082570949432803964e+00 -1.067759710818262237e-01 1.613990062137706516e-01 8.501681993452960739e+01 1.136216141393815021e-02
-4.345805318101364279e+00 -1.102892997240971784e-01 1.666268278107108647e-01 7.626172683780890793e+01 8.085189023217335610e-03
-4.268594684862479838e+00 -1.095963572607061426e-01 1.719062873183718476e-01 7.726573122370163560e+01 8.751268852030317374e-03
-4.562218926582239931e+00 -1.049672983297680467e-01 1.634870779686558584e-01 8.273167227908312782e+01 5.595931590386011081e-03
-4.578459114434876298e+00 -1.178006722983983012e-01 1.464495836226350489e-01 7.356144424908652013e+01 6.871500407078659847e-03
-4.578459114434876298e+00 -1.178006722983983012e-01 1.464495836226350489e-01 7.356144424908652013e+01 6.871500407078659847e-03
-4.829718224371427837e+00 -1.043005673468327538e-01 1.820496939021876148e-01 7.823185115228633890e+01 3.782633782679612616e-03
-4.941081564150195504e+00 -1.119007276832436476e-01 1.767473619044293842e-01 7.881899102507050259e+01 2.969603656551950306e-03
-4.941081564150195504e+00 -1.119007276832436476e-01 1.767473619044293842e-01 7.881899102507050259e+01 2.969603656551950306e-03
-4.941081564150195504e+00 -1.119007276832436476e-01 1.767473619044293842e-01 7.881899102507050259e+01 2.969603656551950306e-03
-4.893281509420896569e+00 -1.320419006886782154e-01 1.801839442402311808e-01 8.744072852799072848e+01 2.195524864754546095e-03
-4.991427238011718615e+00 -1.238623386898071860e-01 1.667359885954653453e-01 8.207015872033917958e+01 2.265756583840730816e-03
-4.984379625297910898e+00 -1.179326300861682775e-01 1.768492828974553566e-01 8.376406192030060538e+01 2.306250780603012057e-03
-4.984379625297910898e+00 -1.179326300861682775e-01 1.768492828974553566e-01 8.376406192030060538e+01 2.306250780603012057e-03
-4.984379625297910898e+00 -1.179326300861682775e-01 1.768492828974553566e-01 8.376406192030060538e+01 2.306250780603012057e-03
-4.984379625297910898e+00 -1.179326300861682775e-01 1.768492828974553566e-01 8.376406192030060538e+01 2.306250780603012057e-03
-4.920049388864972784e+00 -1.266494093044044367e-01 1.659966639663232602e-01 7.211014232292134807e+01 3.679255247024643127e-03
-4.745429715198500986e+00 -1.419501746667126418e-01 1.822806798625858649e-01 7.110663599318159811e+01 3.603911002840408905e-03
-4.745429715198500986e+00 -1.419501746667126418e-01 1.822806798625858649e-01 7.110663599318159811e+01 3.603911002840408905e-03
-4.715695987774589426e+00 -1.519056895350889280e-01 1.932311330128413940e-01 7.552037731603930126e+01 2.646289846121557387e-03
-4.715695987774589426e+00 -1.519056895350889280e-01 1.932311330128413940e-01 7.552037731603930126e+01 2.646289846121557387e-03
-4.789087282003184676e+00 -1.602522141027486746e-01 1.955334810116932387e-01 7.934487008004334996e+01 2.335937604311799122e-03
-4.931896182772552706e+00 -1.652991759386176207e-01 1.771489315975464385e-01 8.171254462096058546e+01 2.139706926016231910e-03
-4.931896182772552706e+00 -1.652991759386176207e-01 1.771489315975464385e-01 8.171254462096058546e+01 2.139706926016231910e-03
-4.861799095127421921e+00 -1.860118491750028524e-01 1.762209146346985777e-01 8.632649954668795544e+01 2.320600852177904117e-03
-4.857556171241985687e+00 -1.944227771459114684e-01 1.426458826849106298e-01 8.632768759750841525e+01 1.499707913752511886e-03
-4.900476741928640578e+00 -1.982635398869916354e-01 1.169093876011500499e-01 8.264719881512557720e+01 1.818642185984664173e-03
-4.900476741928640578e+00 -1.982635398869916354e-01 1.169093876011500499e-01 8.264719881512557720e+01 1.818642185984664173e-03
-4.900476741928640578e+00 -1.982635398869916354e-01 1.169093876011500499e-01 8.264719881512557720e+01 1.818642185984664173e-03
-4.900476741928640578e+00 -1.982635398869916354e-01 1.169093876011500499e-01 8.264719881512557720e+01 1.818642185984664173e-03
-4.817036898345411267e+00 -1.808147324937196820e-01 1.153503069753303717e-01 8.275199834212514816e+01 2.538428471556265515e-03
-4.870472065496686653e+00 -1.910746175485191212e-01 1.725047045098573317e-01 8.353774702244845685e+01 2.089575862817942727e-03
-4.688644469125414105e+00 -1.575665165651321808e-01 1.714559382532623300e-01 8.880099096061263708e+01 1.928856641460916128e-03
-4.688644469125414105e+00 -1.575665165651321808e-01 1.714559382532623300e-01 8.880099096061263708e+01 1.928856641460916128e-03
-4.688644469125414105e+00 -1.575665165651321808e-01 1.714559382532623300e-01 8.880099096061263708e+01 1.928856641460916128e-03
-4.688644469125414105e+00 -1.575665165651321808e-01 1.714559382532623300e-01 8.880099096061263708e+01 1.928856641460916128e-03
-4.688644469125414105e+00 -1.575665165651321808e-01 1.714559382532623300e-01 8.880099096061263708e+01 1.928856641460916128e-03
-4.698525244807656875e+00 -1.849026059010965006e-01 1.726491732032615356e-01 8.481610295049746640e+01 1.870678649415891256e-03
-4.698525244807656875e+00 -1.849026059010965006e-01 1.726491732032615356e-01 8.481610295049746640e+01 1.870678649415891256e-03
-4.768963744650968728e+00 -1.592406922731969265e-01 1.411066360234176087e-01 8.502258917625657375e+01 2.104092022298126568e-03
-4.768963744650968728e+00 -1.592406922731969265e-01 1.411066360234176087e-01 8.502258917625657375e+01 2.104092022298126568e-03
-4.768963744650968728e+00 -1.592406922731969265e-01 1.411066360234176087e-01 8.502258917625657375e+01 2.104092022298126568e-03
-4.768963744650968728e+00 -1.592406922731969265e-01 1.411066360234176087e-01 8.502258917625657375e+01 2.104092022298126568e-03
-4.768963744650968728e+00 -1.592406922731969265e-01 1.411066360234176087e-01 8.502258917625657375e+01 2.104092022298126568e-03
-4.878860566400253340e+00 -1.406916631292764175e-01 1.554194235704421667e-01 8.733069309940736957e+01 1.897892958520632856e-03
-4.878860566400253340e+00 -1.406916631292764175e-01 1.554194235704421667e-01 8.733069309940736957e+01 1.897892958520632856e-03
-4.806751846998760236e+00 -1.373097528892841812e-01 1.558227224284235990e-01 8.412584356995697021e+01 2.356578842628276847e-03
-4.806751846998760236e+00 -1.373097528892841812e-01 1.558227224284235990e-01 8.412584356995697021e+01 2.356578842628276847e-03
-4.655157651791885343e+00 -1.314134496583149181e-01 1.697007515094903496e-01 7.908040179874954845e+01 3.550091599978089790e-03
-4.626128266873650752e+00 -1.328389421228174938e-01 1.801224987593783300e-01 7.491752285291150315e+01 3.979513536897381215e-03
-4.673632281266032251e+00 -1.386981753490345304e-01 1.817612080369389038e-01 8.209197134877065594e+01 2.554606106172839682e-03
-4.673963966815623650e+00 -1.615673423637183082e-01 1.745941015150748177e-01 7.877795570505409728e+01 2.372835575719887784e-03
-4.621987133039229256e+00 -1.885736998348976068e-01 1.494799291588682910e-01 7.865929881210533381e+01 2.374969672395855352e-03
-4.621987133039229256e+00 -1.885736998348976068e-01 1.494799291588682910e-01 7.865929881210533381e+01 2.374969672395855352e-03
-4.826172724011676074e+00 -2.063193233536472770e-01 1.560241524567178018e-01 8.963566682026882404e+01 1.950395172777817827e-03
-4.826172724011676074e+00 -2.063193233536472770e-01 1.560241524567178018e-01 8.963566682026882404e+01 1.950395172777817827e-03
-4.520215507168726887e+00 -2.149115480575630177e-01 1.473121600589162861e-01 8.198710025620437136e+01 1.900764972305877187e-03
-4.520215507168726887e+00 -2.149115480575630177e-01 1.473121600589162861e-01 8.198710025620437136e+01 1.900764972305877187e-03
-4.520215507168726887e+00 -2.149115480575630177e-01 1.473121600589162861e-01 8.198710025620437136e+01 1.900764972305877187e-03
-4.915935903294938569e+00 -2.090852181309485469e-01 1.355634975110020790e-01 7.972646919637618623e+01 1.537253903615178486e-03
-4.915935903294938569e+00 -2.090852181309485469e-01 1.355634975110020790e-01 7.972646919637618623e+01 1.537253903615178486e-03
-4.929429906350492274e+00 -2.042739182627118788e-01 1.180142580508537486e-01 8.138055033711158615e+01 1.742076387537403598e-03
-4.929429906350492274e+00 -2.042739182627118788e-01 1.180142580508537486e-01 8.138055033711158615e+01 1.742076387537403598e-03
-4.929429906350492274e+00 -2.042739182627118788e-01 1.180142580508537486e-01 8.138055033711158615e+01 1.742076387537403598e-03
-4.929429906350492274e+00 -2.042739182627118788e-01 1.180142580508537486e-01 8.138055033711158615e+01 1.742076387537403598e-03
-4.929429906350492274e+00 -2.042739182627118788e-01 1.180142580508537486e-01 8.138055033711158615e+01 1.742076387537403598e-03
-4.981993317342881866e+00 -2.180052094725250245e-01 1.205336679807782335e-01 7.298238106859876950e+01 2.372677636304356113e-03
-4.981993317342881866e+00 -2.180052094725250245e-01 1.205336679807782335e-01 7.298238106859876950e+01 2.372677636304356113e-03
-4.776753855770230928e+00 -1.793545077342738880e-01 1.516399804446697808e-01 7.658034075901575477e+01 2.305896782273579668e-03
-4.916123361099874245e+00 -1.841847812684835606e-01 1.617171390022106026e-01 7.183459018341147839e+01 2.283375829472283208e-03
-4.963576567972625142e+00 -2.003893098839961417e-01 1.604577988621276874e-01 8.388835708911605593e+01 1.934111168761771561e-03
-4.963576567972625142e+00 -2.003893098839961417e-01 1.604577988621276874e-01 8.388835708911605593e+01 1.934111168761771561e-03
-4.461866592304868817e+00 -2.022244392599985285e-01 1.808719997327209450e-01 8.016377603116572459e+01 1.912156847425455471e-03
-4.252039888604890017e+00 -1.724045485990195192e-01 1.902909962251931875e-01 8.141585281173721000e+01 3.401692158178643358e-03
-4.105888615163547861e+00 -1.726332507879357880e-01 1.810363041395383898e-01 8.344970171908622092e+01 4.925675683436707419e-03
-4.105888615163547861e+00 -1.726332507879357880e-01 1.810363041395383898e-01 8.344970171908622092e+01 4.925675683436707419e-03
-4.105888615163547861e+00 -1.726332507879357880e-01 1.810363041395383898e-01 8.344970171908622092e+01 4.925675683436707419e-03
-3.784605756545867283e+00 -1.587712601889446906e-01 1.797538921534342915e-01 8.979178526615778821e+01 9.012805013433298346e-03
-3.744928954344898919e+00 -1.645569109868100233e-01 1.736498166450199665e-01 8.814885778004268957e+01 9.357236299656301187e-03
-4.121755375750227657e+00 -1.724516941545612969e-01 1.773596187126452450e-01 7.410932671709205977e+01 6.107424485299292258e-03
-3.727963002584150587e+00 -1.717018884970942239e-01 1.601949116705314313e-01 7.012876513406520473e+01 1.101307543218373562e-02
-4.071763009408938316e+00 -1.797718605132833103e-01 1.593378371057486420e-01 7.771269571210712002e+01 6.597524978925314518e-03
-4.408535520742788094e+00 -1.952941090866984752e-01 1.614780314295249652e-01 7.270513036084548730e+01 3.538272742734203859e-03
-4.408535520742788094e+00 -1.952941090866984752e-01 1.614780314295249652e-01 7.270513036084548730e+01 3.538272742734203859e-03
-4.448397525074480718e+00 -1.784693804645859638e-01 1.555758990187929292e-01 6.694606573549123141e+01 5.333020223443349708e-03
-4.882508938770199869e+00 -2.046489259280845907e-01 1.689111421457517026e-01 8.005764249274299971e+01 1.930176717110879819e-03
-4.498012093226779307e+00 -2.139662418901948915e-01 1.774359496086000132e-01 8.367121913922953524e+01 1.745822518911049935e-03
-4.498012093226779307e+00 -2.139662418901948915e-01 1.774359496086000132e-01 8.367121913922953524e+01 1.745822518911049935e-03
-4.730030934490126349e+00 -2.228218415304623612e-01 1.725717699736869226e-01 8.164683810600769220e+01 1.905883900954632006e-03
-4.730030934490126349e+00 -2.228218415304623612e-01 1.725717699736869226e-01 8.164683810600769220e+01 1.905883900954632006e-03
-4.567133631183296849e+00 -2.275390802336854645e-01 1.800268086469217765e-01 7.440412747907278401e+01 1.866832297923440168e-03
-4.567133631183296849e+00 -2.275390802336854645e-01 1.800268086469217765e-01 7.440412747907278401e+01 1.866832297923440168e-03
-4.567133631183296849e+00 -2.275390802336854645e-01 1.800268086469217765e-01 7.440412747907278401e+01 1.866832297923440168e-03
-4.150069695088578925e+00 -2.463256090509228224e-01 1.573129056344572674e-01 7.687176309599684032e+01 3.022209599992578717e-03
-4.353192576259744762e+00 -2.656652162430268582e-01 1.602323249655694948e-01 8.956233155103866750e+01 1.730569505099556309e-03
-4.681481303941509964e+00 -2.513105895449164739e-01 1.555242190775049382e-01 8.169519334503945629e+01 1.535879288506143215e-03
-4.898357486921963933e+00 -2.724117548451935322e-01 1.514245775274733474e-01 7.634900627717121324e+01 1.513425306782628481e-03
-4.564048465351405959e+00 -2.860987890031784775e-01 1.709403833853252452e-01 7.533744844984103395e+01 1.575789408158702765e-03
-4.758791425604891323e+00 -2.867762647611025173e-01 1.671148301636179445e-01 7.566020881986032975e+01 1.751577005791554557e-03
-4.434571514586387764e+00 -2.756406447549532568e-01 1.574196607131643222e-01 7.460517997004434676e+01 1.668659180874857047e-03
-4.613376477894281180e+00 -2.908288909129617683e-01 1.647847652241337391e-01 8.388225490439712928e+01 1.932125246424938429e-03
-4.613376477894281180e+00 -2.908288909129617683e-01 1.647847652241337391e-01 8.388225490439712928e+01 1.932125246424938429e-03
-4.394907898012035297e+00 -2.785934026472084435e-01 1.523919205149058265e-01 7.644840847984589516e+01 1.666738129121327419e-03
-4.582118892863539017e+00 -2.474140533266119824e-01 1.399516983182310381e-01 8.178655414633607279e+01 1.506399459902599356e-03
-4.582118892863539017e+00 -2.474140533266119824e-01 1.399516983182310381e-01 8.178655414633607279e+01 1.506399459902599356e-03
-4.624415500337579310e+00 -2.416144328846284162e-01 1.238128017518962815e-01 8.960415628472009075e+01 1.356896940737840288e-03
-4.568527488066020936e+00 -2.512603138408531778e-01 1.496358961720882785e-01 8.728118786283275199e+01 1.501589548147728168e-03
-4.707503576576975490e+00 -2.603072438961488433e-01 1.427169711803257246e-01 8.250574446837455866e+01 1.364561645679290662e-03
-4.845162306811730879e+00 -2.906423454343425306e-01 1.324626633680122123e-01 8.032581502300499210e+01 1.211766935799202857e-03
-4.607946778140362909e+00 -2.707018710311381859e-01 1.279356868243359535e-01 8.706576796104766913e+01 1.267658661776665217e-03
-4.607946778140362909e+00 -2.707018710311381859e-01 1.279356868243359535e-01 8.706576796104766913e+01 1.267658661776665217e-03
-4.607946778140362909e+00 -2.707018710311381859e-01 1.279356868243359535e-01 8.706576796104766913e+01 1.267658661776665217e-03
-4.790241843720581372e+00 -2.967509692534499033e-01 1.150720867990526336e-01 8.890634839772862108e+01 1.117039323636689506e-03
-4.790241843720581372e+00 -2.967509692534499033e-01 1.150720867990526336e-01 8.890634839772862108e+01 1.117039323636689506e-03
-4.790241843720581372e+00 -2.967509692534499033e-01 1.150720867990526336e-01 8.890634839772862108e+01 1.117039323636689506e-03
-4.807706540932525030e+00 -3.131203908190707264e-01 1.073950848606442382e-01 8.728133859716446352e+01 1.058109136433660596e-03
-4.855276895029167150e+00 -3.168799189163420960e-01 1.027476997505633594e-01 7.831374892127460896e+01 1.652703062863554798e-03
-4.585231295975401800e+00 -3.328801325129027711e-01 1.377881794360567291e-01 6.998227687978723566e+01 1.748804757833486573e-03
-4.585231295975401800e+00 -3.328801325129027711e-01 1.377881794360567291e-01 6.998227687978723566e+01 1.748804757833486573e-03
-4.328517899895151011e+00 -3.657442248345236235e-01 1.350225862669568733e-01 7.816464115167599402e+01 1.302979534173095630e-03
-4.328517899895151011e+00 -3.657442248345236235e-01 1.350225862669568733e-01 7.816464115167599402e+01 1.302979534173095630e-03
-4.085890742120333208e+00 -3.910199934869171834e-01 1.456973427164658663e-01 6.925803924260148392e+01 1.954006980946145812e-03
-3.808885620888425638e+00 -3.891624517713358489e-01 1.829215486089981468e-01 8.312081740567715826e+01 1.263645819953139980e-03
-3.962519152139376999e+00 -3.698014702335646886e-01 1.709099841495419492e-01 8.837625689567660459e+01 1.682124892795890288e-03
-4.337429157018738657e+00 -3.961486405951544776e-01 1.600684882103502460e-01 8.263387120364146199e+01 1.688846270359789167e-03
-4.197701036893641380e+00 -4.063378710161170693e-01 1.433745432880806081e-01 8.524082673317363401e+01 1.371232908691770707e-03
-4.197701036893641380e+00 -4.063378710161170693e-01 1.433745432880806081e-01 8.524082673317363401e+01 1.371232908691770707e-03
-4.756714326521311875e+00 -4.180117858833755640e-01 1.361440841369420396e-01 8.080894799841770748e+01 1.408248334681861183e-03
-4.729285201384555215e+00 -4.162890398134731496e-01 1.381146174294687612e-01 7.796345531944594143e+01 1.262569687260302548e-03
-4.540040611080972788e+00 -4.107511515460447460e-01 1.588685745185103027e-01 6.660556871866084805e+01 1.411241506518333931e-03
-4.540040611080972788e+00 -4.107511515460447460e-01 1.588685745185103027e-01 6.660556871866084805e+01 1.411241506518333931e-03
-4.828033450280954320e+00 -3.943310313051157090e-01 1.348634033867188720e-01 7.478627286128322282e+01 1.143481298366015933e-03
-4.828033450280954320e+00 -3.943310313051157090e-01 1.348634033867188720e-01 7.478627286128322282e+01 1.143481298366015933e-03
-4.759728855269490744e+00 -4.047957841863308315e-01 1.396124045745597841e-01 6.784799756914166835e+01 1.382520397954931524e-03
-4.785685269784113238e+00 -4.466862781686194994e-01 1.330307675654480715e-01 7.395165033053817183e+01 1.086998725848485527e-03
-4.785685269784113238e+00 -4.466862781686194994e-01 1.330307675654480715e-01 7.395165033053817183e+01 1.086998725848485527e-03
-4.099284020047087473e+00 -4.536955828003479962e-01 1.807796579575484119e-01 7.510360620821670352e+01 1.291951027987073980e-03
-4.170049332069434733e+00 -4.512242538001182690e-01 1.598098062463519375e-01 7.474655101271355306e+01 1.063614443135371549e-03
-4.248712026434710687e+00 -4.457930042114493507e-01 1.390271540185418486e-01 6.630492017993668696e+01 1.753633163901170732e-03
-4.340520613488854096e+00 -4.226462282520834779e-01 1.638131670154069353e-01 6.863149137773955033e+01 1.212454003330757941e-03
-3.944779488359871245e+00 -4.186012424959716371e-01 1.687067474670254086e-01 7.411695695376099025e+01 1.072054645494217341e-03
-3.944779488359871245e+00 -4.186012424959716371e-01 1.687067474670254086e-01 7.411695695376099025e+01 1.072054645494217341e-03
-3.944779488359871245e+00 -4.186012424959716371e-01 1.687067474670254086e-01 7.411695695376099025e+01 1.072054645494217341e-03
-3.944779488359871245e+00 -4.186012424959716371e-01 1.687067474670254086e-01 7.411695695376099025e+01 1.072054645494217341e-03
-4.195907441571367968e+00 -4.222469650274798814e-01 1.491591735485115755e-01 7.774789026555251326e+01 1.097139551725995633e-03
-4.195907441571367968e+00 -4.222469650274798814e-01 1.491591735485115755e-01 7.774789026555251326e+01 1.097139551725995633e-03
-4.195907441571367968e+00 -4.222469650274798814e-01 1.491591735485115755e-01 7.774789026555251326e+01 1.097139551725995633e-03
-4.195907441571367968e+00 -4.222469650274798814e-01 1.491591735485115755e-01 7.774789026555251326e+01 1.097139551725995633e-03
-4.195907441571367968e+00 -4.222469650274798814e-01 1.491591735485115755e-01 7.774789026555251326e+01 1.097139551725995633e-03
-4.195907441571367968e+00 -4.222469650274798814e-01 1.491591735485115755e-01 7.774789026555251326e+01 1.097139551725995633e-03
-4.525267074775183751e+00 -3.941500597019614860e-01 1.329066749106372347e-01 7.725912113843460816e+01 1.106812667737112335e-03
-4.732662982888473202e+00 -4.331591552159512748e-01 1.140440129270878789e-01 7.838571383325907505e+01 9.942097095840020382e-04
-4.698842514171178486e+00 -4.518744990399924943e-01 1.032913785476361895e-01 7.614545962553064840e+01 1.366183654776973507e-03
-4.386401007025812149e+00 -4.515856208295671581e-01 9.985555242244555096e-02 7.628647113476689867e+01 2.125519095529395351e-03
-4.527691958214751011e+00 -4.482024467550116409e-01 1.167826375128021982e-01 8.130993277225680060e+01 1.014587819467727354e-03
-4.434026799362715821e+00 -4.495682996707487389e-01 1.200760649072280667e-01 7.463114281334148359e+01 1.268119467608860764e-03
-4.898037456677106327e+00 -4.287640062299273858e-01 1.121996730926115710e-01 7.377767862250163944e+01 1.156972691540006717e-03
-4.907609781360602774e+00 -4.328252326775438030e-01 1.334064652357390135e-01 7.172917704001984873e+01 1.111069574053570423e-03
-4.994024610109645934e+00 -4.272448183142425471e-01 1.360772951641798234e-01 6.645529439652199244e+01 1.305696887325403979e-03
-4.994024610109645934e+00 -4.272448183142425471e-01 1.360772951641798234e-01 6.645529439652199244e+01 1.305696887325403979e-03
-4.817346678175519870e+00 -4.508698086744388767e-01 1.317932522790841166e-01 7.018246801550544944e+01 1.142969954379165296e-03
-4.614575578211339568e+00 -4.390601529995236674e-01 1.309655416826109586e-01 7.611915017814958162e+01 1.052649881667195751e-03
-4.212230233386179634e+00 -4.310688193441265526e-01 1.248973838840766043e-01 8.852933542253178700e+01 1.405458018326104577e-03
-4.465472325332700443e+00 -4.409554697097401443e-01 9.337432010247351255e-02 8.141803424852687954e+01 1.822927263100393045e-03
-4.296153899478640348e+00 -4.441011865454385643e-01 9.393088256455575658e-02 8.723519597493803701e+01 1.783037339338828207e-03
-4.296153899478640348e+00 -4.441011865454385643e-01 9.393088256455575658e-02 8.723519597493803701e+01 1.783037339338828207e-03
-4.062175883610808391e+00 -4.821414012771625957e-01 9.664147621978626257e-02 7.644212807365255458e+01 3.101576715407646737e-03
-4.062175883610808391e+00 -4.821414012771625957e-01 9.664147621978626257e-02 7.644212807365255458e+01 3.101576715407646737e-03
-4.062175883610808391e+00 -4.821414012771625957e-01 9.664147621978626257e-02 7.644212807365255458e+01 3.101576715407646737e-03
-3.961220042718224033e+00 -4.977177832100514454e-01 1.121942314740358715e-01 7.845658467460299335e+01 1.882745062638882701e-03
-3.874984134542606817e+00 -4.980937378007114780e-01 1.242278985513310674e-01 8.088456714372379963e+01 1.399759199080403190e-03
-4.485362819561586889e+00 -4.838574307870986413e-01 1.394510326389568622e-01 8.050924601969536809e+01 1.387020995617746760e-03
-3.934327583756532132e+00 -4.723524672564798355e-01 1.467503980769167271e-01 7.705717097516634340e+01 1.090468332799090188e-03
-3.859381999698359600e+00 -4.925611930435488395e-01 1.666196015882026593e-01 7.008066081977813155e+01 9.859261452370127708e-04
-4.251322891586785779e+00 -4.832499775333514158e-01 1.581182719052763030e-01 7.004897758521180151e+01 1.055346200981193035e-03
-4.251322891586785779e+00 -4.832499775333514158e-01 1.581182719052763030e-01 7.004897758521180151e+01 1.055346200981193035e-03
-4.383836954619932058e+00 -4.680076128199413543e-01 1.569915564178926415e-01 7.365935280650674599e+01 1.246542733858570923e-03
-4.222566078093977104e+00 -4.361394555772297732e-01 1.860319643810856849e-01 6.868110614555251914e+01 1.204562424273710516e-03
-3.894499135638914478e+00 -4.250687212679999383e-01 1.943588656051758734e-01 7.534568554768726756e+01 1.084263914752751218e-03
-3.894499135638914478e+00 -4.250687212679999383e-01 1.943588656051758734e-01 7.534568554768726756e+01 1.084263914752751218e-03
-4.086524333559946598e+00 -4.114893657381412662e-01 1.612747862716658875e-01 7.249203178162736094e+01 1.124140454133072328e-03
-3.813273585983828706e+00 -4.354893853463225883e-01 1.888448864319908216e-01 7.441049866303406191e+01 9.723880189958546139e-04
-4.306493046149992843e+00 -4.243074342631680818e-01 1.647176348143671865e-01 6.561899830727244876e+01 1.326646065493644914e-03
-4.306493046149992843e+00 -4.243074342631680818e-01 1.647176348143671865e-01 6.561899830727244876e+01 1.326646065493644914e-03
-4.216210319592153866e+00 -3.977744644928629114e-01 1.544912842221798088e-01 7.787952458837644087e+01 1.142515157055964351e-03
-4.216210319592153866e+00 -3.977744644928629114e-01 1.544912842221798088e-01 7.787952458837644087e+01 1.142515157055964351e-03
-4.216210319592153866e+00 -3.977744644928629114e-01 1.544912842221798088e-01 7.787952458837644087e+01 1.142515157055964351e-03
-4.829494685179229307e+00 -3.842832079615510765e-01 1.445561831875108449e-01 7.406903619388266691e+01 1.305749715959881371e-03
-4.829494685179229307e+00 -3.842832079615510765e-01 1.445561831875108449e-01 7.406903619388266691e+01 1.305749715959881371e-03
-4.829494685179229307e+00 -3.842832079615510765e-01 1.445561831875108449e-01 7.406903619388266691e+01 1.305749715959881371e-03
-4.618939067102911800e+00 -3.701685142048074528e-01 1.461610347038532209e-01 7.126746258722423022e+01 1.316917324779092423e-03
-4.618939067102911800e+00 -3.701685142048074528e-01 1.461610347038532209e-01 7.126746258722423022e+01 1.316917324779092423e-03
-4.618939067102911800e+00 -3.701685142048074528e-01 1.461610347038532209e-01 7.126746258722423022e+01 1.316917324779092423e-03
-4.642922276693464134e+00 -3.877098858555326766e-01 1.326532422490000751e-01 7.428144445266377716e+01 1.163945866651165542e-03
-4.605401551038581509e+00 -3.881949656768229895e-01 1.551825158191958987e-01 7.227854572235486330e+01 1.338521159809787867e-03
-4.765174255058568953e+00 -3.668799469788380785e-01 1.387904699342595027e-01 8.065745940333248143e+01 1.373528544941748355e-03
-4.962922723266111724e+00 -3.561930118073370344e-01 1.492881876339259561e-01 8.046910971509366561e+01 1.952442371821962955e-03
-4.550437863897096591e+00 -3.724073132488666116e-01 9.963454165026315590e-02 7.650519533552260043e+01 2.324916405051861198e-03
-4.376270482722702582e+00 -3.716181931696506680e-01 9.314528410408862147e-02 8.103666914004206490e+01 2.799277168918095846e-03
-4.429231069608047022e+00 -3.666004146950250231e-01 1.013095170312300203e-01 7.227401135295582435e+01 3.369491743070461565e-03
-4.429231069608047022e+00 -3.666004146950250231e-01 1.013095170312300203e-01 7.227401135295582435e+01 3.369491743070461565e-03
-4.429231069608047022e+00 -3.666004146950250231e-01 1.013095170312300203e-01 7.227401135295582435e+01 3.369491743070461565e-03
-4.429231069608047022e+00 -3.666004146950250231e-01 1.013095170312300203e-01 7.227401135295582435e+01 3.369491743070461565e-03
-4.858737286605331107e+00 -3.708001700987216820e-01 1.384005401495728427e-01 6.057263178823222916e+01 2.401491806518374177e-03
-4.783773021332121900e+00 -3.877654725115880496e-01 1.218715597988786620e-01 6.891371805882432966e+01 1.671848248337216326e-03
-4.458801928023892636e+00 -3.738556619209888465e-01 1.410649088082094604e-01 6.586834103616502034e+01 2.004721632570572853e-03
-4.139849306477301205e+00 -3.850682177872197798e-01 1.703663152992368757e-01 7.627353554386584733e+01 1.138916640952911639e-03
-3.560205910048376943e+00 -4.331842430014247736e-01 1.870253034466711484e-01 8.585376159705229782e+01 1.202046384737015701e-03
-3.783895553629473607e+00 -4.294947940828066080e-01 1.611963709006725975e-01 8.464734311583046633e+01 1.280948618357456888e-03
-3.783895553629473607e+00 -4.294947940828066080e-01 1.611963709006725975e-01 8.464734311583046633e+01 1.280948618357456888e-03
-3.783895553629473607e+00 -4.294947940828066080e-01 1.611963709006725975e-01 8.464734311583046633e+01 1.280948618357456888e-03
-3.783895553629473607e+00 -4.294947940828066080e-01 1.611963709006725975e-01 8.464734311583046633e+01 1.280948618357456888e-03
-3.783895553629473607e+00 -4.294947940828066080e-01 1.611963709006725975e-01 8.464734311583046633e+01 1.280948618357456888e-03
-4.023477879711554905e+00 -4.382701460576725050e-01 1.594509433165209322e-01 8.183203062068497502e+01 1.265962981470814593e-03
-4.276772657636783492e+00 -4.449818815132917105e-01 1.666055988730690274e-01 8.196693355928618985e+01 1.951016388497708691e-03
-4.276772657636783492e+00 -4.449818815132917105e-01 1.666055988730690274e-01 8.196693355928618985e+01 1.951016388497708691e-03
-4.070331914539044860e+00 -4.420124252689894284e-01 1.999218337074494256e-01 8.413344681891402388e+01 2.752753913351224224e-03
-3.952867915625013051e+00 -4.449577302916270516e-01 1.792002808035773331e-01 7.629544013106631439e+01 1.100455855002969215e-03
-3.952867915625013051e+00 -4.449577302916270516e-01 1.792002808035773331e-01 7.629544013106631439e+01 1.100455855002969215e-03
-3.952867915625013051e+00 -4.449577302916270516e-01 1.792002808035773331e-01 7.629544013106631439e+01 1.100455855002969215e-03
-4.060552960080564766e+00 -4.519195652399800589e-01 1.922868493117574629e-01 6.161221419101025276e+01 1.183499657119027777e-03
-4.513324725587541941e+00 -4.541848664943585190e-01 1.978830404316319902e-01 6.222663097209777305e+01 1.881652022174724881e-03
-3.994041253003019598e+00 -4.245000618349485944e-01 1.968330201061256335e-01 6.878854674433443961e+01 9.736688721584348984e-04
-3.810497653169079069e+00 -4.304230258969196643e-01 1.979375801879034169e-01 6.809426402847596194e+01 9.926773309149115442e-04
-3.810497653169079069e+00 -4.304230258969196643e-01 1.979375801879034169e-01 6.809426402847596194e+01 9.926773309149115442e-04
-3.810497653169079069e+00 -4.304230258969196643e-01 1.979375801879034169e-01 6.809426402847596194e+01 9.926773309149115442e-04
-3.444141512814970163e+00 -4.408554330072751992e-01 1.984987761059959499e-01 7.577744236568678105e+01 9.790589776527336072e-04
-3.262980442814545690e+00 -4.611867266181360336e-01 1.612205102376740862e-01 8.298799689864279117e+01 1.086158596230813247e-03
-3.262980442814545690e+00 -4.611867266181360336e-01 1.612205102376740862e-01 8.298799689864279117e+01 1.086158596230813247e-03
-3.149711540353377970e+00 -4.621689735999110482e-01 1.613473350205670009e-01 8.105553381465519180e+01 1.391059176959084584e-03
-3.254660981864769376e+00 -4.636225846731658051e-01 1.438678475243063415e-01 8.473985031390243705e+01 1.232585185281511505e-03
-3.352912200065038650e+00 -4.825318123116011937e-01 1.502556617512479098e-01 8.091339341695470466e+01 1.184566571736962205e-03
-3.585487103308285128e+00 -4.719884296208794461e-01 1.447749797073335232e-01 7.896344243580256261e+01 1.371742519078573107e-03
-3.585487103308285128e+00 -4.719884296208794461e-01 1.447749797073335232e-01 7.896344243580256261e+01 1.371742519078573107e-03
-4.048047128631091063e+00 -4.657134174299715768e-01 1.474931120143571084e-01 7.358623893237634661e+01 1.078593439324176083e-03
-4.525599761726235570e+00 -4.770681082305520682e-01 1.245295139827154035e-01 7.926477213618363749e+01 1.016265297444336659e-03
-4.525599761726235570e+00 -4.770681082305520682e-01 1.245295139827154035e-01 7.926477213618363749e+01 1.016265297444336659e-03
-4.525599761726235570e+00 -4.770681082305520682e-01 1.245295139827154035e-01 7.926477213618363749e+01 1.016265297444336659e-03
-4.767556445221444505e+00 -4.742645980071371614e-01 1.327735130146246723e-01 7.713505227672935405e+01 1.173712588940695190e-03
-4.767556445221444505e+00 -4.742645980071371614e-01 1.327735130146246723e-01 7.713505227672935405e+01 1.173712588940695190e-03
-4.995161123088125876e+00 -4.713899500045616309e-01 1.311496084954106578e-01 7.713567190691445319e+01 1.236408803130921615e-03
-4.946453364465717151e+00 -4.610789156736185834e-01 1.046277836411618478e-01 7.678707771626089595e+01 1.031405036293840324e-03
-4.946453364465717151e+00 -4.610789156736185834e-01 1.046277836411618478e-01 7.678707771626089595e+01 1.031405036293840324e-03
-4.653797773940488547e+00 -4.696693589869499474e-01 1.095719891633506610e-01 8.316379259132841639e+01 9.719237404881952546e-04
-4.653797773940488547e+00 -4.696693589869499474e-01 1.095719891633506610e-01 8.316379259132841639e+01 9.719237404881952546e-04
-4.814728710988358529e+00 -4.832603572944412784e-01 9.614368211807342024e-02 8.671768491970139792e+01 9.890826457605804943e-04
-4.814728710988358529e+00 -4.832603572944412784e-01 9.614368211807342024e-02 8.671768491970139792e+01 9.890826457605804943e-04
-4.342578939101735536e+00 -4.828280410122806621e-01 1.251675276876711707e-01 8.360522833218172423e+01 1.181286951842006831e-03
-3.995732395102472800e+00 -4.824015107226932164e-01 1.337477659197353619e-01 7.719564001703818690e+01 1.192320448023291828e-03
-4.189042218999346368e+00 -4.899717645332782312e-01 1.418451668226733686e-01 8.557362632348879572e+01 1.609422645028976522e-03
-4.189042218999346368e+00 -4.899717645332782312e-01 1.418451668226733686e-01 8.557362632348879572e+01 1.609422645028976522e-03
-4.310552531576527180e+00 -4.774612010537876428e-01 1.362882651958112201e-01 8.552015484762054598e+01 1.549873617347049572e-03
-4.130787177388547171e+00 -4.812765268488565229e-01 1.337867885370820631e-01 7.808588515857434231e+01 1.071636433449686676e-03
-4.698330612046562216e+00 -4.643491676357682785e-01 1.243678899747396593e-01 6.423227380270762410e+01 1.947211267130293053e-03
-4.328855799384747627e+00 -4.668665715782288617e-01 1.329671338169449712e-01 6.440703325646335031e+01 2.001826487202158777e-03
-4.556329639140198395e+00 -4.531265923927587647e-01 1.273218954464885311e-01 6.973373461801681117e+01 1.356509671247681237e-03
-4.640645981917161045e+00 -4.287045503135932245e-01 1.295861234449090793e-01 6.784808110253663926e+01 1.527929314125609991e-03
-4.260400584388638556e+00 -4.105607379464293882e-01 1.432866538239730425e-01 7.757258271967847918e+01 1.123687905274701939e-03
-4.258315529990098547e+00 -4.226412457881751905e-01 1.383066888723948895e-01 7.494182261179885529e+01 1.179300176701765512e-03
-4.258315529990098547e+00 -4.226412457881751905e-01 1.383066888723948895e-01 7.494182261179885529e+01 1.179300176701765512e-03
-4.258315529990098547e+00 -4.226412457881751905e-01 1.383066888723948895e-01 7.494182261179885529e+01 1.179300176701765512e-03
-4.459031586944161241e+00 -4.103557930625925665e-01 1.205951795450216635e-01 7.230129956563715155e+01 1.643202764591277084e-03
-4.583170858204512754e+00 -4.235738602473119174e-01 9.917612089505589701e-02 7.764698625380931674e+01 1.729936154695797465e-03
-4.583170858204512754e+00 -4.235738602473119174e-01 9.917612089505589701e-02 7.764698625380931674e+01 1.729936154695797465e-03
-4.773937402034496458e+00 -4.251407981334550112e-01 1.132557921876433948e-01 7.776152793332673241e+01 1.014451109062869611e-03
-4.773937402034496458e+00 -4.251407981334550112e-01 1.132557921876433948e-01 7.776152793332673241e+01 1.014451109062869611e-03
-4.773937402034496458e+00 -4.251407981334550112e-01 1.132557921876433948e-01 7.776152793332673241e+01 1.014451109062869611e-03
-4.773937402034496458e+00 -4.251407981334550112e-01 1.132557921876433948e-01 7.776152793332673241e+01 1.014451109062869611e-03
-4.773937402034496458e+00 -4.251407981334550112e-01 1.132557921876433948e-01 7.776152793332673241e+01 1.014451109062869611e-03
-4.238419420509878854e+00 -4.332252776484717405e-01 1.383865121360970118e-01 7.676247089582049909e+01 1.107762060278678299e-03
-4.238419420509878854e+00 -4.332252776484717405e-01 1.383865121360970118e-01 7.676247089582049909e+01 1.107762060278678299e-03
-4.238419420509878854e+00 -4.332252776484717405e-01 1.383865121360970118e-01 7.676247089582049909e+01 1.107762060278678299e-03
-4.238419420509878854e+00 -4.332252776484717405e-01 1.383865121360970118e-01 7.676247089582049909e+01 1.107762060278678299e-03
-4.275882542989973167e+00 -4.013432724990567135e-01 1.646952049199831292e-01 7.319708438949933793e+01 1.157308826777959368e-03
-3.662499842677380268e+00 -3.919053234363717442e-01 1.938086476493693366e-01 7.454952650494180943e+01 1.213570137868061772e-03
-3.662499842677380268e+00 -3.919053234363717442e-01 1.938086476493693366e-01 7.454952650494180943e+01 1.213570137868061772e-03
-3.858408246794008178e+00 -3.904908365104151069e-01 1.803870228673495613e-01 7.813933113904677441e+01 1.113873453848205578e-03
-3.858408246794008178e+00 -3.904908365104151069e-01 1.803870228673495613e-01 7.813933113904677441e+01 1.113873453848205578e-03
-3.968173414431667823e+00 -4.129552485549032315e-01 1.607087304282048268e-01 7.950803981613613303e+01 1.140197164999255490e-03
-3.694455870869072456e+00 -4.314153891952877684e-01 1.822353187344860348e-01 6.537528527318814042e+01 1.697063562138443173e-03
-3.454695593016504862e+00 -4.371581433130896643e-01 1.957997462903822428e-01 7.954622435724307650e+01 9.895355723934505000e-04
-3.619891394919338090e+00 -4.462203809991824865e-01 1.839172619953286791e-01 7.553121803297385384e+01 9.750721923091620891e-04
-3.902794545510820612e+00 -4.334755680415798285e-01 1.605947448036703362e-01 7.618496819203674875e+01 1.101804145253265210e-03
-4.218507084964538301e+00 -4.366439696806512782e-01 1.485953295258949092e-01 7.660468914943656671e+01 1.075092199627483529e-03
-4.218507084964538301e+00 -4.366439696806512782e-01 1.485953295258949092e-01 7.660468914943656671e+01 1.075092199627483529e-03
-4.011758544972702900e+00 -4.463588949462206079e-01 1.483406973171631782e-01 7.586144550043259471e+01 1.104533342938524790e-03
-4.035325883308247263e+00 -4.942099101352903645e-01 1.573886852760739419e-01 7.223633965169217674e+01 9.548917140656805295e-04
-4.282995713432935503e+00 -4.971912359047799823e-01 1.472817006230795478e-01 6.930840342351976346e+01 1.078588083837719435e-03
-4.282995713432935503e+00 -4.971912359047799823e-01 1.472817006230795478e-01 6.930840342351976346e+01 1.078588083837719435e-03
-4.282995713432935503e+00 -4.971912359047799823e-01 1.472817006230795478e-01 6.930840342351976346e+01 1.078588083837719435e-03
-4.282995713432935503e+00 -4.971912359047799823e-01 1.472817006230795478e-01 6.930840342351976346e+01 1.078588083837719435e-03
-4.282995713432935503e+00 -4.971912359047799823e-01 1.472817006230795478e-01 6.930840342351976346e+01 1.078588083837719435e-03
-4.282995713432935503e+00 -4.971912359047799823e-01 1.472817006230795478e-01 6.930840342351976346e+01 1.078588083837719435e-03
-3.856256477085572509e+00 -4.833765452718762345e-01 1.490659532492969175e-01 7.376108362364611537e+01 1.149873497275577961e-03
-4.063445441538132918e+00 -4.597107778219814422e-01 1.394958717591997244e-01 7.728466969872003745e+01 1.118676056752348352e-03
-4.063445441538132918e+00 -4.597107778219814422e-01 1.394958717591997244e-01 7.728466969872003745e+01 1.118676056752348352e-03
-4.063445441538132918e+00 -4.597107778219814422e-01 1.394958717591997244e-01 7.728466969872003745e+01 1.118676056752348352e-03
-3.804762327289485047e+00 -4.465819215940403097e-01 1.569158320050950406e-01 8.793729266627887853e+01 1.503774759074217801e-03
-3.579221236717050836e+00 -4.455100935169220011e-01 1.901290432895023086e-01 8.310033340306563332e+01 1.134621025557089151e-03
-3.684232977240047724e+00 -4.250023079908268886e-01 1.920838136517952488e-01 7.971762021366409101e+01 1.114973065758162810e-03
-3.471683328339458807e+00 -4.538851460607125077e-01 1.739733055643494231e-01 7.748633985225013987e+01 1.018561616195979951e-03
-3.346825825965334733e+00 -4.675100164962363025e-01 1.650374874766445676e-01 8.047050022661250068e+01 1.072205202431815354e-03
-3.475263992875773145e+00 -4.527237322484417015e-01 1.728319688224123907e-01 8.069588756306457356e+01 9.820442795431636330e-04
-3.475263992875773145e+00 -4.527237322484417015e-01 1.728319688224123907e-01 8.069588756306457356e+01 9.820442795431636330e-04
-3.365996511957257908e+00 -4.564227410624018266e-01 1.531106291685534471e-01 8.702049799164376509e+01 1.136537246864308256e-03
-4.077066187275513620e+00 -4.390980507806644395e-01 1.519265810364233971e-01 8.272832404075440138e+01 1.300052287172837051e-03
-3.936740830571114902e+00 -4.426971758390282896e-01 1.546421531227565316e-01 7.049089464065707489e+01 1.361216098783238695e-03
-3.936740830571114902e+00 -4.426971758390282896e-01 1.546421531227565316e-01 7.049089464065707489e+01 1.361216098783238695e-03
-4.416581390720163647e+00 -4.485571179998223967e-01 1.429994824035228096e-01 7.895547477677412473e+01 1.231598679801290544e-03
-4.416581390720163647e+00 -4.485571179998223967e-01 1.429994824035228096e-01 7.895547477677412473e+01 1.231598679801290544e-03
-4.810695761591919251e+00 -4.639555190637775217e-01 1.217842606086426555e-01 7.197803556069580111e+01 1.089907856278049536e-03
-4.787942348069992526e+00 -4.504249402688259019e-01 1.201424168632614642e-01 6.683901769431334117e+01 1.683367578805163804e-03
-4.900708020753079097e+00 -4.584326563381747044e-01 1.234879683831901498e-01 7.168869478206036661e+01 1.060569806218401422e-03
-4.483878373435636000e+00 -4.740562199628979290e-01 1.248749138581878165e-01 7.958173660472797906e+01 1.023796363846860187e-03
-4.149682803756275185e+00 -4.954103177041508377e-01 1.100784280756004763e-01 8.304754956332668314e+01 1.354888047302191950e-03
-4.071862239935235550e+00 -5.162607614025419567e-01 1.056149968295263530e-01 8.997869810752656861e+01 1.519329932660186747e-03
-3.964450678753397739e+00 -5.213359392028965589e-01 9.434488275476686503e-02 8.582453438787069899e+01 2.213075277602939012e-03
-4.313029169841354538e+00 -5.223032729243450856e-01 8.602082224542358102e-02 7.874788260569363274e+01 2.616970868008959561e-03
-4.313029169841354538e+00 -5.223032729243450856e-01 8.602082224542358102e-02 7.874788260569363274e+01 2.616970868008959561e-03
-4.512106550098080149e+00 -5.302182060512847794e-01 1.167242654978501853e-01 7.761809625754233366e+01 9.596713050238997412e-04
-4.512106550098080149e+00 -5.302182060512847794e-01 1.167242654978501853e-01 7.761809625754233366e+01 9.596713050238997412e-04
-4.512106550098080149e+00 -5.302182060512847794e-01 1.167242654978501853e-01 7.761809625754233366e+01 9.596713050238997412e-04
-4.259638407199829224e+00 -5.214029566087631240e-01 1.393141764276330241e-01 8.113366078322705732e+01 1.303926250499065674e-03
-4.225171330765721933e+00 -5.601653053144913796e-01 1.528971589648535356e-01 7.986436842660938851e+01 1.653773829444788119e-03
-4.225171330765721933e+00 -5.601653053144913796e-01 1.528971589648535356e-01 7.986436842660938851e+01 1.653773829444788119e-03
-3.703191693061957945e+00 -5.864711019996752261e-01 1.313345262544148295e-01 7.345552899810937220e+01 1.294172131490048784e-03
-3.677753765410661124e+00 -5.959881388148383641e-01 1.131778119369429431e-01 8.288337546700910252e+01 1.441800687564469795e-03
-3.677753765410661124e+00 -5.959881388148383641e-01 1.131778119369429431e-01 8.288337546700910252e+01 1.441800687564469795e-03
-3.677753765410661124e+00 -5.959881388148383641e-01 1.131778119369429431e-01 8.288337546700910252e+01 1.441800687564469795e-03
-3.669107164908868235e+00 -6.062141475709454941e-01 1.082118225854762500e-01 8.252602251126577926e+01 1.598993539540738851e-03
-3.793402044148197927e+00 -5.910174639982088696e-01 1.244023098358686408e-01 7.689094662877354835e+01 1.182967432370617220e-03
-3.793402044148197927e+00 -5.910174639982088696e-01 1.244023098358686408e-01 7.689094662877354835e+01 1.182967432370617220e-03
-3.793402044148197927e+00 -5.910174639982088696e-01 1.244023098358686408e-01 7.689094662877354835e+01 1.182967432370617220e-03
-3.423683392706037498e+00 -5.766989610947457212e-01 1.483097277228375421e-01 7.965904015469843102e+01 9.323879743819505749e-04
-3.423683392706037498e+00 -5.766989610947457212e-01 1.483097277228375421e-01 7.965904015469843102e+01 9.323879743819505749e-04
-3.423683392706037498e+00 -5.766989610947457212e-01 1.483097277228375421e-01 7.965904015469843102e+01 9.323879743819505749e-04
-3.423683392706037498e+00 -5.766989610947457212e-01 1.483097277228375421e-01 7.965904015469843102e+01 9.323879743819505749e-04
-3.423683392706037498e+00 -5.766989610947457212e-01 1.483097277228375421e-01 7.965904015469843102e+01 9.323879743819505749e-04
-3.423683392706037498e+00 -5.766989610947457212e-01 1.483097277228375421e-01 7.965904015469843102e+01 9.323879743819505749e-04
-3.423683392706037498e+00 -5.766989610947457212e-01 1.483097277228375421e-01 7.965904015469843102e+01 9.323879743819505749e-04
-3.888861375607761239e+00 -6.150798029159921798e-01 1.507763074736143960e-01 7.790093990576278316e+01 1.160497924916640373e-03
-3.815478750162873300e+00 -6.247409013109747056e-01 1.281827558682198387e-01 7.367736272486048676e+01 1.098679676778574130e-03
-3.330457751401320277e+00 -6.241609220948309833e-01 1.474712329422422918e-01 7.394561704176993544e+01 9.608867721756739763e-04
-3.387702109856042920e+00 -6.218145846677988198e-01 1.283965439342346637e-01 7.567846652429582832e+01 1.237373781839105121e-03
-3.526329165174595381e+00 -6.235401941615817956e-01 1.459892817914246466e-01 7.276639704527022445e+01 9.327025877610767767e-04
-3.526329165174595381e+00 -6.235401941615817956e-01 1.459892817914246466e-01 7.276639704527022445e+01 9.327025877610767767e-04
-3.538821026245801526e+00 -6.551193023587731368e-01 1.578929510616461362e-01 6.860887674614795628e+01 9.002369625382908302e-04
-3.238458882318572485e+00 -6.633715957995772738e-01 1.495362604834787890e-01 7.240538043934090240e+01 9.996137388784806423e-04
-3.345590262776643176e+00 -6.576110308677816096e-01 1.463497287743512065e-01 7.795139209709046213e+01 8.963011753713051068e-04
-3.261143077608805285e+00 -6.522995760756463701e-01 1.131213851023402661e-01 8.420455338983425975e+01 1.090704773749407060e-03
-3.325544599232108656e+00 -6.462400649352192383e-01 9.394981581524759762e-02 8.946804849575630669e+01 1.720240240869895694e-03
-3.325544599232108656e+00 -6.462400649352192383e-01 9.394981581524759762e-02 8.946804849575630669e+01 1.720240240869895694e-03
-3.245467888991822925e+00 -6.503972222181639840e-01 1.025773148096730536e-01 7.658773628255435995e+01 2.335484509170873517e-03
-3.949610358179439729e+00 -6.565719720035928519e-01 1.303345662525532689e-01 8.993877316545945177e+01 2.134023477780581674e-03
-3.765275139459412834e+00 -6.531361443821266377e-01 1.149535778838930988e-01 7.488290481735630522e+01 1.404200839272282944e-03
-3.689284223658162887e+00 -6.607176168158479523e-01 9.733075903090396275e-02 8.886715173828002889e+01 1.646006321639584963e-03
-3.569525928779297974e+00 -6.827904764094286927e-01 1.301842412342574529e-01 7.564180572322358387e+01 9.555141767109592062e-04
-3.569525928779297974e+00 -6.827904764094286927e-01 1.301842412342574529e-01 7.564180572322358387e+01 9.555141767109592062e-04
-3.569525928779297974e+00 -6.827904764094286927e-01 1.301842412342574529e-01 7.564180572322358387e+01 9.555141767109592062e-04
-3.762893959933564680e+00 -6.928853673543668990e-01 1.608114716704996394e-01 7.072641266024122331e+01 9.474480730963284010e-04
-3.441024335321857475e+00 -7.085560529295422683e-01 1.914640909918340073e-01 6.314868811376313573e+01 1.069635200692789848e-03
-3.930324325970294019e+00 -7.310518826139801307e-01 1.718675494167587470e-01 6.857889775939496246e+01 1.240193415076720068e-03
-3.754620825048873733e+00 -7.186281586129789067e-01 1.470392665077444039e-01 6.556813566968469331e+01 9.831514210384569540e-04
-3.243673651332966035e+00 -7.188346831564640382e-01 1.491728636909347150e-01 7.315072505886942622e+01 9.215429297053042996e-04
-3.172618107200136262e+00 -6.899278999714636429e-01 1.419237508914461543e-01 8.059323450040612613e+01 1.043605315909806527e-03
-3.172618107200136262e+00 -6.899278999714636429e-01 1.419237508914461543e-01 8.059323450040612613e+01 1.043605315909806527e-03
-3.172618107200136262e+00 -6.899278999714636429e-01 1.419237508914461543e-01 8.059323450040612613e+01 1.043605315909806527e-03
-3.331835844581324313e+00 -6.794673947614722209e-01 1.601728043255330469e-01 6.860139940859106389e+01 9.639052001132199753e-04
-3.324904358072195532e+00 -7.028160619081331717e-01 1.462161144476183117e-01 6.673854567097588131e+01 1.233935835103131201e-03
-3.187022523540837593e+00 -6.920116981594969241e-01 1.358867729344022113e-01 6.446204027730901487e+01 2.119700373955969025e-03
-3.187022523540837593e+00 -6.920116981594969241e-01 1.358867729344022113e-01 6.446204027730901487e+01 2.119700373955969025e-03
-3.208818124158098417e+00 -6.912781401463963249e-01 1.671143748437282639e-01 6.675585983101117904e+01 1.219032596644121797e-03
-3.621497631291959785e+00 -6.960212122822938552e-01 1.646562081694121493e-01 7.439571106182148696e+01 1.118098704219146850e-03
-3.621497631291959785e+00 -6.960212122822938552e-01 1.646562081694121493e-01 7.439571106182148696e+01 1.118098704219146850e-03
-3.621497631291959785e+00 -6.960212122822938552e-01 1.646562081694121493e-01 7.439571106182148696e+01 1.118098704219146850e-03
-3.621497631291959785e+00 -6.960212122822938552e-01 1.646562081694121493e-01 7.439571106182148696e+01 1.118098704219146850e-03
-3.707318153638191838e+00 -6.990354617348956134e-01 1.631914881547803786e-01 7.131771447481996518e+01 9.785611101403436478e-04
-3.707318153638191838e+00 -6.990354617348956134e-01 1.631914881547803786e-01 7.131771447481996518e+01 9.785611101403436478e-04
-3.707318153638191838e+00 -6.990354617348956134e-01 1.631914881547803786e-01 7.131771447481996518e+01 9.785611101403436478e-04
-3.707318153638191838e+00 -6.990354617348956134e-01 1.631914881547803786e-01 7.131771447481996518e+01 9.785611101403436478e-04
-3.707318153638191838e+00 -6.990354617348956134e-01 1.631914881547803786e-01 7.131771447481996518e+01 9.785611101403436478e-04
-4.103781006187514180e+00 -7.059503136770620690e-01 1.603754060349344424e-01 7.069419924284377998e+01 1.247916230884830091e-03
-4.059150073247550949e+00 -6.946802151628865829e-01 1.554070210781290373e-01 6.100268065251250249e+01 1.141176322343171942e-03
-4.059150073247550949e+00 -6.946802151628865829e-01 1.554070210781290373e-01 6.100268065251250249e+01 1.141176322343171942e-03
-4.364067254967774367e+00 -7.134951256878721004e-01 1.092998661256313897e-01 7.535720073375249228e+01 9.702529174548460422e-04
-4.364067254967774367e+00 -7.134951256878721004e-01 1.092998661256313897e-01 7.535720073375249228e+01 9.702529174548460422e-04
-4.537860060791659045e+00 -7.187563292494478784e-01 1.263509818329259238e-01 8.008367760270363078e+01 1.391610543030870860e-03
-4.743674336356400900e+00 -7.197072556333854454e-01 9.980637635452767331e-02 7.823881932244171367e+01 9.199781859358743428e-04
-4.823044738618396110e+00 -7.216557385694670756e-01 9.774534922692361405e-02 8.030839779932301781e+01 9.164060782697958443e-04
-4.906246120121493526e+00 -7.183385801837722795e-01 9.123914378134659331e-02 8.662305604934897474e+01 1.080744453196752931e-03
-4.898833165731502071e+00 -7.177489507561838344e-01 8.870039406746034472e-02 8.184435561792304270e+01 1.050614587782426742e-03
-4.695232988574544741e+00 -7.114384161859144129e-01 1.146573892074412016e-01 7.717261074756527250e+01 9.226125254061095246e-04
-4.695232988574544741e+00 -7.114384161859144129e-01 1.146573892074412016e-01 7.717261074756527250e+01 9.226125254061095246e-04
-4.912122914203571611e+00 -7.169369918960287746e-01 1.142862689620048611e-01 6.684251615156814808e+01 1.179272641717936040e-03
-4.609803353519243529e+00 -7.073924381153497976e-01 1.021099814300801684e-01 7.640645704790803450e+01 9.740997382907639994e-04
-4.609803353519243529e+00 -7.073924381153497976e-01 1.021099814300801684e-01 7.640645704790803450e+01 9.740997382907639994e-04
-4.716898119284683055e+00 -7.356655726126313244e-01 1.145141493827521034e-01 6.906281335981995539e+01 1.040934700235039093e-03
-4.716898119284683055e+00 -7.356655726126313244e-01 1.145141493827521034e-01 6.906281335981995539e+01 1.040934700235039093e-03
-4.669572999761938625e+00 -7.319068600166220850e-01 1.075117144119224905e-01 6.671184896842953549e+01 1.547304589830039842e-03
-4.299705660336869961e+00 -7.392478301283517128e-01 1.142184074497361174e-01 6.162322567780447713e+01 2.246581009198982386e-03
-4.494324552516347993e+00 -7.453180345755512359e-01 1.168353619297646112e-01 6.287247406943406958e+01 1.735607885251086533e-03
-4.331900378349692105e+00 -7.248458503811159304e-01 1.249273561554025830e-01 6.322988826223476622e+01 1.477848550667031861e-03
-4.284263581594050407e+00 -7.197645534548647861e-01 1.245887947839062621e-01 6.471729062276683919e+01 1.346546053209639283e-03
-3.792282646657380241e+00 -7.245330435351361453e-01 1.493717906420897190e-01 6.022250777064695626e+01 1.387998294298148014e-03
-4.459490062627043727e+00 -7.168123218191001511e-01 1.756740891296159068e-01 6.385546938539304307e+01 1.643983482106437573e-03
-4.556072160967082674e+00 -7.425373675918583993e-01 1.907275634700914546e-01 6.191772147388163461e+01 2.135236151047475734e-03
-4.767227712384687344e+00 -7.127079806670777451e-01 1.756342092269810307e-01 6.336214409021538074e+01 1.882787966865884580e-03
-4.387631807301068498e+00 -7.206369342501361963e-01 1.745669214039737294e-01 6.570635647055618733e+01 1.655306642419771294e-03
-4.735633795422775627e+00 -7.181437794837562949e-01 1.695286764003526014e-01 6.000382195301119026e+01 1.573749882388711299e-03
-4.847206472522551657e+00 -7.153423698559927546e-01 1.499277639938539908e-01 7.277015134104125593e+01 1.775348361080588333e-03
-4.805917204287808886e+00 -7.082239329813250217e-01 1.763254835980059831e-01 6.151542518296581363e+01 1.816984317076345001e-03
-4.466742484917118006e+00 -7.234822582671170954e-01 1.647301369103914281e-01 6.207675775903192772e+01 1.338345575095972913e-03
-3.858683782483804503e+00 -7.219523288148625983e-01 1.639905516076259617e-01 6.322046987914733052e+01 9.620301764053888890e-04
-3.205787239854577031e+00 -7.154357617684585779e-01 1.577807611387372355e-01 6.290478841823725986e+01 1.563113312245565430e-03
-3.339479628800365418e+00 -6.917528766696637854e-01 1.610509910741982353e-01 6.340138531630969254e+01 1.277632261519103581e-03
-3.227307527562212286e+00 -6.839968993295298949e-01 1.427653027795663387e-01 6.841999584217403196e+01 1.342612561368502870e-03
-3.401697290106400651e+00 -7.147710188393964215e-01 1.548187385234807700e-01 6.472795799145561091e+01 1.110645832596913671e-03
-3.392315817133277900e+00 -7.121965547176121181e-01 1.563727813322024485e-01 6.523492411044604466e+01 1.063716837613744998e-03
-3.471509500863887432e+00 -7.020052295649925611e-01 1.823519907559003062e-01 7.272042075570404052e+01 1.348375615363401041e-03
-3.471509500863887432e+00 -7.020052295649925611e-01 1.823519907559003062e-01 7.272042075570404052e+01 1.348375615363401041e-03
-3.289525873702294767e+00 -6.670798141568012873e-01 1.776721300370290579e-01 7.854339155559578955e+01 1.527459456629855130e-03
-3.289525873702294767e+00 -6.670798141568012873e-01 1.776721300370290579e-01 7.854339155559578955e+01 1.527459456629855130e-03
-3.182490292113353103e+00 -6.569230188756869371e-01 1.629098094469670355e-01 7.753558580624310537e+01 1.248401604633599376e-03
-3.182490292113353103e+00 -6.569230188756869371e-01 1.629098094469670355e-01 7.753558580624310537e+01 1.248401604633599376e-03
-3.305959236328158912e+00 -6.584820199736559632e-01 1.749474197036736678e-01 8.302897774007384157e+01 1.882369475506502935e-03
-3.333596077463416574e+00 -6.530481506000525016e-01 1.651697211139502575e-01 8.183966263676771291e+01 1.440632802408099017e-03
-3.333596077463416574e+00 -6.530481506000525016e-01 1.651697211139502575e-01 8.183966263676771291e+01 1.440632802408099017e-03
-3.265306971197332153e+00 -6.500264288105838117e-01 1.499766601570331759e-01 7.774252205004700045e+01 9.103058779144590452e-04
-3.265306971197332153e+00 -6.500264288105838117e-01 1.499766601570331759e-01 7.774252205004700045e+01 9.103058779144590452e-04
-3.706554594256466828e+00 -6.679138100677499690e-01 1.153417487230157662e-01 7.736941074326347234e+01 1.258295501730906808e-03
-3.706554594256466828e+00 -6.679138100677499690e-01 1.153417487230157662e-01 7.736941074326347234e+01 1.258295501730906808e-03
-3.706554594256466828e+00 -6.679138100677499690e-01 1.153417487230157662e-01 7.736941074326347234e+01 1.258295501730906808e-03
-3.706554594256466828e+00 -6.679138100677499690e-01 1.153417487230157662e-01 7.736941074326347234e+01 1.258295501730906808e-03
-3.719989433081443586e+00 -6.893895633148774404e-01 1.347487217145840743e-01 8.441796115725702521e+01 1.460939817250599734e-03
-3.551427732926383918e+00 -6.684870981626159780e-01 1.306438667169365075e-01 7.784222452433253636e+01 9.346062250629029282e-04
-3.899915749104278184e+00 -6.437326861918484244e-01 1.231584574274964539e-01 7.242421464749232030e+01 1.192666182307118832e-03
-3.899915749104278184e+00 -6.437326861918484244e-01 1.231584574274964539e-01 7.242421464749232030e+01 1.192666182307118832e-03
-3.251068549749546399e+00 -6.237721064478122246e-01 1.368121570804725073e-01 7.858344532238248803e+01 9.403003725841375124e-04
-3.251068549749546399e+00 -6.237721064478122246e-01 1.368121570804725073e-01 7.858344532238248803e+01 9.403003725841375124e-04
-3.322464386903486666e+00 -6.096848221601597340e-01 1.651054241866392880e-01 8.224648598225982710e+01 1.255431870731345094e-03
-3.322464386903486666e+00 -6.096848221601597340e-01 1.651054241866392880e-01 8.224648598225982710e+01 1.255431870731345094e-03
-3.021725603312563457e+00 -5.954071008434645984e-01 1.355826892626273428e-01 8.955838541251875995e+01 1.968243109874934400e-03
-3.104626325648314200e+00 -6.047476981762813786e-01 1.317404345901334040e-01 8.641195333743227991e+01 1.118462180394007213e-03
-3.263314512922876887e+00 -6.171924681288137871e-01 1.724198256263221318e-01 8.168163648837942503e+01 1.425769413063014690e-03
-3.355983365685030417e+00 -6.055040653474319523e-01 1.643740507349431279e-01 8.795212840840841295e+01 1.851813565008967677e-03
-3.231570355264653749e+00 -6.152214151995122338e-01 1.698842578867476860e-01 7.339903489585995544e+01 1.065657693976007972e-03
-3.277068805085924019e+00 -6.206082940523580671e-01 1.574455954052183526e-01 6.728795121239474497e+01 1.366882680139294096e-03
-3.150298164721399452e+00 -6.298279596459964713e-01 1.599856663881002727e-01 6.646441059046473754e+01 1.616160051421356922e-03
-3.184671071263256437e+00 -6.355545084745393147e-01 1.803625408113773421e-01 6.142476916831684264e+01 1.847714596061754942e-03
-3.367226721162977832e+00 -6.464629398247090375e-01 1.878792165854566987e-01 6.338226912270729230e+01 1.094294056289065419e-03
-3.284219475121826548e+00 -6.584386054065800575e-01 1.596561487388599432e-01 6.769201159846861060e+01 1.130233385691107109e-03
-3.284219475121826548e+00 -6.584386054065800575e-01 1.596561487388599432e-01 6.769201159846861060e+01 1.130233385691107109e-03
-3.581160786471247803e+00 -6.630700134297169424e-01 1.721410979640771999e-01 6.671403973717011127e+01 8.808709357824635227e-04
-3.581160786471247803e+00 -6.630700134297169424e-01 1.721410979640771999e-01 6.671403973717011127e+01 8.808709357824635227e-04
-3.581160786471247803e+00 -6.630700134297169424e-01 1.721410979640771999e-01 6.671403973717011127e+01 8.808709357824635227e-04
-3.802202477465875141e+00 -6.631401689020082202e-01 1.984619721830822581e-01 6.344353644662445646e+01 1.166766204316901576e-03
-3.794886772270384068e+00 -6.642138562465548235e-01 1.746042054316278846e-01 6.608951058251662403e+01 9.399550300232054068e-04
-3.543538817739250391e+00 -6.692984085379013459e-01 1.916762888187283631e-01 6.272799141245798182e+01 1.013430044975392828e-03
-3.658175970977939784e+00 -6.800785604920058791e-01 1.953634048560415060e-01 6.595587360204319793e+01 1.120604964120265482e-03
-3.658175970977939784e+00 -6.800785604920058791e-01 1.953634048560415060e-01 6.595587360204319793e+01 1.120604964120265482e-03
-3.892800049921552041e+00 -6.948383744472600432e-01 1.920610695742136775e-01 6.169949789208429536e+01 1.177186852981855492e-03
-3.735792650050160368e+00 -7.309889599932505311e-01 1.877031052360212671e-01 6.410464796634633444e+01 1.112962586941874336e-03
-4.066642010998668511e+00 -7.289349967062539459e-01 1.760948628115711623e-01 6.065972688614778008e+01 1.148683590773579098e-03
-4.247276010197702512e+00 -7.098688561888659709e-01 1.666679631544808471e-01 6.439310203535849553e+01 1.205967041630512685e-03
-4.247276010197702512e+00 -7.098688561888659709e-01 1.666679631544808471e-01 6.439310203535849553e+01 1.205967041630512685e-03
-3.937173259105629430e+00 -7.079896548722024452e-01 1.483856509247686306e-01 7.163749923131304342e+01 9.383463497995563497e-04
-3.937173259105629430e+00 -7.079896548722024452e-01 1.483856509247686306e-01 7.163749923131304342e+01 9.383463497995563497e-04
-4.429452164049527241e+00 -7.056699724663988427e-01 1.404000504317722275e-01 6.952594287876739543e+01 1.026098613393478399e-03
-4.227179843986161423e+00 -7.176625133704337411e-01 1.416242461377713036e-01 7.610621203757283126e+01 1.309649451329763462e-03
-4.856305044512093438e+00 -7.338623381215019226e-01 1.118307363926859949e-01 7.892718982358269386e+01 9.832863432583899103e-04
-4.925088127405500060e+00 -7.203179531670206304e-01 1.083582727873032003e-01 7.041531995958877133e+01 1.036405717804732545e-03
-4.318871634568536066e+00 -7.482138061019807385e-01 1.096662644738474052e-01 6.511686691804214888e+01 1.876856486742115894e-03
-4.368892135269572208e+00 -7.402278295321678137e-01 1.073746494108481497e-01 7.143707953064581773e+01 1.206447277321730498e-03
-4.703728034351232878e+00 -7.183930078692201127e-01 1.269408856538876140e-01 6.098743937068697107e+01 1.571489703774030938e-03
-4.754225555726530494e+00 -7.415311210239901030e-01 1.027329803903936495e-01 6.813841589220912454e+01 1.535379475292410157e-03
-4.754225555726530494e+00 -7.415311210239901030e-01 1.027329803903936495e-01 6.813841589220912454e+01 1.535379475292410157e-03
-4.584613645208709620e+00 -7.497835445942946375e-01 1.125227215255433511e-01 7.554249103012151068e+01 8.758029152038453950e-04
-4.832951209172011708e+00 -7.225728132893989297e-01 9.835170896080375202e-02 7.753306518023511273e+01 9.408226399554885707e-04
-4.832951209172011708e+00 -7.225728132893989297e-01 9.835170896080375202e-02 7.753306518023511273e+01 9.408226399554885707e-04
-4.889705453509356481e+00 -7.169023924994042396e-01 1.178776796792418979e-01 8.260958886968647619e+01 1.485730489613929905e-03
-4.905686739591839540e+00 -7.192569417660485964e-01 1.133631068301568789e-01 7.555101862568868398e+01 8.813724169879036830e-04
-4.905686739591839540e+00 -7.192569417660485964e-01 1.133631068301568789e-01 7.555101862568868398e+01 8.813724169879036830e-04
-4.905686739591839540e+00 -7.192569417660485964e-01 1.133631068301568789e-01 7.555101862568868398e+01 8.813724169879036830e-04
-4.905686739591839540e+00 -7.192569417660485964e-01 1.133631068301568789e-01 7.555101862568868398e+01 8.813724169879036830e-04
-4.935214518759076796e+00 -7.347316770393000906e-01 1.175897335952601208e-01 7.062212608088042032e+01 8.954055967989953645e-04
-4.734397654108327913e+00 -7.394322823534527078e-01 1.203145268399328227e-01 7.643294880607362529e+01 1.013084749222624512e-03
-4.463222129629379253e+00 -7.445470193932848257e-01 1.419014864308856538e-01 7.105086707314814021e+01 1.153330853304220839e-03
-4.463222129629379253e+00 -7.445470193932848257e-01 1.419014864308856538e-01 7.105086707314814021e+01 1.153330853304220839e-03
-4.463222129629379253e+00 -7.445470193932848257e-01 1.419014864308856538e-01 7.105086707314814021e+01 1.153330853304220839e-03
