-4.843863780805995667e+00 -2.694316026405867981e-01 1.139511981743545899e-01 6.328481424727014826e+01 4.368521142695499723e-03
-4.951787223030735596e+00 -2.251021948392036842e-01 1.276202707948429216e-01 6.374703869906361575e+01 3.805626451445420430e-03
-4.668473814796575638e+00 -2.508110622886582375e-01 1.364122253517552619e-01 6.333425032076962680e+01 3.947138724137594715e-03
-4.209404946853120499e+00 -3.087948784330220020e-01 1.447013868279801163e-01 6.566184135997124827e+01 3.462009868069717937e-03
-4.209404946853120499e+00 -3.087948784330220020e-01 1.447013868279801163e-01 6.566184135997124827e+01 3.462009868069717937e-03
-4.452158601959938622e+00 -3.255854812731059367e-01 1.239137288667656184e-01 6.645385065897711740e+01 3.350978517937867624e-03
-4.764054553178891815e+00 -3.038517421176574196e-01 1.138271537128878325e-01 7.054007152697876393e+01 2.552481994172525227e-03
-4.993683308837000290e+00 -3.359671415944506245e-01 1.061333273134325295e-01 7.220668941654598427e+01 1.868766981426375068e-03
-4.993683308837000290e+00 -3.359671415944506245e-01 1.061333273134325295e-01 7.220668941654598427e+01 1.868766981426375068e-03
-4.705587296858042556e+00 -3.420259557290554198e-01 1.022736752306359492e-01 7.163633160482386586e+01 2.834273720133194396e-03
-4.056489502011692672e+00 -3.389517246026513275e-01 1.017908891526849019e-01 8.193234787023909860e+01 4.150418036078852048e-03
-4.565902862124564976e+00 -3.638862505443143935e-01 9.962908053629476735e-02 8.600872778294851173e+01 1.374973862677831551e-03
-4.565902862124564976e+00 -3.638862505443143935e-01 9.962908053629476735e-02 8.600872778294851173e+01 1.374973862677831551e-03
-4.565902862124564976e+00 -3.638862505443143935e-01 9.962908053629476735e-02 8.600872778294851173e+01 1.374973862677831551e-03
-4.525200873552037706e+00 -3.809620466871075362e-01 1.127806680620015295e-01 8.624589891034166556e+01 1.118162852175160968e-03
-4.405378506549359585e+00 -3.745391842565222174e-01 1.080040728562059460e-01 8.604480069070753245e+01 1.393014676552865091e-03
-4.405378506549359585e+00 -3.745391842565222174e-01 1.080040728562059460e-01 8.604480069070753245e+01 1.393014676552865091e-03
-4.438047517602352166e+00 -3.292600977954448505e-01 1.360836331870326210e-01 7.780732320213832054e+01 1.359426908126723727e-03
-4.438047517602352166e+00 -3.292600977954448505e-01 1.360836331870326210e-01 7.780732320213832054e+01 1.359426908126723727e-03
-4.326632361265255078e+00 -3.401944563670306620e-01 1.557858000790084962e-01 8.071650656729960360e+01 1.310552683606014228e-03
-4.315487813213188417e+00 -3.345588777083010612e-01 1.674783741938749293e-01 7.193052412008418628e+01 1.363611037445570983e-03
-4.881128499410324117e+00 -3.282018568347130349e-01 1.552172578350414500e-01 7.739946980799635412e+01 1.729731128134121346e-03
-4.166772399484712786e+00 -3.239678882836693474e-01 1.736480949644517713e-01 6.910507473527701450e+01 1.675451892855154071e-03
-4.157848379256197546e+00 -3.228942791191157791e-01 1.723215544939345478e-01 7.135817887178082231e+01 1.548122561144834024e-03
-4.157848379256197546e+00 -3.228942791191157791e-01 1.723215544939345478e-01 7.135817887178082231e+01 1.548122561144834024e-03
-4.157848379256197546e+00 -3.228942791191157791e-01 1.723215544939345478e-01 7.135817887178082231e+01 1.548122561144834024e-03
-4.468136710624712293e+00 -3.188801056488911323e-01 1.619262353712804248e-01 7.667198533253939274e+01 1.372307923964600270e-03
-4.323616409398314708e+00 -2.874076822958651078e-01 1.750883089124763148e-01 8.076467633341215446e+01 1.486135878937214650e-03
-4.323616409398314708e+00 -2.874076822958651078e-01 1.750883089124763148e-01 8.076467633341215446e+01 1.486135878937214650e-03
-4.254896835954832923e+00 -3.040717403274442732e-01 1.694860559805609346e-01 7.835547751034150110e+01 1.376073574090549631e-03
-4.466634002541107762e+00 -3.061719722962988333e-01 1.510753080675553139e-01 7.951587221145970830e+01 1.322790392255874387e-03
-4.466634002541107762e+00 -3.061719722962988333e-01 1.510753080675553139e-01 7.951587221145970830e+01 1.322790392255874387e-03
-4.208458587135585738e+00 -2.522590972663547038e-01 1.508269077285120108e-01 8.806190113950738407e+01 2.024330569840692394e-03
-4.329287004761737556e+00 -2.834636227366523209e-01 1.552593546094961363e-01 8.269020626055909418e+01 1.478656118169852443e-03
-4.193875385083515539e+00 -3.079556691452693951e-01 1.714488967397020946e-01 7.458668490014846952e+01 1.458958632951123154e-03
-4.193875385083515539e+00 -3.079556691452693951e-01 1.714488967397020946e-01 7.458668490014846952e+01 1.458958632951123154e-03
-4.193875385083515539e+00 -3.079556691452693951e-01 1.714488967397020946e-01 7.458668490014846952e+01 1.458958632951123154e-03
-4.509121768761224835e+00 -2.768761036538912590e-01 1.789633808741100396e-01 6.649997776213712086e+01 2.012882101590518242e-03
-4.509121768761224835e+00 -2.768761036538912590e-01 1.789633808741100396e-01 6.649997776213712086e+01 2.012882101590518242e-03
-4.626410920175634267e+00 -2.895397259317095129e-01 1.734907415991173707e-01 7.080042467609344214e+01 1.701609775973052501e-03
-4.534131397088410509e+00 -2.627509149951314793e-01 1.832143165320490874e-01 7.845176859121514212e+01 1.779806035853599699e-03
-4.534131397088410509e+00 -2.627509149951314793e-01 1.832143165320490874e-01 7.845176859121514212e+01 1.779806035853599699e-03
-4.973379464373892667e+00 -2.785168123793141381e-01 1.802645906422727096e-01 6.212085355227509353e+01 2.251090348748758033e-03
-4.983514125969342068e+00 -2.642749327511562663e-01 1.914664036862701590e-01 6.169998505954345802e+01 2.453822701889986704e-03
-4.983514125969342068e+00 -2.642749327511562663e-01 1.914664036862701590e-01 6.169998505954345802e+01 2.453822701889986704e-03
-4.983514125969342068e+00 -2.642749327511562663e-01 1.914664036862701590e-01 6.169998505954345802e+01 2.453822701889986704e-03
-4.904609315718619023e+00 -2.480358594935536953e-01 1.858891224908840734e-01 7.367821180884263299e+01 2.321897716838686784e-03
-4.785421921875623319e+00 -2.445119571688604276e-01 1.872553099638501750e-01 7.777068120744677060e+01 2.354723194445361694e-03
-4.546882368950088349e+00 -2.251457262303717954e-01 1.948280460578034889e-01 7.682678204375960718e+01 1.905939528440659444e-03
-4.725006032819194957e+00 -2.011779916591375783e-01 1.785754176079725197e-01 7.517790069882414628e+01 2.031912467129638657e-03
-4.805919078958888591e+00 -1.764328556215438160e-01 1.951515727168774139e-01 8.199330244544822222e+01 2.437052269178267231e-03
-4.208290336759722194e+00 -1.745757463773679463e-01 1.804902216604837017e-01 8.929854049381890491e+01 3.314688074000445191e-03
-4.902632050838787059e+00 -1.701121357996142613e-01 1.832413927232867668e-01 8.192236056395147159e+01 2.272649678751861423e-03
-4.778561878421607290e+00 -1.979603703290209182e-01 1.862946631558789479e-01 8.087572112796637214e+01 2.215902157301885122e-03
-4.952013225714323674e+00 -2.092354338722600404e-01 1.930941906959639798e-01 8.278622726706016977e+01 3.189975564711795830e-03
-4.457421360619786554e+00 -1.691028428267618289e-01 1.797443000851027539e-01 8.349287134632059804e+01 2.360554786449522210e-03
-4.804393274165305705e+00 -1.766884742420625765e-01 1.629200923623136676e-01 7.972593321319389759e+01 1.934576657636528051e-03
-4.804393274165305705e+00 -1.766884742420625765e-01 1.629200923623136676e-01 7.972593321319389759e+01 1.934576657636528051e-03
-4.487973704417242082e+00 -1.689372571993079386e-01 1.740549842005248149e-01 8.401156396933873793e+01 2.306252012416496171e-03
-4.892727418886979152e+00 -1.680023129236787316e-01 1.743573452646265398e-01 8.516553615261535981e+01 2.127278873239584617e-03
-4.787997011094656585e+00 -1.589293494670923623e-01 1.695421886432091074e-01 8.487525848897793423e+01 1.949890443556153308e-03
-4.707516718880942364e+00 -1.829999983703328448e-01 1.708962130073965191e-01 8.250517124074012543e+01 1.868679582398357882e-03
-4.707516718880942364e+00 -1.829999983703328448e-01 1.708962130073965191e-01 8.250517124074012543e+01 1.868679582398357882e-03
-4.581152495289147808e+00 -2.111000445073236698e-01 1.647879582491083017e-01 7.382950602268218177e+01 2.237876312363188021e-03
-4.419393614287529637e+00 -2.224414684367284345e-01 1.534532237939281174e-01 8.287552255990037509e+01 1.901617280702809498e-03
-4.717825217923998338e+00 -2.283969327848123787e-01 1.577613243865111925e-01 8.088170342830899529e+01 1.600072842349867502e-03
-4.717825217923998338e+00 -2.283969327848123787e-01 1.577613243865111925e-01 8.088170342830899529e+01 1.600072842349867502e-03
-4.717825217923998338e+00 -2.283969327848123787e-01 1.577613243865111925e-01 8.088170342830899529e+01 1.600072842349867502e-03
-4.530280789088153348e+00 -2.386066659834748249e-01 1.352383886949770631e-01 8.245691071599483735e+01 1.742404791674132198e-03
-4.632246378783251295e+00 -2.338996927905355183e-01 1.570696547262957765e-01 8.450550367898529203e+01 1.570065350809324994e-03
-4.693210127284245026e+00 -2.674106547399348610e-01 1.635966598313242371e-01 8.212485008363864836e+01 1.803539882921150091e-03
-4.693210127284245026e+00 -2.674106547399348610e-01 1.635966598313242371e-01 8.212485008363864836e+01 1.803539882921150091e-03
-4.523211352705416743e+00 -2.820096624368088056e-01 1.768975559783123319e-01 7.863871091948412584e+01 1.692829941915258325e-03
-4.523211352705416743e+00 -2.820096624368088056e-01 1.768975559783123319e-01 7.863871091948412584e+01 1.692829941915258325e-03
-4.437393027469803464e+00 -2.352722980176732148e-01 1.760681623089481729e-01 7.214999481824695238e+01 2.078989635379589057e-03
-4.437393027469803464e+00 -2.352722980176732148e-01 1.760681623089481729e-01 7.214999481824695238e+01 2.078989635379589057e-03
-4.711356521747189774e+00 -2.404654168144159387e-01 1.816329193317324786e-01 6.611685552263755028e+01 2.317711470317880204e-03
-4.900733331119210945e+00 -2.242857630037627670e-01 1.623452534821245019e-01 6.790253683152359088e+01 2.200818295796745823e-03
-4.863031989602767169e+00 -2.581230379439251044e-01 1.565320161272925059e-01 6.952800404579821247e+01 1.827901758635752140e-03
-4.403712156230690233e+00 -2.548100617436780402e-01 1.405402284538534163e-01 7.294417110491502854e+01 2.788800985603281848e-03
-4.403712156230690233e+00 -2.548100617436780402e-01 1.405402284538534163e-01 7.294417110491502854e+01 2.788800985603281848e-03
-4.838421330325319403e+00 -2.236037543553674456e-01 1.400093670408352475e-01 7.350556458360816237e+01 1.999282722116492265e-03
-4.819302521296671138e+00 -2.602309880944830289e-01 1.603366411233092259e-01 7.920674850902774722e+01 1.729404433454582481e-03
-4.748993218351419188e+00 -2.935107668364477229e-01 1.645536045359554667e-01 8.577654984968914675e+01 2.480708546257260651e-03
-4.414683364022389256e+00 -2.918940934709166046e-01 1.676752066491969673e-01 8.716140140347202703e+01 1.893875320850281398e-03
-4.414683364022389256e+00 -2.918940934709166046e-01 1.676752066491969673e-01 8.716140140347202703e+01 1.893875320850281398e-03
-4.414683364022389256e+00 -2.918940934709166046e-01 1.676752066491969673e-01 8.716140140347202703e+01 1.893875320850281398e-03
-4.123999053863547815e+00 -2.740603351764862583e-01 1.559216279789691906e-01 7.921078718354281989e+01 2.272631055075143014e-03
-3.824891191308170679e+00 -2.887081696124736974e-01 1.653519735625919029e-01 7.741042231770370563e+01 3.220012287173852801e-03
-3.397439853080459038e+00 -3.118503500122360439e-01 1.774534028364878613e-01 8.350355342245141799e+01 2.805383149851601882e-03
-4.020508002562659833e+00 -2.631579975145256767e-01 1.738189723778245377e-01 8.610546253214627654e+01 2.043869219475293215e-03
-4.020508002562659833e+00 -2.631579975145256767e-01 1.738189723778245377e-01 8.610546253214627654e+01 2.043869219475293215e-03
-4.125906880865339410e+00 -2.549561790506407188e-01 1.773793537723243330e-01 8.816367448007903818e+01 1.848741069104550307e-03
-4.592937316747826237e+00 -2.858246012585244356e-01 1.858188345061406732e-01 8.649435219338501213e+01 2.955366775928982594e-03
-4.541540457072766657e+00 -2.949784022081937684e-01 1.835269691824458760e-01 7.190722427215162327e+01 1.692378062227591160e-03
-4.024209926084683531e+00 -3.527166628091850664e-01 1.897027649625175616e-01 7.240604965926218028e+01 1.139071873647888155e-03
-3.872145766407491863e+00 -3.562011007125502893e-01 1.705404888705724376e-01 7.776468682218614958e+01 1.463552843162498063e-03
-3.872145766407491863e+00 -3.562011007125502893e-01 1.705404888705724376e-01 7.776468682218614958e+01 1.463552843162498063e-03
-3.872145766407491863e+00 -3.562011007125502893e-01 1.705404888705724376e-01 7.776468682218614958e+01 1.463552843162498063e-03
-4.648481176500061096e+00 -3.315441114943859513e-01 1.457495144309632340e-01 8.427369141772221894e+01 1.597308014898554370e-03
-4.772861194186820200e+00 -4.200359602705124873e-01 1.354820753389998356e-01 8.081672031869628370e+01 1.405925103926061043e-03
-4.562194787887190905e+00 -4.195384276742506469e-01 1.198722659614970959e-01 7.799995443722129096e+01 1.075354945495761265e-03
-4.562194787887190905e+00 -4.195384276742506469e-01 1.198722659614970959e-01 7.799995443722129096e+01 1.075354945495761265e-03
-4.562194787887190905e+00 -4.195384276742506469e-01 1.198722659614970959e-01 7.799995443722129096e+01 1.075354945495761265e-03
-4.757224501512844483e+00 -4.005096693625918025e-01 1.209210421799105512e-01 7.619701084793231871e+01 1.067267066925064447e-03
-4.757224501512844483e+00 -4.005096693625918025e-01 1.209210421799105512e-01 7.619701084793231871e+01 1.067267066925064447e-03
-4.778187495677290286e+00 -4.016059870111727270e-01 1.155214482914257851e-01 6.977055193241082520e+01 1.723497898323551013e-03
-4.192804518664686952e+00 -4.131120730388948004e-01 1.297251769033294366e-01 7.276856491084375023e+01 1.729301501724482418e-03
-4.192804518664686952e+00 -4.131120730388948004e-01 1.297251769033294366e-01 7.276856491084375023e+01 1.729301501724482418e-03
-4.618387687176802814e+00 -4.364138325146982855e-01 1.124132684280101102e-01 6.388550790987263639e+01 2.975973986428525481e-03
-4.523875666206563118e+00 -4.488703896830678608e-01 1.315227303863075181e-01 6.942964612115622458e+01 1.335320649237897901e-03
-4.523875666206563118e+00 -4.488703896830678608e-01 1.315227303863075181e-01 6.942964612115622458e+01 1.335320649237897901e-03
-4.722331837676343902e+00 -4.528112525572771108e-01 1.478451413885187860e-01 6.793731187939806659e+01 1.285726981105011525e-03
-4.406303585686909052e+00 -4.555165292890686612e-01 1.381719289800463768e-01 7.364756148767901323e+01 1.076573023826657817e-03
-4.406303585686909052e+00 -4.555165292890686612e-01 1.381719289800463768e-01 7.364756148767901323e+01 1.076573023826657817e-03
-4.265148517485780388e+00 -4.788829149515613226e-01 1.437293280682087615e-01 7.725587839167499737e+01 1.087677573148577645e-03
-4.262539841172876542e+00 -4.539098012953236561e-01 1.439673517531431801e-01 7.699951016124565228e+01 1.074811660404892399e-03
-4.262539841172876542e+00 -4.539098012953236561e-01 1.439673517531431801e-01 7.699951016124565228e+01 1.074811660404892399e-03
-4.266850852787452908e+00 -4.433261948168750743e-01 1.366711961917539409e-01 7.188640971530813317e+01 1.272793132640605241e-03
-4.266850852787452908e+00 -4.433261948168750743e-01 1.366711961917539409e-01 7.188640971530813317e+01 1.272793132640605241e-03
-4.631433719955126982e+00 -4.921870520363474943e-01 1.448884220411062462e-01 6.974654668657291268e+01 1.172196808870616235e-03
-4.480426176739996436e+00 -5.016786288128629590e-01 1.617101031418730073e-01 6.482103856662689623e+01 1.312017206494969302e-03
-4.895878939937022167e+00 -5.022198081134244818e-01 1.258693090184802854e-01 6.824395104578681526e+01 1.158909284171316754e-03
-4.895878939937022167e+00 -5.022198081134244818e-01 1.258693090184802854e-01 6.824395104578681526e+01 1.158909284171316754e-03
-4.720129253383493761e+00 -4.767401514401953255e-01 1.370925009160705865e-01 6.408561583340510026e+01 1.528489345559463485e-03
-4.974726825835811717e+00 -4.484686517077332013e-01 1.308429649027685049e-01 7.274171503560266672e+01 1.063837085835035896e-03
-4.974726825835811717e+00 -4.484686517077332013e-01 1.308429649027685049e-01 7.274171503560266672e+01 1.063837085835035896e-03
-4.641794301195496963e+00 -4.551530358923291941e-01 1.278026050381826650e-01 7.948428832447886805e+01 1.087266656836947173e-03
-4.641794301195496963e+00 -4.551530358923291941e-01 1.278026050381826650e-01 7.948428832447886805e+01 1.087266656836947173e-03
-3.950010007326728800e+00 -5.063342435673998665e-01 1.195308818933694672e-01 7.277602695724903015e+01 2.007688445940467373e-03
-3.868755075054254533e+00 -5.466821020606507098e-01 1.228201189421238987e-01 6.885202572325574977e+01 2.177777534073691186e-03
-3.302104792448310011e+00 -5.428533239263829691e-01 1.267353325900695826e-01 7.195439604229900965e+01 2.533337923670608838e-03
-3.099389220428300895e+00 -5.743276073320363606e-01 1.308279118231101545e-01 7.756712934742364496e+01 1.275200920537988055e-03
-3.099389220428300895e+00 -5.743276073320363606e-01 1.308279118231101545e-01 7.756712934742364496e+01 1.275200920537988055e-03
-3.104507069127378394e+00 -5.700841931855478162e-01 1.295579467646698069e-01 8.040224814574514767e+01 1.134800720956884515e-03
-3.104507069127378394e+00 -5.700841931855478162e-01 1.295579467646698069e-01 8.040224814574514767e+01 1.134800720956884515e-03
-3.551692142225697957e+00 -5.823596243373432291e-01 1.292116265608566628e-01 8.408595712661237087e+01 1.087237618758501913e-03
-3.551692142225697957e+00 -5.823596243373432291e-01 1.292116265608566628e-01 8.408595712661237087e+01 1.087237618758501913e-03
-3.169388031796174232e+00 -5.685081624755492502e-01 1.389864300317819878e-01 7.462288181356242944e+01 1.449851789375005296e-03
-3.402660337025336545e+00 -5.404986358065491103e-01 1.324603897167314637e-01 7.331080269106722369e+01 1.860410773136850389e-03
-3.987885268745356981e+00 -5.516939991406496491e-01 1.618882693324125432e-01 7.683726391222438679e+01 1.213766162664517510e-03
-4.298794360187023322e+00 -5.299132140618195708e-01 1.516998889542887086e-01 7.519598487862710101e+01 1.218298544486626179e-03
-4.452845328892069077e+00 -5.189954942316691300e-01 1.336482510597011841e-01 7.515114853269685113e+01 1.016532468646685807e-03
-4.452845328892069077e+00 -5.189954942316691300e-01 1.336482510597011841e-01 7.515114853269685113e+01 1.016532468646685807e-03
-4.591817388911747955e+00 -5.410663152350735361e-01 1.357290662561022321e-01 8.112775027147598905e+01 1.567231888957224982e-03
-4.591817388911747955e+00 -5.410663152350735361e-01 1.357290662561022321e-01 8.112775027147598905e+01 1.567231888957224982e-03
-3.731371666367376161e+00 -5.476737017203638924e-01 1.341270801045320593e-01 8.282219080309259596e+01 1.175751710532137520e-03
-3.966072359476665365e+00 -5.501806617270358357e-01 1.438193561080263749e-01 6.507213429521293335e+01 1.478604446696972496e-03
-3.281066548468514199e+00 -5.602848853488727743e-01 1.465518641089729734e-01 7.397511484588304143e+01 1.295840418702311897e-03
-3.296720385241381557e+00 -5.714957270132497991e-01 1.383342915846547394e-01 7.940878074889025129e+01 1.036066386517440433e-03
-3.878033129530805478e+00 -6.110128954743065943e-01 1.382909656854029723e-01 8.143493734657039340e+01 1.194227262510596990e-03
-3.490358121730206875e+00 -6.213779731103520332e-01 1.254040937991171278e-01 8.291825947359603788e+01 1.030533176903482891e-03
-3.073026305138264913e+00 -6.068875853757580430e-01 1.376352361822048842e-01 7.840667290847974868e+01 1.152775368429007335e-03
-3.674153909757741143e+00 -5.489508220456600363e-01 1.672808628831961575e-01 8.366691618730153834e+01 1.545319795082959833e-03
-3.607315272300946951e+00 -5.526665700482743526e-01 1.726346324882372385e-01 7.933223489452389288e+01 1.129600989473187114e-03
-3.993509780682687360e+00 -5.482951147695207528e-01 1.857214948261510234e-01 7.245899602075421342e+01 1.357101995008269451e-03
-3.812291688074925577e+00 -5.865182867610702067e-01 1.824702870000494137e-01 6.797972810570544766e+01 9.497262209881445795e-04
-3.615449356150358007e+00 -5.624081031952616883e-01 1.944695145327734742e-01 6.075099441956014346e+01 1.141098696480923828e-03
-4.362966669891559235e+00 -5.812287682763859209e-01 1.709287097839783109e-01 6.884043247573133328e+01 1.480866185629086925e-03
-4.597879205330547947e+00 -5.470298633032883995e-01 1.630417499917566904e-01 7.340020368795060790e+01 1.887185448193201076e-03
-4.372036796494510824e+00 -5.669930213023323118e-01 1.606032046649959188e-01 7.485589140958873600e+01 1.652956887900286411e-03
-4.372036796494510824e+00 -5.669930213023323118e-01 1.606032046649959188e-01 7.485589140958873600e+01 1.652956887900286411e-03
-4.157453851223235297e+00 -5.859094799053370384e-01 1.665249255094269909e-01 6.221679555345868096e+01 1.128970231059679826e-03
-3.869892141585526080e+00 -5.748063190385541699e-01 1.800208432639648914e-01 7.015032292307249406e+01 1.031182984642401964e-03
-3.869892141585526080e+00 -5.748063190385541699e-01 1.800208432639648914e-01 7.015032292307249406e+01 1.031182984642401964e-03
-3.869892141585526080e+00 -5.748063190385541699e-01 1.800208432639648914e-01 7.015032292307249406e+01 1.031182984642401964e-03
-3.531030561887078534e+00 -5.879789615611085152e-01 1.734438334203622645e-01 6.829699157992457970e+01 9.051271029306676066e-04
-3.531030561887078534e+00 -5.879789615611085152e-01 1.734438334203622645e-01 6.829699157992457970e+01 9.051271029306676066e-04
-3.305173486328612853e+00 -6.170858746884640977e-01 1.933386337818329692e-01 7.414681212898511831e+01 1.303050273146102132e-03
-3.305173486328612853e+00 -6.170858746884640977e-01 1.933386337818329692e-01 7.414681212898511831e+01 1.303050273146102132e-03
-3.305173486328612853e+00 -6.170858746884640977e-01 1.933386337818329692e-01 7.414681212898511831e+01 1.303050273146102132e-03
-3.334232877497432135e+00 -6.401768966166258013e-01 1.851753166749345036e-01 7.929896155429098314e+01 1.661284962234212733e-03
-3.334232877497432135e+00 -6.401768966166258013e-01 1.851753166749345036e-01 7.929896155429098314e+01 1.661284962234212733e-03
-3.564473903217899142e+00 -6.307641689684624353e-01 1.656883479570611939e-01 8.039448135107441828e+01 1.374008469487235677e-03
-4.136042381303518312e+00 -6.751912252856715480e-01 1.602496910942170782e-01 7.221501317820410293e+01 1.336282705664863834e-03
-4.395443297249510550e+00 -6.753811853096884921e-01 1.646638773005583145e-01 6.990229128921367874e+01 1.611804521282633696e-03
-3.617542354533236804e+00 -6.786179585689717797e-01 1.489708081747392610e-01 7.621283569846107753e+01 9.474574865009874640e-04
-3.470322847751296180e+00 -6.732055289835041645e-01 1.331096701892977574e-01 7.470390800423419364e+01 9.553041079583393441e-04
-3.494695667060119693e+00 -6.345922567118804647e-01 1.400381970035147472e-01 7.558450365382147140e+01 9.061596850150400485e-04
-3.531071131612071756e+00 -6.153187575532444997e-01 1.455863980985190875e-01 7.796036142319418616e+01 8.927499426891331077e-04
-3.456042617462648181e+00 -5.910323327074473720e-01 1.643483520827460909e-01 8.539621208281525355e+01 1.600090834472517537e-03
-3.198623041570436865e+00 -6.152849701276487115e-01 1.543470050633929946e-01 8.088501442947671194e+01 1.077909554895138244e-03
-3.479845427487808340e+00 -6.183887737862137080e-01 1.477813046660395591e-01 7.558559937565782150e+01 8.723002233605838332e-04
-3.538122080924872570e+00 -6.514087538723638549e-01 1.445847826504239320e-01 7.756976315282024359e+01 8.969983909846443795e-04
-3.790215665397864253e+00 -6.292124862164839572e-01 1.377476713542652165e-01 8.362482516162287993e+01 1.332642925240170272e-03
-3.790215665397864253e+00 -6.292124862164839572e-01 1.377476713542652165e-01 8.362482516162287993e+01 1.332642925240170272e-03
-3.790215665397864253e+00 -6.292124862164839572e-01 1.377476713542652165e-01 8.362482516162287993e+01 1.332642925240170272e-03
-4.085059949115793287e+00 -6.585787821217856663e-01 1.265862028440135900e-01 8.570072410451042799e+01 1.591629652684421053e-03
-4.030510797977773230e+00 -6.598697014155150420e-01 1.217904560355099475e-01 8.641139589453156589e+01 1.488889806794652972e-03
-3.988596383232142717e+00 -6.553111723767930386e-01 1.299533521206615305e-01 8.433350917262706048e+01 1.447870515067982162e-03
-4.355704381657231394e+00 -6.692451822795391081e-01 1.242996674506331306e-01 8.469174580266086139e+01 1.622830648887910437e-03
-4.716247236005336241e+00 -6.405184213115591163e-01 1.297223933731656009e-01 8.685387318216793062e+01 2.414205761065984970e-03
-4.367973510806049120e+00 -6.254100783938356667e-01 1.397410993128693490e-01 8.985125666346849016e+01 3.046809366327065186e-03
-3.561159262438486461e+00 -6.287105701232469368e-01 1.485420074963235693e-01 8.902698869115344849e+01 1.883478408879160626e-03
-3.567018746622654390e+00 -6.471962874616726813e-01 1.466616932025565923e-01 8.926950844544796837e+01 1.968545002788115155e-03
-3.021978548444492763e+00 -6.103854900039054066e-01 1.460416380215442678e-01 8.815570759717621740e+01 2.380771177328955615e-03
-3.337563395481666806e+00 -6.323152997343570725e-01 1.595920754264054664e-01 8.819798330470308656e+01 1.880945160113059282e-03
-3.337563395481666806e+00 -6.323152997343570725e-01 1.595920754264054664e-01 8.819798330470308656e+01 1.880945160113059282e-03
-3.563648319342298976e+00 -6.436486877968045084e-01 1.595882817294002609e-01 8.377440968917814246e+01 1.647663859744119596e-03
-3.563648319342298976e+00 -6.436486877968045084e-01 1.595882817294002609e-01 8.377440968917814246e+01 1.647663859744119596e-03
-3.148916747977482444e+00 -6.502566677002246109e-01 1.829446885827301639e-01 8.000742454376532464e+01 2.212546357791453280e-03
-3.493432539954046678e+00 -6.319095134686140147e-01 1.806847292390494908e-01 8.069366819556232429e+01 1.792492520713363183e-03
-3.917501222648859471e+00 -5.760068447378957623e-01 1.625336650468043320e-01 8.975681940536105685e+01 2.973169010475540039e-03
-3.815840738098453588e+00 -5.910739199334904548e-01 1.668912184379504615e-01 8.001205593027570728e+01 1.569116621941567431e-03
-3.512001803017455792e+00 -5.632454960559989399e-01 1.833828998556979450e-01 7.150394666203729344e+01 8.822504053717407368e-04
-3.879690913504926009e+00 -5.618361317483248074e-01 1.807653240899953773e-01 6.263634277255503946e+01 1.019347315099226100e-03
-3.996443442501889987e+00 -5.813177954831316718e-01 1.967276648695415464e-01 6.535864267081593937e+01 1.207290751042592453e-03
-3.996443442501889987e+00 -5.813177954831316718e-01 1.967276648695415464e-01 6.535864267081593937e+01 1.207290751042592453e-03
-4.497002631281890928e+00 -5.680220101234192409e-01 1.876290858502739911e-01 6.050159628391883615e+01 1.713050753993217070e-03
-4.497002631281890928e+00 -5.680220101234192409e-01 1.876290858502739911e-01 6.050159628391883615e+01 1.713050753993217070e-03
-4.497002631281890928e+00 -5.680220101234192409e-01 1.876290858502739911e-01 6.050159628391883615e+01 1.713050753993217070e-03
-3.872402378883793794e+00 -5.405423376195633844e-01 1.870326254160246393e-01 6.209754091838594547e+01 1.040264582729019064e-03
-3.439275312593471856e+00 -5.452428689883030977e-01 1.985359729439713228e-01 6.707594937790659628e+01 9.682406831300761473e-04
-3.439275312593471856e+00 -5.452428689883030977e-01 1.985359729439713228e-01 6.707594937790659628e+01 9.682406831300761473e-04
-3.439275312593471856e+00 -5.452428689883030977e-01 1.985359729439713228e-01 6.707594937790659628e+01 9.682406831300761473e-04
-3.583772075789943834e+00 -5.015640029331901451e-01 1.895935460696757113e-01 6.379657140195030962e+01 1.278333098612559511e-03
-3.747730442384188621e+00 -5.126418336210216697e-01 1.940146876240624041e-01 6.965114514087295561e+01 9.112584317889399661e-04
-3.747730442384188621e+00 -5.126418336210216697e-01 1.940146876240624041e-01 6.965114514087295561e+01 9.112584317889399661e-04
-3.747730442384188621e+00 -5.126418336210216697e-01 1.940146876240624041e-01 6.965114514087295561e+01 9.112584317889399661e-04
-3.633522668712158232e+00 -4.785157117803643945e-01 1.962134905809120311e-01 7.126402440600335808e+01 8.791728670241908371e-04
-3.633522668712158232e+00 -4.785157117803643945e-01 1.962134905809120311e-01 7.126402440600335808e+01 8.791728670241908371e-04
-3.269015370830893552e+00 -4.684175240221093994e-01 1.903646020679252704e-01 7.667082279202458039e+01 1.149849323536687989e-03
-3.269015370830893552e+00 -4.684175240221093994e-01 1.903646020679252704e-01 7.667082279202458039e+01 1.149849323536687989e-03
-3.269015370830893552e+00 -4.684175240221093994e-01 1.903646020679252704e-01 7.667082279202458039e+01 1.149849323536687989e-03
-3.405296491441365259e+00 -4.209926176635451212e-01 1.978363151020336164e-01 8.394058814801059043e+01 1.123844346522349154e-03
-3.988106006070419873e+00 -4.494934885240966516e-01 1.784548687297105307e-01 7.817486301119016900e+01 1.260448875235212381e-03
-4.338840967639638002e+00 -4.862486670153098878e-01 1.674800085322518672e-01 6.616023320031615640e+01 1.205952618901676588e-03
-4.105397900020310686e+00 -4.978742759078814140e-01 1.582678908253658534e-01 6.747438819289156697e+01 1.065751690271669015e-03
-3.748652632257981843e+00 -5.058107217185884297e-01 1.650054512618168157e-01 7.227037942135399362e+01 9.620749876932087330e-04
-3.152398338819971002e+00 -4.995432286405591116e-01 1.544137413846496110e-01 8.055764343861379473e+01 1.241016026177294007e-03
-4.062072954222772481e+00 -5.071462965989421701e-01 1.557022397036873784e-01 7.584258013872091908e+01 1.041584885688094826e-03
-4.062072954222772481e+00 -5.071462965989421701e-01 1.557022397036873784e-01 7.584258013872091908e+01 1.041584885688094826e-03
-4.062072954222772481e+00 -5.071462965989421701e-01 1.557022397036873784e-01 7.584258013872091908e+01 1.041584885688094826e-03
-3.119015676166262629e+00 -5.072358183339115145e-01 1.659673332898433384e-01 8.502654219094610255e+01 1.603926600877816563e-03
-3.119015676166262629e+00 -5.072358183339115145e-01 1.659673332898433384e-01 8.502654219094610255e+01 1.603926600877816563e-03
-3.997264176648971823e+00 -5.233728719229108206e-01 1.665240632458947212e-01 8.168047608541989746e+01 1.717906014032222813e-03
-4.173737336233172002e+00 -5.082378600978266769e-01 1.610561450105378878e-01 8.699378453376179721e+01 2.586019621236897593e-03
-4.338092072977833169e+00 -5.378997443632174136e-01 1.595591671505831588e-01 8.541938725958472389e+01 2.857546852222019387e-03
-3.568558353977537401e+00 -5.318900758354671021e-01 1.503695848939849977e-01 7.996329438266788259e+01 9.694102414901652979e-04
-3.568558353977537401e+00 -5.318900758354671021e-01 1.503695848939849977e-01 7.996329438266788259e+01 9.694102414901652979e-04
-3.918438553521152556e+00 -5.417085023038543667e-01 1.403128376083516426e-01 8.197640494898485031e+01 1.183712927466103008e-03
-3.315737093878093678e+00 -5.623925346614431220e-01 1.405954260440596126e-01 8.512601630370670591e+01 9.824796976635684874e-04
-4.137690906544460923e+00 -5.145503800475275114e-01 1.330158936428265104e-01 7.264908784761691152e+01 1.130146612984306168e-03
-4.137690906544460923e+00 -5.145503800475275114e-01 1.330158936428265104e-01 7.264908784761691152e+01 1.130146612984306168e-03
-4.416148870770768120e+00 -5.234441604600884590e-01 1.435191074630058627e-01 6.624053161448868821e+01 1.215399993116511373e-03
-4.540707084380793290e+00 -5.295582447547001470e-01 1.444195595310899249e-01 6.460105194385008076e+01 1.302745272147191186e-03
-4.595504144555130566e+00 -5.341955497914246953e-01 1.255573936238812971e-01 7.173781798858783532e+01 1.026790646401762059e-03
-4.595504144555130566e+00 -5.341955497914246953e-01 1.255573936238812971e-01 7.173781798858783532e+01 1.026790646401762059e-03
-4.257658213630250543e+00 -5.543184605924394992e-01 1.205056165125964751e-01 7.282569843932705567e+01 1.191071944933819919e-03
-4.477182976971232797e+00 -5.732484110683975231e-01 1.260008640965326332e-01 7.917647697544194330e+01 1.084830326514733389e-03
-4.185957405030860556e+00 -5.793206331314699753e-01 1.202459859392384645e-01 8.536139724072990020e+01 1.286625108147026065e-03
-4.048438376080030210e+00 -5.623022113443462144e-01 9.831021172390638774e-02 8.763681662304492193e+01 1.565046114098678047e-03
-4.048438376080030210e+00 -5.623022113443462144e-01 9.831021172390638774e-02 8.763681662304492193e+01 1.565046114098678047e-03
-4.506458243579426259e+00 -5.436680718948228019e-01 9.838666590816379232e-02 8.422847120369017659e+01 1.072669486445554463e-03
-4.506458243579426259e+00 -5.436680718948228019e-01 9.838666590816379232e-02 8.422847120369017659e+01 1.072669486445554463e-03
-4.506458243579426259e+00 -5.436680718948228019e-01 9.838666590816379232e-02 8.422847120369017659e+01 1.072669486445554463e-03
-4.506458243579426259e+00 -5.436680718948228019e-01 9.838666590816379232e-02 8.422847120369017659e+01 1.072669486445554463e-03
-4.503286890664463193e+00 -5.579274594277422450e-01 1.081427397507514071e-01 8.448372364724400541e+01 1.046742551931548887e-03
-4.503286890664463193e+00 -5.579274594277422450e-01 1.081427397507514071e-01 8.448372364724400541e+01 1.046742551931548887e-03
-4.503286890664463193e+00 -5.579274594277422450e-01 1.081427397507514071e-01 8.448372364724400541e+01 1.046742551931548887e-03
-4.951627084409810031e+00 -5.973861583025042998e-01 1.058378293498628275e-01 7.590121835267045469e+01 9.019062699470521867e-04
-4.952790613639996842e+00 -5.558961064806602348e-01 1.040205372845672410e-01 8.158173956136222671e+01 9.152339992106212508e-04
-4.952790613639996842e+00 -5.558961064806602348e-01 1.040205372845672410e-01 8.158173956136222671e+01 9.152339992106212508e-04
-4.781989254628901342e+00 -5.417195035110040635e-01 1.067413596750839966e-01 8.798013735975780492e+01 1.278575559980093222e-03
-4.765296603819482613e+00 -5.589541821283541267e-01 1.067805240168618192e-01 8.849006577740807700e+01 1.349770296996968821e-03
-4.362973158792646799e+00 -5.718678438027032795e-01 1.025806147437776372e-01 8.176562292015626099e+01 1.119342602892398064e-03
-4.362973158792646799e+00 -5.718678438027032795e-01 1.025806147437776372e-01 8.176562292015626099e+01 1.119342602892398064e-03
-4.362973158792646799e+00 -5.718678438027032795e-01 1.025806147437776372e-01 8.176562292015626099e+01 1.119342602892398064e-03
-4.362973158792646799e+00 -5.718678438027032795e-01 1.025806147437776372e-01 8.176562292015626099e+01 1.119342602892398064e-03
-4.362973158792646799e+00 -5.718678438027032795e-01 1.025806147437776372e-01 8.176562292015626099e+01 1.119342602892398064e-03
-4.646442714672197383e+00 -5.564807342623065978e-01 9.498161281741905604e-02 8.241369645394016175e+01 1.062758288081196070e-03
-4.646442714672197383e+00 -5.564807342623065978e-01 9.498161281741905604e-02 8.241369645394016175e+01 1.062758288081196070e-03
-4.646442714672197383e+00 -5.564807342623065978e-01 9.498161281741905604e-02 8.241369645394016175e+01 1.062758288081196070e-03
-4.646442714672197383e+00 -5.564807342623065978e-01 9.498161281741905604e-02 8.241369645394016175e+01 1.062758288081196070e-03
-4.635632309792327099e+00 -6.151624787393340510e-01 9.520051033425024067e-02 8.294210650023119058e+01 1.005342103731810032e-03
-4.714349143884263960e+00 -6.777531356733641488e-01 1.208664571831326723e-01 7.511364639130654552e+01 9.399436128280833601e-04
-4.744041707966113464e+00 -6.563698447852320816e-01 1.213316404683580096e-01 7.385281329860123378e+01 9.191307612263493066e-04
-4.792158685587141420e+00 -6.566453168727420797e-01 1.080782076795936825e-01 6.813384714523736818e+01 1.397488936077641731e-03
-4.763859929946663740e+00 -6.609673675069234200e-01 1.044339819218046139e-01 7.852708202681081673e+01 8.865459288089590825e-04
-4.763859929946663740e+00 -6.609673675069234200e-01 1.044339819218046139e-01 7.852708202681081673e+01 8.865459288089590825e-04
-4.763859929946663740e+00 -6.609673675069234200e-01 1.044339819218046139e-01 7.852708202681081673e+01 8.865459288089590825e-04
-4.099737858138201574e+00 -6.539418369257119501e-01 1.138166848487054267e-01 8.226226638000319724e+01 1.091458236836771126e-03
-4.475262001792128963e+00 -6.711751818911357859e-01 1.249459985018310931e-01 7.973809132100670638e+01 1.215091900536518794e-03
-4.508096754722161315e+00 -7.119279155195684661e-01 1.155339595185620460e-01 7.358321372736523358e+01 9.001221805734797247e-04
-4.843349318369120304e+00 -7.139553960859776893e-01 1.024256187309716543e-01 7.557819142419721459e+01 9.254643189688098893e-04
-4.923410708654296641e+00 -6.963087242420926692e-01 9.590062421761164080e-02 8.158113479576036298e+01 9.312552247940884820e-04
-4.923410708654296641e+00 -6.963087242420926692e-01 9.590062421761164080e-02 8.158113479576036298e+01 9.312552247940884820e-04
-4.257349294716420651e+00 -7.033215304149280644e-01 1.074849122925287948e-01 8.105136614960677832e+01 1.013411655425716391e-03
-4.257349294716420651e+00 -7.033215304149280644e-01 1.074849122925287948e-01 8.105136614960677832e+01 1.013411655425716391e-03
-4.257349294716420651e+00 -7.033215304149280644e-01 1.074849122925287948e-01 8.105136614960677832e+01 1.013411655425716391e-03
-4.347083856774431432e+00 -6.643866691316372419e-01 1.147604123799620124e-01 8.633768210378811148e+01 1.443205651829466626e-03
-4.348209315691762278e+00 -6.966634836133708264e-01 1.196803751063635624e-01 7.134022801410074521e+01 9.710644002739238136e-04
-4.348209315691762278e+00 -6.966634836133708264e-01 1.196803751063635624e-01 7.134022801410074521e+01 9.710644002739238136e-04
-4.013241042847912610e+00 -6.704065840201212101e-01 1.308618881226183694e-01 6.964237298193080505e+01 1.011431561851415355e-03
-3.618987978016734886e+00 -6.734898724108284718e-01 1.256011838624069565e-01 7.803962799882850732e+01 1.014538115545233479e-03
-3.618987978016734886e+00 -6.734898724108284718e-01 1.256011838624069565e-01 7.803962799882850732e+01 1.014538115545233479e-03
-3.577904669093853407e+00 -6.946851236574993482e-01 1.229673047857393897e-01 7.802613377280535190e+01 1.006542771112089573e-03
-3.574689038407082187e+00 -6.821378321151498891e-01 9.879240288172135009e-02 8.502140557521479991e+01 1.574051800076473745e-03
-3.619454244051595104e+00 -6.796962007833137198e-01 1.037901420853092616e-01 7.871270821644708349e+01 1.709918261631461663e-03
-3.358795567934565351e+00 -7.060576380158503085e-01 1.109545120368308907e-01 8.166365635158032887e+01 1.163215809728659770e-03
-3.519028635132942284e+00 -6.951316114012094927e-01 1.374551033006014833e-01 8.328174175828638681e+01 1.197956505425107820e-03
-3.994995112091587863e+00 -7.105218919065782179e-01 1.453563581577400621e-01 7.893249139365381950e+01 1.469927062240557105e-03
-3.970984135038209573e+00 -7.551232795835003397e-01 1.568674713109226015e-01 7.369412121751831535e+01 1.373737009374417350e-03
-3.463474180561502802e+00 -8.079031231686691905e-01 1.494425764045885785e-01 6.727604817609086751e+01 8.858153535604088979e-04
-3.596901154392714073e+00 -8.323533311444564209e-01 1.452147570936286602e-01 7.258028886219041453e+01 9.242550284810271272e-04
-4.268870986362458986e+00 -8.500219095020992155e-01 1.353268443374145702e-01 6.007387697694683482e+01 1.368765778649405672e-03
-4.164841860713202948e+00 -8.509357464854320208e-01 1.272136674866588268e-01 6.044593551240375717e+01 1.609493002750668218e-03
-3.956430781175924949e+00 -8.595006982940707196e-01 1.355417953924157037e-01 6.727680602685511246e+01 8.838618915056513110e-04
-4.613456788150528176e+00 -8.853607362781292789e-01 1.368502023863489570e-01 6.541105804826278813e+01 1.016782811677051021e-03
-4.676671837091778805e+00 -8.544785395844137765e-01 1.341523971745290367e-01 6.643566187657117439e+01 9.946787870985516252e-04
-4.676671837091778805e+00 -8.544785395844137765e-01 1.341523971745290367e-01 6.643566187657117439e+01 9.946787870985516252e-04
-4.179536997654615504e+00 -8.824332677061386132e-01 1.430167119282606258e-01 7.325315861579865384e+01 1.306665704853585261e-03
-4.179536997654615504e+00 -8.824332677061386132e-01 1.430167119282606258e-01 7.325315861579865384e+01 1.306665704853585261e-03
-3.938637241914678899e+00 -8.497510613194398932e-01 1.400196203366082803e-01 7.229703713489642780e+01 9.878265967356299020e-04
-4.209706744940757694e+00 -8.655888861420087954e-01 1.341886693440878797e-01 7.571072047648084435e+01 1.244703498347584768e-03
-4.607160252534591827e+00 -8.360495463958903528e-01 1.047840695228626773e-01 8.260215896942024472e+01 1.077134443427518436e-03
-4.125519345422450357e+00 -8.479137522842874475e-01 1.092087769051276192e-01 7.169621448906067940e+01 1.103058526122467718e-03
-4.177671804414798018e+00 -8.565369596943344099e-01 1.125445764246875702e-01 6.556012722383374580e+01 1.525032463979647621e-03
-4.177671804414798018e+00 -8.565369596943344099e-01 1.125445764246875702e-01 6.556012722383374580e+01 1.525032463979647621e-03
-4.650112330727612431e+00 -8.152075506725823262e-01 1.229085271837618010e-01 6.423748467858082734e+01 1.195623834604473898e-03
-4.650112330727612431e+00 -8.152075506725823262e-01 1.229085271837618010e-01 6.423748467858082734e+01 1.195623834604473898e-03
-4.259131648202949094e+00 -8.309566476118648293e-01 1.293875019927677728e-01 6.653165537967515775e+01 9.667300019819463543e-04
-4.036772712226500026e+00 -7.565769719268037319e-01 1.183018232430621819e-01 6.713841669743970897e+01 1.382503297300024863e-03
-4.917318078967422679e+00 -8.086032739843558304e-01 1.031663309524385175e-01 7.106509867112791312e+01 1.078993494239781359e-03
-4.969260155046486993e+00 -8.592955263962337442e-01 1.055889200395829924e-01 6.701273564741285327e+01 1.321871858338230640e-03
-4.656178210011327145e+00 -8.744901440446517515e-01 1.176356405670848787e-01 6.475836779333451432e+01 1.221810539931596652e-03
-4.775915577209625340e+00 -8.737346515954476089e-01 1.166091891426151994e-01 6.802993414826991625e+01 9.665655537868789431e-04
-4.775915577209625340e+00 -8.737346515954476089e-01 1.166091891426151994e-01 6.802993414826991625e+01 9.665655537868789431e-04
-4.090279454854870878e+00 -8.540939471841676456e-01 1.080861208515825206e-01 7.073332841507556168e+01 1.224459177044611834e-03
-3.657851579651058227e+00 -8.322661115735755510e-01 1.122508020265352846e-01 7.452841733318619788e+01 1.106329381132463343e-03
-3.624126601430966765e+00 -8.466955466402092956e-01 1.181202536686771498e-01 6.850109729724879060e+01 1.326356651270187842e-03
-3.489870592861552101e+00 -8.070564898791794395e-01 1.200726065966889050e-01 7.250489185414369331e+01 1.058088685147921034e-03
-3.489870592861552101e+00 -8.070564898791794395e-01 1.200726065966889050e-01 7.250489185414369331e+01 1.058088685147921034e-03
-3.541816096467461872e+00 -7.871080874941329686e-01 1.289699009964191401e-01 7.828046173628798954e+01 9.283724500534227056e-04
-3.833011248043904473e+00 -7.957533630299440386e-01 1.280032055196611007e-01 7.600865726076214912e+01 9.261405832801565888e-04
-3.466271789402991299e+00 -8.121000160642484200e-01 1.126912378428693018e-01 7.797958361538093186e+01 1.001383677488707500e-03
-3.573307022932368238e+00 -7.743248140750244035e-01 1.038829943388813737e-01 8.074116715437109804e+01 1.249252605374972114e-03
-3.093679462120352053e+00 -7.745280226254105393e-01 9.287054611677231231e-02 7.482868801442938889e+01 2.190575847820537894e-03
-3.292733230421082791e+00 -7.848835498016677459e-01 8.397583978286726758e-02 7.842960233065126374e+01 2.825142949619539792e-03
-3.292733230421082791e+00 -7.848835498016677459e-01 8.397583978286726758e-02 7.842960233065126374e+01 2.825142949619539792e-03
-3.192768609724454087e+00 -8.061324027509451096e-01 9.609781160919325660e-02 7.358403373653635526e+01 2.260151277755626832e-03
-3.192768609724454087e+00 -8.061324027509451096e-01 9.609781160919325660e-02 7.358403373653635526e+01 2.260151277755626832e-03
-3.715136224373422724e+00 -7.612870623382408386e-01 1.135225375164347628e-01 7.367021517200663538e+01 1.234208494557088517e-03
-3.937434504071275043e+00 -7.307812206342174655e-01 1.093426958780616826e-01 7.611458995974163599e+01 1.166926374481079814e-03
-3.732155105623142788e+00 -7.462340530036437602e-01 1.131545068468001874e-01 7.273042283478301329e+01 1.345578189644860197e-03
-3.073876011771449424e+00 -7.622271148583061873e-01 1.183609910315991665e-01 8.023958356607856501e+01 9.090511432332261908e-04
-3.590026503311080752e+00 -7.276638648653304120e-01 1.139239427512257763e-01 8.313966006992718860e+01 1.105535818879358357e-03
-3.590026503311080752e+00 -7.276638648653304120e-01 1.139239427512257763e-01 8.313966006992718860e+01 1.105535818879358357e-03
-3.055579159642396458e+00 -7.163357268639128916e-01 1.235594773988713674e-01 8.424556864754943319e+01 1.163007405672952885e-03
-3.091215239190164610e+00 -7.382687118681930949e-01 1.201009692602919426e-01 8.182020205715602401e+01 9.283058407542595439e-04
-3.425950794632950380e+00 -7.475630648559278280e-01 1.175687272729506044e-01 8.680009258194743893e+01 1.219256792429915682e-03
-3.909813805142884124e+00 -7.548303554910454904e-01 1.246837385238020318e-01 7.818485183237818603e+01 9.925635476570357323e-04
-3.909813805142884124e+00 -7.548303554910454904e-01 1.246837385238020318e-01 7.818485183237818603e+01 9.925635476570357323e-04
-3.909813805142884124e+00 -7.548303554910454904e-01 1.246837385238020318e-01 7.818485183237818603e+01 9.925635476570357323e-04
-4.605240932503845919e+00 -7.381342992323972618e-01 1.377097636230420197e-01 7.608736812152956475e+01 1.494527754650804355e-03
-4.531184973872618649e+00 -7.314030783814982062e-01 1.426763342597286155e-01 6.734948968277730330e+01 1.072223598632255932e-03
-4.295631851133990153e+00 -7.147330615272420307e-01 1.548286919109360393e-01 6.406169432461285851e+01 1.085904775072748119e-03
-4.577525542118544344e+00 -7.514348016581390288e-01 1.593435840073691157e-01 6.686475227054822312e+01 1.480722005273571798e-03
-3.852153883961238812e+00 -6.815084757985767627e-01 1.755853574444358745e-01 6.274137224863041951e+01 9.866455705512156178e-04
-3.852153883961238812e+00 -6.815084757985767627e-01 1.755853574444358745e-01 6.274137224863041951e+01 9.866455705512156178e-04
-4.143420792584174173e+00 -6.932777686253037697e-01 1.590213152517247208e-01 6.366311748047176167e+01 1.032857645810577631e-03
-4.143420792584174173e+00 -6.932777686253037697e-01 1.590213152517247208e-01 6.366311748047176167e+01 1.032857645810577631e-03
-4.686074223543030826e+00 -6.988208030865858955e-01 1.662129962876419120e-01 6.890953291218251309e+01 1.927435853321428621e-03
-4.425661373062643733e+00 -7.147470939520965683e-01 1.596213275164488077e-01 7.179424346257151512e+01 1.722469726211749716e-03
-4.203840807383118161e+00 -7.367563349505260595e-01 1.543367372125536430e-01 6.838607393422191194e+01 1.106136199692893049e-03
-4.203840807383118161e+00 -7.367563349505260595e-01 1.543367372125536430e-01 6.838607393422191194e+01 1.106136199692893049e-03
-4.203840807383118161e+00 -7.367563349505260595e-01 1.543367372125536430e-01 6.838607393422191194e+01 1.106136199692893049e-03
-4.345432451993795908e+00 -7.727632241338728836e-01 1.441125998097810557e-01 6.073425085750907471e+01 1.232375817237171996e-03
-4.759058297020174244e+00 -7.646854308560629976e-01 1.471668795322616519e-01 6.169240767223739397e+01 1.227326380640913692e-03
-4.732043519961861122e+00 -7.508099865349574520e-01 1.587009603190532858e-01 6.642650431865602911e+01 1.526065998403138436e-03
-4.732043519961861122e+00 -7.508099865349574520e-01 1.587009603190532858e-01 6.642650431865602911e+01 1.526065998403138436e-03
-4.157529580033265226e+00 -7.087806427317685509e-01 1.561173502969273041e-01 6.992764017039107216e+01 1.150780371136568645e-03
-3.986612408771583294e+00 -6.873622208005859546e-01 1.540133306774907340e-01 7.389846699068657188e+01 1.167625924142929109e-03
-3.964557155113445308e+00 -6.558672622265698804e-01 1.581750810020597364e-01 7.895050773968569047e+01 1.685239545431450707e-03
-3.989118837253908367e+00 -6.383376232773249059e-01 1.407129412040380168e-01 8.715154969037860155e+01 2.109884670231787409e-03
-3.325222649715578793e+00 -6.319881222318032288e-01 1.564229448578992876e-01 8.538197101257767940e+01 1.444380759095222544e-03
-3.635832759289888472e+00 -6.430678223863556253e-01 1.534386480203473735e-01 8.048066859052791244e+01 1.246754194529951700e-03
-3.544008032666225105e+00 -6.081265166859792792e-01 1.654896314808538271e-01 7.853620574471270288e+01 1.099128516440117231e-03
-3.340376850131361319e+00 -5.969958831601676064e-01 1.572636093115086509e-01 7.952881055745126559e+01 9.486686970392669681e-04
-3.340376850131361319e+00 -5.969958831601676064e-01 1.572636093115086509e-01 7.952881055745126559e+01 9.486686970392669681e-04
-3.367672514117094007e+00 -6.377751007937773053e-01 1.485953466867441508e-01 6.791549836562613507e+01 1.266851758976940369e-03
-3.197649422279640774e+00 -6.709518484603314015e-01 1.302445361209526309e-01 7.755014399831438254e+01 9.585344056069781613e-04
-3.960263467903017531e+00 -6.721141189177182174e-01 1.316458172756833633e-01 7.663213053947470144e+01 9.528752810417015755e-04
-3.960263467903017531e+00 -6.721141189177182174e-01 1.316458172756833633e-01 7.663213053947470144e+01 9.528752810417015755e-04
-3.924107672165326299e+00 -6.891574166603350315e-01 1.337569555886380379e-01 8.450052380058130552e+01 1.619001984140329246e-03
-3.924107672165326299e+00 -6.891574166603350315e-01 1.337569555886380379e-01 8.450052380058130552e+01 1.619001984140329246e-03
-4.174297305631037069e+00 -7.009242135952756803e-01 1.382461666527329269e-01 8.698400918358034062e+01 2.478994871543435934e-03
-3.604504331032374775e+00 -6.738925224711265205e-01 1.190969783358324097e-01 8.077424581793660252e+01 1.093557194897775212e-03
-3.372636717022794439e+00 -6.901380492171010905e-01 1.222122517258617952e-01 8.610967970649818426e+01 1.119150612786787204e-03
-3.996960191686078190e+00 -6.363942180675272731e-01 1.191300260963854690e-01 7.907718169126691521e+01 1.034471025209961204e-03
-4.858707234212083392e+00 -5.819942330035045019e-01 1.016013738934734845e-01 8.285510047787407473e+01 9.360642280897517450e-04
-4.487523351325442889e+00 -5.495310027983708601e-01 9.316822491414072926e-02 8.688099855263054394e+01 1.162603762803751488e-03
-4.304980455854375165e+00 -5.164956076284863418e-01 1.286743673482118322e-01 8.187737344538500395e+01 1.158975887948445263e-03
-4.090817926944141369e+00 -5.005424033296059783e-01 1.273023234716474106e-01 8.797960043264572505e+01 1.469313317880477886e-03
-3.545938791839574389e+00 -4.830688575976940791e-01 1.527110225077124295e-01 8.969114647148201414e+01 1.293811139813237556e-03
-3.324482646044779610e+00 -4.919034651547725678e-01 1.481547672636636948e-01 8.765947735808369146e+01 1.049396058118974009e-03
-3.324482646044779610e+00 -4.919034651547725678e-01 1.481547672636636948e-01 8.765947735808369146e+01 1.049396058118974009e-03
-3.324482646044779610e+00 -4.919034651547725678e-01 1.481547672636636948e-01 8.765947735808369146e+01 1.049396058118974009e-03
-3.240316948691792653e+00 -4.940456148703647465e-01 1.504992225334420841e-01 8.823134239490767072e+01 9.882940974477896594e-04
-3.879741991408888424e+00 -5.008301894318963887e-01 1.541620938555641751e-01 8.621152779037721814e+01 1.617369913755813647e-03
-3.928815613000974150e+00 -4.608037948755004942e-01 1.496838593674351126e-01 8.398691980071448882e+01 1.303929249153150914e-03
-3.928815613000974150e+00 -4.608037948755004942e-01 1.496838593674351126e-01 8.398691980071448882e+01 1.303929249153150914e-03
-3.393108903193139181e+00 -4.446594582411113605e-01 1.504183226855373146e-01 8.802664930574988489e+01 1.219559556746216671e-03
-3.577481070090562376e+00 -4.714094406639027235e-01 1.358717137026960176e-01 8.471598303353246706e+01 1.375952309535632967e-03
-3.535708305363168602e+00 -4.901625992358252804e-01 1.363605176291843024e-01 8.000189997936436725e+01 1.408439680124719609e-03
-3.077039544030201412e+00 -5.044011803074340827e-01 1.443684126416651115e-01 8.440366970709884242e+01 1.334376733353724934e-03
-3.069198657195298718e+00 -5.383010071502949412e-01 1.382372960421251185e-01 8.006293424987612184e+01 1.251954103274918566e-03
-3.076881201189570092e+00 -5.474804039928732324e-01 1.621573690253235722e-01 8.339618096059587060e+01 1.855576652806968478e-03
-3.060759913830076950e+00 -5.444866877441089104e-01 1.875666738341544015e-01 8.199369153223609885e+01 2.850312766907617083e-03
-3.219949781070788664e+00 -5.485818394594934588e-01 1.949105273791784665e-01 8.318004197349350193e+01 1.857722457831919964e-03
-3.375428099914694169e+00 -5.551645533944254973e-01 1.866211651482304335e-01 8.974499474234386298e+01 2.410558634336986729e-03
-3.053334802904057010e+00 -5.595544538365846421e-01 1.943041201671660556e-01 8.544608693778640429e+01 3.751227403019710260e-03
-3.202116442027592491e+00 -5.952529762277152248e-01 1.992108027715785989e-01 8.160181540545127632e+01 2.277911467006915863e-03
-3.462461774807714221e+00 -6.332623227893363627e-01 1.870993535525475315e-01 7.877132253060277378e+01 1.740895366428981891e-03
-3.462461774807714221e+00 -6.332623227893363627e-01 1.870993535525475315e-01 7.877132253060277378e+01 1.740895366428981891e-03
-3.622330213993805614e+00 -6.713623266489510133e-01 1.845417456847137372e-01 6.683020937463301436e+01 9.660570919448677185e-04
-3.622330213993805614e+00 -6.713623266489510133e-01 1.845417456847137372e-01 6.683020937463301436e+01 9.660570919448677185e-04
-3.622330213993805614e+00 -6.713623266489510133e-01 1.845417456847137372e-01 6.683020937463301436e+01 9.660570919448677185e-04
-3.622330213993805614e+00 -6.713623266489510133e-01 1.845417456847137372e-01 6.683020937463301436e+01 9.660570919448677185e-04
-3.854400394664107665e+00 -6.768852267604138495e-01 1.918895026199182174e-01 6.395412393737944967e+01 1.179146480128056944e-03
-3.471985797389733008e+00 -6.754242307483574459e-01 1.754906862545239643e-01 6.381068169387359745e+01 9.956122565543490486e-04
-3.422495148632172413e+00 -6.295925606229367810e-01 1.750223137399272155e-01 6.762835318425274522e+01 9.217380063819050583e-04
-3.422495148632172413e+00 -6.295925606229367810e-01 1.750223137399272155e-01 6.762835318425274522e+01 9.217380063819050583e-04
-3.422495148632172413e+00 -6.295925606229367810e-01 1.750223137399272155e-01 6.762835318425274522e+01 9.217380063819050583e-04
-3.417040190258491705e+00 -6.363110622801750882e-01 1.736821976344133933e-01 6.865243948213689862e+01 9.045787119722134562e-04
-3.271196786166111981e+00 -6.282501549363338489e-01 1.561824445167936393e-01 7.114473237286675555e+01 1.051830663613940618e-03
-3.271196786166111981e+00 -6.282501549363338489e-01 1.561824445167936393e-01 7.114473237286675555e+01 1.051830663613940618e-03
-3.271196786166111981e+00 -6.282501549363338489e-01 1.561824445167936393e-01 7.114473237286675555e+01 1.051830663613940618e-03
-3.879017130710871619e+00 -6.144862107858708455e-01 1.727483110432802837e-01 6.799261564912595190e+01 9.479857212285301704e-04
-3.521363272626082619e+00 -6.459802215674623760e-01 1.705356732808196163e-01 7.377846905650466169e+01 9.954457132676165949e-04
-3.246900738895948102e+00 -6.128517394132567686e-01 1.727689866996988399e-01 7.808286350028400591e+01 1.188885262141878502e-03
-3.246900738895948102e+00 -6.128517394132567686e-01 1.727689866996988399e-01 7.808286350028400591e+01 1.188885262141878502e-03
-3.280163947037359584e+00 -6.247876114532193714e-01 1.641074195479507447e-01 7.997850058712043619e+01 1.129570444078562864e-03
-3.411598564446126414e+00 -6.253049511145064576e-01 1.918141835766333514e-01 7.305165790453131081e+01 1.223889724871918706e-03
-3.411598564446126414e+00 -6.253049511145064576e-01 1.918141835766333514e-01 7.305165790453131081e+01 1.223889724871918706e-03
-3.411598564446126414e+00 -6.253049511145064576e-01 1.918141835766333514e-01 7.305165790453131081e+01 1.223889724871918706e-03
-3.411598564446126414e+00 -6.253049511145064576e-01 1.918141835766333514e-01 7.305165790453131081e+01 1.223889724871918706e-03
-3.934563447770058620e+00 -6.104763729113161785e-01 1.828467961644353601e-01 6.721585471407431100e+01 1.079049653873893726e-03
-3.934563447770058620e+00 -6.104763729113161785e-01 1.828467961644353601e-01 6.721585471407431100e+01 1.079049653873893726e-03
-3.697605609393954218e+00 -5.704110457562110437e-01 1.684036885819923113e-01 7.593668684024302706e+01 1.025632351525780986e-03
-3.697605609393954218e+00 -5.704110457562110437e-01 1.684036885819923113e-01 7.593668684024302706e+01 1.025632351525780986e-03
-3.697605609393954218e+00 -5.704110457562110437e-01 1.684036885819923113e-01 7.593668684024302706e+01 1.025632351525780986e-03
-3.697605609393954218e+00 -5.704110457562110437e-01 1.684036885819923113e-01 7.593668684024302706e+01 1.025632351525780986e-03
-3.697605609393954218e+00 -5.704110457562110437e-01 1.684036885819923113e-01 7.593668684024302706e+01 1.025632351525780986e-03
-3.697605609393954218e+00 -5.704110457562110437e-01 1.684036885819923113e-01 7.593668684024302706e+01 1.025632351525780986e-03
-3.697605609393954218e+00 -5.704110457562110437e-01 1.684036885819923113e-01 7.593668684024302706e+01 1.025632351525780986e-03
-3.697605609393954218e+00 -5.704110457562110437e-01 1.684036885819923113e-01 7.593668684024302706e+01 1.025632351525780986e-03
-3.697605609393954218e+00 -5.704110457562110437e-01 1.684036885819923113e-01 7.593668684024302706e+01 1.025632351525780986e-03
-3.697605609393954218e+00 -5.704110457562110437e-01 1.684036885819923113e-01 7.593668684024302706e+01 1.025632351525780986e-03
-3.792819620299125116e+00 -5.989414184410292163e-01 1.806971287366453682e-01 7.075051523200285430e+01 1.056458208052451272e-03
-3.585772955746242108e+00 -5.948694916664789556e-01 1.845065190188578119e-01 6.561762273681128477e+01 9.088338794956564827e-04
-3.585772955746242108e+00 -5.948694916664789556e-01 1.845065190188578119e-01 6.561762273681128477e+01 9.088338794956564827e-04
-3.585772955746242108e+00 -5.948694916664789556e-01 1.845065190188578119e-01 6.561762273681128477e+01 9.088338794956564827e-04
-3.367208148296379822e+00 -6.166543835007982644e-01 1.973086014391379761e-01 6.856086647724956151e+01 1.070822019528364089e-03
-3.661839279064014629e+00 -5.997167491357794367e-01 1.807465209542654661e-01 6.750057751047907573e+01 8.634713504493087737e-04
-3.323467747476113399e+00 -6.065678215330579937e-01 1.967816636133921382e-01 6.856673711757919421e+01 1.100513515222294961e-03
-3.095626084950683143e+00 -6.025243809597262690e-01 1.860183557129533594e-01 6.852403588331067397e+01 1.872948157015029598e-03
-3.750680182824527531e+00 -6.095659152938316394e-01 1.659839991254685732e-01 7.458460524488145893e+01 1.054287871735417681e-03
-4.180057293476735936e+00 -6.223623808379689093e-01 1.754351810174613613e-01 6.605139845362702999e+01 1.235259020915663569e-03
-4.180057293476735936e+00 -6.223623808379689093e-01 1.754351810174613613e-01 6.605139845362702999e+01 1.235259020915663569e-03
-4.180057293476735936e+00 -6.223623808379689093e-01 1.754351810174613613e-01 6.605139845362702999e+01 1.235259020915663569e-03
-4.180057293476735936e+00 -6.223623808379689093e-01 1.754351810174613613e-01 6.605139845362702999e+01 1.235259020915663569e-03
-4.180057293476735936e+00 -6.223623808379689093e-01 1.754351810174613613e-01 6.605139845362702999e+01 1.235259020915663569e-03
-4.532029654867945290e+00 -6.223739271636428150e-01 1.646004229733366298e-01 6.471491029485098068e+01 1.396910479189954982e-03
-4.377430498698508643e+00 -6.055197171582448190e-01 1.766844524437076458e-01 6.288942371992042268e+01 1.406517522391835659e-03
-4.111684891157691979e+00 -6.612120486802809394e-01 1.765852421859257504e-01 6.262567830120863022e+01 1.140671977007305573e-03
-4.008960688414363815e+00 -6.631256689904377888e-01 1.855830841256537467e-01 6.381892848693505726e+01 1.177486763655143185e-03
-4.528867818254950883e+00 -6.659018569928193410e-01 1.666933461746179790e-01 6.155078072797199695e+01 1.409450120896015447e-03
-4.528867818254950883e+00 -6.659018569928193410e-01 1.666933461746179790e-01 6.155078072797199695e+01 1.409450120896015447e-03
-4.177276663559553072e+00 -7.251697078392758122e-01 1.707032408468041607e-01 6.073670220821228583e+01 1.186881528207149985e-03
-3.567637783632595649e+00 -7.377822505398622388e-01 1.651932352400534432e-01 6.533422300769773017e+01 9.076007182438705721e-04
-4.234209884840982596e+00 -7.036158315880778336e-01 1.617980924058577963e-01 7.298490286027880813e+01 1.654288717668082366e-03
-3.882487973528584213e+00 -6.775350501819779048e-01 1.660585284590098687e-01 6.747677846281564484e+01 9.502545248806300478e-04
-3.484203928790755356e+00 -7.291396036888438958e-01 1.542581910566045156e-01 6.404744114245971787e+01 1.095420004000028551e-03
-3.889839555201842991e+00 -8.039798737181593768e-01 1.310620919436781828e-01 6.739989480077154838e+01 9.802662287141227643e-04
-4.191798338430806403e+00 -8.214726550289267459e-01 1.385856912900167437e-01 6.628439423796724839e+01 9.329287936320393958e-04
-4.191798338430806403e+00 -8.214726550289267459e-01 1.385856912900167437e-01 6.628439423796724839e+01 9.329287936320393958e-04
-3.688331367205157196e+00 -8.121137227743963072e-01 1.365453383517982733e-01 7.471622213117738909e+01 9.307935267452405962e-04
-3.987708946317852998e+00 -7.793612829149573207e-01 1.536350510185968965e-01 7.065655404125531902e+01 1.102295818556429333e-03
-3.987708946317852998e+00 -7.793612829149573207e-01 1.536350510185968965e-01 7.065655404125531902e+01 1.102295818556429333e-03
-3.818785996282655582e+00 -8.129798472754695693e-01 1.366582036042853776e-01 7.467094104416202072e+01 9.735678915889427014e-04
-4.110672865907130102e+00 -8.177205664407759533e-01 1.423183253021868822e-01 6.956658744138701422e+01 9.592230345269107776e-04
-3.744550653775433169e+00 -7.818121942312667993e-01 1.401610340033915270e-01 7.508967207861444138e+01 9.897475184232459779e-04
-3.972012331156388854e+00 -8.222966389306918256e-01 1.331689626086538791e-01 7.574164760802069907e+01 1.049218802842335780e-03
-4.022504212086246866e+00 -7.798305282906674574e-01 1.195262391268447771e-01 6.899016562713903511e+01 1.127136571685249857e-03
-4.022504212086246866e+00 -7.798305282906674574e-01 1.195262391268447771e-01 6.899016562713903511e+01 1.127136571685249857e-03
-4.077737885609417745e+00 -8.069783117754548707e-01 1.266342877480230444e-01 6.319617125493821419e+01 1.380918003230626780e-03
-3.576034647980026016e+00 -8.599312068030421363e-01 1.226322838975310997e-01 6.735058129481981837e+01 1.259579488733396455e-03
-3.368743148733411630e+00 -8.476712744270246125e-01 1.395698345904916315e-01 7.098986451029124112e+01 8.495813189037053868e-04
-3.651947130229611371e+00 -8.391742063906295623e-01 1.507506182974354403e-01 6.931131672775563857e+01 8.968252339805770669e-04
-3.448575827954358797e+00 -8.718249791295222817e-01 1.576988129408599670e-01 7.203152867978090512e+01 1.180285320543768279e-03
-3.448575827954358797e+00 -8.718249791295222817e-01 1.576988129408599670e-01 7.203152867978090512e+01 1.180285320543768279e-03
-3.726963242147418143e+00 -8.788542752599021179e-01 1.501250017971899886e-01 7.624677283294553831e+01 1.518032826868254311e-03
-3.429842074051541179e+00 -9.477447621931264221e-01 1.431057307840580550e-01 6.928515075570939530e+01 8.846048486154979573e-04
-3.607476225505338530e+00 -9.397361619221332729e-01 1.487854688172564055e-01 6.311708278782458592e+01 9.584050064428899056e-04
-4.257229365046832470e+00 -9.641343778163832257e-01 1.359395915661867904e-01 6.856491068641386732e+01 9.541092306778639317e-04
-4.257229365046832470e+00 -9.641343778163832257e-01 1.359395915661867904e-01 6.856491068641386732e+01 9.541092306778639317e-04
-4.194402748491032895e+00 -9.740126265693263008e-01 1.380256919586739794e-01 6.380605149614149951e+01 9.757647071717934044e-04
-4.625321013540357740e+00 -9.740790198269049238e-01 1.264177065022884794e-01 6.075425914119783499e+01 1.350748280095039749e-03
-4.723192663675228609e+00 -9.657648888980372437e-01 1.343208835713200489e-01 7.721697543290477483e+01 1.758549205136716734e-03
