-4.438951528854736317e+00 -1.447498238898432543e-01 1.926135624108300803e-01 7.428802523486741904e+01 4.165106709630253881e-03
-4.398785987699647571e+00 -1.548941337338895496e-01 1.594146522526465326e-01 8.268432171343943082e+01 3.969434789189501059e-03
-4.906334785596311754e+00 -1.677752546714370574e-01 1.410626501100571695e-01 8.245602255176947892e+01 1.802672432780212230e-03
-4.906334785596311754e+00 -1.677752546714370574e-01 1.410626501100571695e-01 8.245602255176947892e+01 1.802672432780212230e-03
-4.906334785596311754e+00 -1.677752546714370574e-01 1.410626501100571695e-01 8.245602255176947892e+01 1.802672432780212230e-03
-4.906334785596311754e+00 -1.677752546714370574e-01 1.410626501100571695e-01 8.245602255176947892e+01 1.802672432780212230e-03
-4.544836910969471511e+00 -1.817385356258318929e-01 1.503156812909514917e-01 8.990258141632607192e+01 1.850946477661046582e-03
-4.989832524970760907e+00 -1.852693736361573362e-01 1.304044961685584814e-01 8.351173438105399782e+01 1.468827005987090404e-03
-4.989832524970760907e+00 -1.852693736361573362e-01 1.304044961685584814e-01 8.351173438105399782e+01 1.468827005987090404e-03
-4.989832524970760907e+00 -1.852693736361573362e-01 1.304044961685584814e-01 8.351173438105399782e+01 1.468827005987090404e-03
-4.989832524970760907e+00 -1.852693736361573362e-01 1.304044961685584814e-01 8.351173438105399782e+01 1.468827005987090404e-03
-4.736433229754437590e+00 -1.874494934330870610e-01 1.338480683274165250e-01 8.669463715926418956e+01 1.679168110645924477e-03
-4.736433229754437590e+00 -1.874494934330870610e-01 1.338480683274165250e-01 8.669463715926418956e+01 1.679168110645924477e-03
-4.736433229754437590e+00 -1.874494934330870610e-01 1.338480683274165250e-01 8.669463715926418956e+01 1.679168110645924477e-03
-4.736433229754437590e+00 -1.874494934330870610e-01 1.338480683274165250e-01 8.669463715926418956e+01 1.679168110645924477e-03
-4.875464912210818014e+00 -1.866645835863763314e-01 1.405196365865845898e-01 7.719890446014686347e+01 2.048032656376217679e-03
-4.875464912210818014e+00 -1.866645835863763314e-01 1.405196365865845898e-01 7.719890446014686347e+01 2.048032656376217679e-03
-4.705356911124400021e+00 -1.776458497292829342e-01 1.292506427730444607e-01 8.566046875237486802e+01 2.148164649430570235e-03
-4.705356911124400021e+00 -1.776458497292829342e-01 1.292506427730444607e-01 8.566046875237486802e+01 2.148164649430570235e-03
-4.968932295962846801e+00 -1.688532960524752047e-01 1.640890725083009316e-01 8.096878386549103368e+01 1.893512358630009777e-03
-4.685188072417282079e+00 -1.778545121686000985e-01 1.501580773844647387e-01 7.674569335513626811e+01 2.648397906448379281e-03
-4.685188072417282079e+00 -1.778545121686000985e-01 1.501580773844647387e-01 7.674569335513626811e+01 2.648397906448379281e-03
-4.454082804469965851e+00 -1.849910164448203276e-01 1.400077251448308413e-01 7.649315454303602735e+01 4.054994057431583060e-03
-4.954664850063287496e+00 -1.918520444721479867e-01 1.473196861129665025e-01 6.760039155251052989e+01 2.881454935528915927e-03
-4.742865161643337935e+00 -1.717274242272706086e-01 1.421090111059972461e-01 7.432039230253408846e+01 3.251412280335128774e-03
-4.828004453646019378e+00 -1.813758242223242612e-01 1.400011363641308904e-01 7.531575690414035762e+01 2.555370465755365649e-03
-4.769450563339024285e+00 -1.665362130835298660e-01 1.518652295950355391e-01 8.288974105415269378e+01 1.969380348934728076e-03
-4.769450563339024285e+00 -1.665362130835298660e-01 1.518652295950355391e-01 8.288974105415269378e+01 1.969380348934728076e-03
-4.769450563339024285e+00 -1.665362130835298660e-01 1.518652295950355391e-01 8.288974105415269378e+01 1.969380348934728076e-03
-4.846430201468374221e+00 -1.729237305984235862e-01 1.519918147769231676e-01 8.715079805924156631e+01 1.671661752611149467e-03
-4.731604237093919529e+00 -1.776836207687819136e-01 1.502614659026594301e-01 8.762473554962782885e+01 1.668580419542609224e-03
-4.731604237093919529e+00 -1.776836207687819136e-01 1.502614659026594301e-01 8.762473554962782885e+01 1.668580419542609224e-03
-4.731604237093919529e+00 -1.776836207687819136e-01 1.502614659026594301e-01 8.762473554962782885e+01 1.668580419542609224e-03
-4.772429474613758771e+00 -1.797180457769489981e-01 1.692410947478550365e-01 8.196568099990176393e+01 1.888201330509737142e-03
-4.772429474613758771e+00 -1.797180457769489981e-01 1.692410947478550365e-01 8.196568099990176393e+01 1.888201330509737142e-03
-4.942117912016945169e+00 -1.977535380157209588e-01 1.736883127799511983e-01 7.906670111618116437e+01 2.077169434862676922e-03
-4.942117912016945169e+00 -1.977535380157209588e-01 1.736883127799511983e-01 7.906670111618116437e+01 2.077169434862676922e-03
-4.746884990589062880e+00 -2.069645533623454825e-01 1.361716606493932058e-01 8.165258092544561919e+01 1.708348753322381846e-03
-4.999940280758713662e+00 -1.977685826941829872e-01 1.398006458531465268e-01 7.691929654575329778e+01 1.674443001575133105e-03
-4.999940280758713662e+00 -1.977685826941829872e-01 1.398006458531465268e-01 7.691929654575329778e+01 1.674443001575133105e-03
-4.999940280758713662e+00 -1.977685826941829872e-01 1.398006458531465268e-01 7.691929654575329778e+01 1.674443001575133105e-03
-4.999940280758713662e+00 -1.977685826941829872e-01 1.398006458531465268e-01 7.691929654575329778e+01 1.674443001575133105e-03
-4.999940280758713662e+00 -1.977685826941829872e-01 1.398006458531465268e-01 7.691929654575329778e+01 1.674443001575133105e-03
-4.999940280758713662e+00 -1.977685826941829872e-01 1.398006458531465268e-01 7.691929654575329778e+01 1.674443001575133105e-03
-4.999940280758713662e+00 -1.977685826941829872e-01 1.398006458531465268e-01 7.691929654575329778e+01 1.674443001575133105e-03
-4.740569762665025166e+00 -2.049673998322598112e-01 1.419489987179540780e-01 7.694875076853143980e+01 2.082791338064547779e-03
-4.740569762665025166e+00 -2.049673998322598112e-01 1.419489987179540780e-01 7.694875076853143980e+01 2.082791338064547779e-03
-4.740569762665025166e+00 -2.049673998322598112e-01 1.419489987179540780e-01 7.694875076853143980e+01 2.082791338064547779e-03
-4.740569762665025166e+00 -2.049673998322598112e-01 1.419489987179540780e-01 7.694875076853143980e+01 2.082791338064547779e-03
-4.740569762665025166e+00 -2.049673998322598112e-01 1.419489987179540780e-01 7.694875076853143980e+01 2.082791338064547779e-03
-4.250987939546480909e+00 -2.107846330801934620e-01 1.894217747910439120e-01 7.347185860396929513e+01 2.788164937687215295e-03
-4.250987939546480909e+00 -2.107846330801934620e-01 1.894217747910439120e-01 7.347185860396929513e+01 2.788164937687215295e-03
-3.999284454300880753e+00 -2.324016202201331927e-01 1.750168459398273313e-01 7.251209550830535022e+01 4.372697485379275877e-03
-3.999284454300880753e+00 -2.324016202201331927e-01 1.750168459398273313e-01 7.251209550830535022e+01 4.372697485379275877e-03
-3.999284454300880753e+00 -2.324016202201331927e-01 1.750168459398273313e-01 7.251209550830535022e+01 4.372697485379275877e-03
-4.331266515676086115e+00 -2.401504419502121235e-01 1.968655660577385003e-01 7.284079472928017651e+01 1.840221461488767297e-03
-4.798095363447829165e+00 -2.442255067917541989e-01 1.862156658523756725e-01 7.808821047155802830e+01 2.368418508734591085e-03
-4.450971394349990895e+00 -2.398361011952234445e-01 1.802369328858129671e-01 8.568007665963345687e+01 1.833893298781933291e-03
-4.256907093642283257e+00 -2.359417374291731817e-01 1.962828867852252912e-01 8.914728981521250262e+01 2.006374984408376000e-03
-4.256907093642283257e+00 -2.359417374291731817e-01 1.962828867852252912e-01 8.914728981521250262e+01 2.006374984408376000e-03
-4.256907093642283257e+00 -2.359417374291731817e-01 1.962828867852252912e-01 8.914728981521250262e+01 2.006374984408376000e-03
-4.015321217600979153e+00 -2.322656432996131060e-01 1.886231693739956472e-01 8.271729825347054543e+01 2.588710800930907677e-03
-4.535686015076175970e+00 -2.619262202682850482e-01 1.819373466486308710e-01 8.090316544104310026e+01 1.869963938215868588e-03
-4.420310737064865769e+00 -2.624389816176794787e-01 1.763684526748187098e-01 7.895500319355979002e+01 1.558413793792084610e-03
-4.275708322614260481e+00 -2.598758712826596540e-01 1.768688620806199430e-01 7.533936619349057651e+01 1.773568097351466404e-03
-4.275708322614260481e+00 -2.598758712826596540e-01 1.768688620806199430e-01 7.533936619349057651e+01 1.773568097351466404e-03
-4.115856617535784245e+00 -2.583732014509462771e-01 1.822757715687492175e-01 8.498161113553450718e+01 1.758668799668403233e-03
-4.115856617535784245e+00 -2.583732014509462771e-01 1.822757715687492175e-01 8.498161113553450718e+01 1.758668799668403233e-03
-4.115856617535784245e+00 -2.583732014509462771e-01 1.822757715687492175e-01 8.498161113553450718e+01 1.758668799668403233e-03
-4.496621012406630591e+00 -2.689844066204858941e-01 1.845226966500685684e-01 8.590275976518773859e+01 2.302521101767539789e-03
-4.050153585533754708e+00 -2.546972979032152695e-01 1.932686530256443602e-01 8.914956520651367100e+01 1.883476127469690432e-03
-4.050153585533754708e+00 -2.546972979032152695e-01 1.932686530256443602e-01 8.914956520651367100e+01 1.883476127469690432e-03
-4.300637334492542152e+00 -2.604666121504263798e-01 1.757744199288145959e-01 8.273154741393376810e+01 1.580175787813011944e-03
-4.841487782500619730e+00 -2.610604359648232564e-01 1.795754226173478518e-01 7.726161494688965092e+01 2.270100400907201690e-03
-4.200893924461317930e+00 -2.661944120547507509e-01 1.549696293985570184e-01 8.124695692088160115e+01 1.990744007746185658e-03
-4.801111439142443871e+00 -2.613525232558000511e-01 1.848170856584868404e-01 7.144874097352095532e+01 2.095135004731292754e-03
-4.419276690262693208e+00 -2.817848968768271734e-01 1.830945454259763905e-01 6.915208708682862948e+01 1.735148719192855602e-03
-4.419276690262693208e+00 -2.817848968768271734e-01 1.830945454259763905e-01 6.915208708682862948e+01 1.735148719192855602e-03
-4.489706252588528734e+00 -2.865344929042679678e-01 1.706781707461520747e-01 7.655096484006102742e+01 1.505555030589942039e-03
-4.691502259337839931e+00 -2.823165641208416621e-01 1.778423843813944916e-01 7.615577878714692872e+01 1.935202768032439746e-03
-4.692813537927102985e+00 -2.960530919270564221e-01 1.762845560895115737e-01 7.680475719715492744e+01 1.980352723869771743e-03
-4.271335009976178654e+00 -3.037552236839856645e-01 1.419163946897968875e-01 7.266216836058576689e+01 2.362075297475756206e-03
-4.668773258276158522e+00 -3.093085154955716454e-01 1.527751789201520771e-01 6.863595791375038857e+01 1.724025160864955161e-03
-4.775513773188087008e+00 -3.269898127372939944e-01 1.476469856965768879e-01 6.951020985626593074e+01 1.524158483404976488e-03
-4.775513773188087008e+00 -3.269898127372939944e-01 1.476469856965768879e-01 6.951020985626593074e+01 1.524158483404976488e-03
-4.775513773188087008e+00 -3.269898127372939944e-01 1.476469856965768879e-01 6.951020985626593074e+01 1.524158483404976488e-03
-4.622266845799481771e+00 -3.368374894486988458e-01 1.662357615767476593e-01 6.416158011264752759e+01 1.871345583771737067e-03
-4.342361633348180483e+00 -3.327735536834934282e-01 1.796630818216681802e-01 6.584723724294329372e+01 1.622746193061839516e-03
-4.003525686112620718e+00 -3.333871781308731519e-01 1.862708277005505342e-01 6.861368697767841240e+01 1.644265203883824109e-03
-4.296524338900218787e+00 -3.524792499859950023e-01 1.761354647384824335e-01 6.778240968788672660e+01 1.404996546419499861e-03
-4.309237194042604635e+00 -3.479672473170047908e-01 1.799151494892113068e-01 6.607477354379336987e+01 1.505119204135415244e-03
-4.760759185492395851e+00 -3.690256154007888756e-01 1.787044082149112367e-01 7.189988358914659727e+01 2.112173481963850515e-03
-4.680401441790882799e+00 -3.543007059342780374e-01 1.275800945136296993e-01 7.114388332915400781e+01 1.588256564426776280e-03
-4.536069294572012467e+00 -3.675259825300921102e-01 1.352863716744582834e-01 7.684736594813207944e+01 1.166346575665490933e-03
-4.536069294572012467e+00 -3.675259825300921102e-01 1.352863716744582834e-01 7.684736594813207944e+01 1.166346575665490933e-03
-4.536069294572012467e+00 -3.675259825300921102e-01 1.352863716744582834e-01 7.684736594813207944e+01 1.166346575665490933e-03
-4.536069294572012467e+00 -3.675259825300921102e-01 1.352863716744582834e-01 7.684736594813207944e+01 1.166346575665490933e-03
-4.536069294572012467e+00 -3.675259825300921102e-01 1.352863716744582834e-01 7.684736594813207944e+01 1.166346575665490933e-03
-4.536069294572012467e+00 -3.675259825300921102e-01 1.352863716744582834e-01 7.684736594813207944e+01 1.166346575665490933e-03
-4.536069294572012467e+00 -3.675259825300921102e-01 1.352863716744582834e-01 7.684736594813207944e+01 1.166346575665490933e-03
-4.536069294572012467e+00 -3.675259825300921102e-01 1.352863716744582834e-01 7.684736594813207944e+01 1.166346575665490933e-03
-4.536069294572012467e+00 -3.675259825300921102e-01 1.352863716744582834e-01 7.684736594813207944e+01 1.166346575665490933e-03
-4.536069294572012467e+00 -3.675259825300921102e-01 1.352863716744582834e-01 7.684736594813207944e+01 1.166346575665490933e-03
-4.331817227081530497e+00 -3.652498347780184229e-01 1.363437056864989227e-01 8.391211025266377987e+01 1.264251251439581052e-03
-4.748767480008378783e+00 -3.429713377952757769e-01 1.525626989696313440e-01 8.223959256197763068e+01 1.888966299047881246e-03
-4.122316644411040620e+00 -3.494234598789314195e-01 1.588408623347945248e-01 7.449024880756506661e+01 1.434712157018756817e-03
-3.964922156976308454e+00 -3.434530415794235236e-01 1.512461136397234562e-01 7.857909009220345808e+01 1.868710053175518665e-03
-3.907218771320580597e+00 -3.502033542727067128e-01 1.564656498752689251e-01 7.744162290349456157e+01 1.873198101052468874e-03
-3.933802710839778616e+00 -3.677307005700176101e-01 1.446625632069440393e-01 7.161984709406412719e+01 2.583931869236351982e-03
-3.933802710839778616e+00 -3.677307005700176101e-01 1.446625632069440393e-01 7.161984709406412719e+01 2.583931869236351982e-03
-3.793398875892428190e+00 -3.649065120234292747e-01 1.450062223490938829e-01 6.554102778255867179e+01 4.256543771952057617e-03
-3.793398875892428190e+00 -3.649065120234292747e-01 1.450062223490938829e-01 6.554102778255867179e+01 4.256543771952057617e-03
-4.558944940085706499e+00 -3.630388052642086749e-01 1.393481737767891249e-01 7.154989205733461688e+01 1.395042995425613882e-03
-4.590665772968460345e+00 -3.617519772970606007e-01 1.444315570223907164e-01 7.592287916238294088e+01 1.224693191280541108e-03
-4.408757461161974867e+00 -3.690828360167097699e-01 1.597973855536218291e-01 7.363546228231051316e+01 1.260950291863576758e-03
-4.660367790180179881e+00 -3.341566765448228948e-01 1.569573978780928747e-01 7.139204718687975060e+01 1.456843297471669459e-03
-4.224361302289577402e+00 -3.353759665625022368e-01 1.689111376417297694e-01 6.973976342778642845e+01 1.514816055404003860e-03
-4.351177016784709473e+00 -3.523981862940629983e-01 1.641871455407291069e-01 6.676973729110395084e+01 1.617263686731472763e-03
-4.351177016784709473e+00 -3.523981862940629983e-01 1.641871455407291069e-01 6.676973729110395084e+01 1.617263686731472763e-03
-4.351177016784709473e+00 -3.523981862940629983e-01 1.641871455407291069e-01 6.676973729110395084e+01 1.617263686731472763e-03
-4.351177016784709473e+00 -3.523981862940629983e-01 1.641871455407291069e-01 6.676973729110395084e+01 1.617263686731472763e-03
-4.188780479484541353e+00 -3.566007701391288864e-01 1.510848651425746592e-01 7.081160484746988004e+01 1.713774359606030223e-03
-4.188780479484541353e+00 -3.566007701391288864e-01 1.510848651425746592e-01 7.081160484746988004e+01 1.713774359606030223e-03
-4.188780479484541353e+00 -3.566007701391288864e-01 1.510848651425746592e-01 7.081160484746988004e+01 1.713774359606030223e-03
-3.837874010031141481e+00 -3.784851051054194393e-01 1.977753781072104644e-01 7.308845394746336410e+01 1.074684508390642747e-03
-4.058256362912396220e+00 -3.790935992484016359e-01 1.990408441318819999e-01 7.906711040256234924e+01 1.477378061359611514e-03
-3.636295920204904331e+00 -3.755293929646351669e-01 1.747522944136916112e-01 8.522247111962880695e+01 1.401590789824755379e-03
-3.750695395397305454e+00 -3.982377957692811998e-01 1.986040058373800543e-01 7.334805474553093063e+01 1.049823903571670252e-03
-3.750695395397305454e+00 -3.982377957692811998e-01 1.986040058373800543e-01 7.334805474553093063e+01 1.049823903571670252e-03
-4.331334881526865743e+00 -3.899026815179033045e-01 1.764890617843753173e-01 7.547905956331894117e+01 1.472200497773813819e-03
-4.331334881526865743e+00 -3.899026815179033045e-01 1.764890617843753173e-01 7.547905956331894117e+01 1.472200497773813819e-03
-3.832373007979430035e+00 -4.032957251798521270e-01 1.783579618887225493e-01 6.828254582159817687e+01 1.468785368555718942e-03
-4.115857097091217831e+00 -3.907330003898017434e-01 1.537711086133333738e-01 6.970926638013663990e+01 1.555828419816876994e-03
-3.912911633901505759e+00 -3.715320319296388507e-01 1.306697252728874215e-01 7.539461544286479011e+01 2.915782230115887292e-03
-3.984647912323852292e+00 -3.581151162813552280e-01 1.219366899751270217e-01 7.516116841116591729e+01 3.441103526604816221e-03
-3.984647912323852292e+00 -3.581151162813552280e-01 1.219366899751270217e-01 7.516116841116591729e+01 3.441103526604816221e-03
-3.984647912323852292e+00 -3.581151162813552280e-01 1.219366899751270217e-01 7.516116841116591729e+01 3.441103526604816221e-03
-4.045007497952478381e+00 -3.778759060435766259e-01 1.111615440159720858e-01 7.529043331780225401e+01 3.563880101574780010e-03
-4.195272056883974088e+00 -3.739630768597360655e-01 1.260186995703395096e-01 8.933913225662884372e+01 1.492773841656581425e-03
-4.892187969878823317e+00 -3.744854881939271851e-01 1.235566690293156827e-01 8.621186030409641887e+01 1.403812520653259597e-03
-4.954722148161763151e+00 -3.577551257392938000e-01 1.288745461942768511e-01 8.184253174112610907e+01 1.271467301458482826e-03
-4.954722148161763151e+00 -3.577551257392938000e-01 1.288745461942768511e-01 8.184253174112610907e+01 1.271467301458482826e-03
-4.413516515809591922e+00 -3.487694318254886405e-01 1.323561078839743665e-01 7.161248767152443406e+01 1.875065591282355955e-03
-4.748954390535377712e+00 -3.387364673845710827e-01 1.450345368074392183e-01 6.567056306844453673e+01 1.859044913159866533e-03
-4.883691893658082428e+00 -3.280747924317861663e-01 1.480316964433510685e-01 7.213768602028660837e+01 1.397139821960196888e-03
-4.915820304700984522e+00 -3.230467324229266413e-01 1.404812504030744369e-01 7.672106299885092540e+01 1.299252634210536390e-03
-4.921702533217104936e+00 -3.347138107316423028e-01 1.237995490884432337e-01 8.317635176597940472e+01 1.149174588769434234e-03
-4.921702533217104936e+00 -3.347138107316423028e-01 1.237995490884432337e-01 8.317635176597940472e+01 1.149174588769434234e-03
-4.876133647285785244e+00 -3.419424521929906313e-01 1.043929693953692395e-01 8.780960124251426180e+01 1.006920689663533004e-03
-4.470768641688717793e+00 -3.264209455974795837e-01 1.124589687324286935e-01 8.916906643838029822e+01 1.321964433762810517e-03
-4.470768641688717793e+00 -3.264209455974795837e-01 1.124589687324286935e-01 8.916906643838029822e+01 1.321964433762810517e-03
-4.470768641688717793e+00 -3.264209455974795837e-01 1.124589687324286935e-01 8.916906643838029822e+01 1.321964433762810517e-03
-4.707826269045883194e+00 -3.377793370715847510e-01 1.250913840992912696e-01 8.626911788839490214e+01 1.213943830569839347e-03
-4.707826269045883194e+00 -3.377793370715847510e-01 1.250913840992912696e-01 8.626911788839490214e+01 1.213943830569839347e-03
-4.385949902845752035e+00 -3.862552076657428946e-01 1.231126222113183288e-01 8.175329571496432379e+01 1.204709992535492585e-03
-4.385949902845752035e+00 -3.862552076657428946e-01 1.231126222113183288e-01 8.175329571496432379e+01 1.204709992535492585e-03
-4.544259437428858739e+00 -3.917442640577285529e-01 1.111431698518600131e-01 7.789314722233621069e+01 1.412674290811038276e-03
-4.644557336145480164e+00 -4.063807745935255067e-01 1.359154529588257609e-01 7.372081039840585959e+01 1.140535602423248251e-03
-4.657777040649995648e+00 -4.314807269251355049e-01 1.517390071959077158e-01 7.465523574760898384e+01 1.420656218622870200e-03
-4.657777040649995648e+00 -4.314807269251355049e-01 1.517390071959077158e-01 7.465523574760898384e+01 1.420656218622870200e-03
-4.073295883825432284e+00 -4.354478835950629789e-01 1.389577914376596557e-01 7.287648625918957634e+01 1.447036476817209916e-03
-4.073295883825432284e+00 -4.354478835950629789e-01 1.389577914376596557e-01 7.287648625918957634e+01 1.447036476817209916e-03
-4.073295883825432284e+00 -4.354478835950629789e-01 1.389577914376596557e-01 7.287648625918957634e+01 1.447036476817209916e-03
-4.362901585439075802e+00 -4.478814250124901752e-01 1.434445672675909722e-01 6.857014188561396395e+01 1.290300243611848877e-03
-4.362901585439075802e+00 -4.478814250124901752e-01 1.434445672675909722e-01 6.857014188561396395e+01 1.290300243611848877e-03
-4.362901585439075802e+00 -4.478814250124901752e-01 1.434445672675909722e-01 6.857014188561396395e+01 1.290300243611848877e-03
-4.753639170339388542e+00 -4.360296794272204846e-01 1.520849214758039081e-01 7.368007329198310629e+01 1.481161290886784648e-03
-4.822492137814739621e+00 -4.402453094379946141e-01 1.646271857359812019e-01 7.184881416546016908e+01 1.856736805863699880e-03
-4.648197043428980990e+00 -4.550349373239064299e-01 1.818585964170968405e-01 6.598290918488568479e+01 1.855528422200056985e-03
-4.974174099565630947e+00 -4.483506117924088152e-01 1.656606147307296828e-01 7.211294295879662286e+01 2.087885050854844469e-03
-4.670628668736251043e+00 -4.617101665191506443e-01 1.839009855949308159e-01 6.690334956838937330e+01 2.006946176667307857e-03
-4.670628668736251043e+00 -4.617101665191506443e-01 1.839009855949308159e-01 6.690334956838937330e+01 2.006946176667307857e-03
-4.380211629083297531e+00 -4.558229011598872726e-01 1.871551918419716576e-01 6.844910929223090079e+01 1.600170128414512248e-03
-4.257254859072189923e+00 -4.583141332840826032e-01 1.836660466465689090e-01 7.139915234645661712e+01 1.422336493634933016e-03
-4.401752342460474310e+00 -4.568939556407469182e-01 1.993525138478692282e-01 6.187056347017382052e+01 1.672343235546569842e-03
-3.279015460327644682e+00 -4.482125933462435818e-01 1.915839820716191411e-01 6.803144309599663586e+01 2.030304422997823970e-03
-3.684870458046753505e+00 -4.474268839734639736e-01 1.831279797583501845e-01 7.040482656978763032e+01 1.117259320694872571e-03
-3.684870458046753505e+00 -4.474268839734639736e-01 1.831279797583501845e-01 7.040482656978763032e+01 1.117259320694872571e-03
-3.684870458046753505e+00 -4.474268839734639736e-01 1.831279797583501845e-01 7.040482656978763032e+01 1.117259320694872571e-03
-3.684870458046753505e+00 -4.474268839734639736e-01 1.831279797583501845e-01 7.040482656978763032e+01 1.117259320694872571e-03
-3.684870458046753505e+00 -4.474268839734639736e-01 1.831279797583501845e-01 7.040482656978763032e+01 1.117259320694872571e-03
-3.771941399961620256e+00 -4.649779784598625509e-01 1.931725478239680327e-01 6.754836860001370269e+01 9.515452698244950339e-04
-3.771941399961620256e+00 -4.649779784598625509e-01 1.931725478239680327e-01 6.754836860001370269e+01 9.515452698244950339e-04
-3.771941399961620256e+00 -4.649779784598625509e-01 1.931725478239680327e-01 6.754836860001370269e+01 9.515452698244950339e-04
-3.771941399961620256e+00 -4.649779784598625509e-01 1.931725478239680327e-01 6.754836860001370269e+01 9.515452698244950339e-04
-3.771941399961620256e+00 -4.649779784598625509e-01 1.931725478239680327e-01 6.754836860001370269e+01 9.515452698244950339e-04
-3.998658067215590250e+00 -4.867522444150244598e-01 1.672503058236509410e-01 7.367102898644374420e+01 9.782992411167461093e-04
-3.998658067215590250e+00 -4.867522444150244598e-01 1.672503058236509410e-01 7.367102898644374420e+01 9.782992411167461093e-04
-3.946235991994415215e+00 -4.872403988137945507e-01 1.492771088719782313e-01 8.321048664018846353e+01 1.296577678958154168e-03
-4.129193876258763218e+00 -5.146640001817900378e-01 1.693882750195901676e-01 7.288057345642386053e+01 1.176069766286566174e-03
-4.129193876258763218e+00 -5.146640001817900378e-01 1.693882750195901676e-01 7.288057345642386053e+01 1.176069766286566174e-03
-4.392919424823714891e+00 -5.038544959286010982e-01 1.603923265858519798e-01 7.542310960519751006e+01 1.545793871878580568e-03
-4.430378334019797748e+00 -4.976998051068041717e-01 1.756236704528240933e-01 7.124659885724962294e+01 1.711935317639778778e-03
-3.842060489373813947e+00 -4.838285237551668283e-01 1.676202371108470313e-01 7.215012593875209745e+01 9.551821909940150408e-04
-3.842060489373813947e+00 -4.838285237551668283e-01 1.676202371108470313e-01 7.215012593875209745e+01 9.551821909940150408e-04
-4.194820423583625058e+00 -4.664613193464070551e-01 1.761065489910331738e-01 6.899773213231540581e+01 1.106442822258704283e-03
-4.526150303584750567e+00 -4.823091987255150315e-01 1.750522086879235661e-01 6.204376009496454714e+01 1.555079240708066336e-03
-4.526150303584750567e+00 -4.823091987255150315e-01 1.750522086879235661e-01 6.204376009496454714e+01 1.555079240708066336e-03
-4.517485943937232129e+00 -4.889260582920982867e-01 1.462176802666285413e-01 6.899983827652086177e+01 1.156738627809324529e-03
-4.310704098791500627e+00 -4.667735192537888489e-01 1.589709798020229881e-01 6.833797419491136793e+01 1.132092197911890776e-03
-3.839677152995079723e+00 -4.397617867699027405e-01 1.443674396293471718e-01 7.746550057975305492e+01 1.377865755316849249e-03
-4.397629700588424839e+00 -4.511080741890442503e-01 1.434474907882583028e-01 8.594146334116962294e+01 1.859860426024914637e-03
-4.544872933886415112e+00 -4.347044870532791316e-01 1.457654789905654669e-01 7.136687176471025396e+01 1.175861120588252325e-03
-4.276689752309211556e+00 -4.162254740463711133e-01 1.665279407184503124e-01 6.823580594308921832e+01 1.198886477244566050e-03
-4.201563024544418212e+00 -3.976932756601810892e-01 1.735402094802355744e-01 7.304624685790511762e+01 1.126474695784366459e-03
-4.065717729150533089e+00 -3.890777817927247861e-01 1.626536895345971623e-01 7.905183255825815536e+01 1.161609442442358003e-03
-4.065717729150533089e+00 -3.890777817927247861e-01 1.626536895345971623e-01 7.905183255825815536e+01 1.161609442442358003e-03
-4.065717729150533089e+00 -3.890777817927247861e-01 1.626536895345971623e-01 7.905183255825815536e+01 1.161609442442358003e-03
-4.065717729150533089e+00 -3.890777817927247861e-01 1.626536895345971623e-01 7.905183255825815536e+01 1.161609442442358003e-03
-3.157697101645001503e+00 -3.876945714983221492e-01 1.711378410441617426e-01 8.252744037966236590e+01 1.857072124253685008e-03
-3.699352394102390029e+00 -3.887973909044814547e-01 1.617198505821241250e-01 8.111355550010489424e+01 1.562773443267296072e-03
-3.698421325033476759e+00 -4.027889841472438448e-01 1.644579670283391748e-01 7.013024491609668587e+01 2.128959551854326272e-03
-3.984339039017351869e+00 -4.023168215937993342e-01 1.324041153447512997e-01 8.346917487509398370e+01 1.535916497881330799e-03
-3.781802267138284268e+00 -4.201271406047912826e-01 1.213006077315421233e-01 8.998285317079431422e+01 1.912752000375861870e-03
-3.781802267138284268e+00 -4.201271406047912826e-01 1.213006077315421233e-01 8.998285317079431422e+01 1.912752000375861870e-03
-3.781802267138284268e+00 -4.201271406047912826e-01 1.213006077315421233e-01 8.998285317079431422e+01 1.912752000375861870e-03
-3.823698893629166040e+00 -4.242033870120514027e-01 1.158884702541431028e-01 8.652779595850637406e+01 2.151980959225648082e-03
-4.002433102887848371e+00 -4.315105488436050685e-01 1.172804899391974576e-01 8.575347334417990908e+01 1.679259504764592757e-03
-3.905451294323249112e+00 -4.240501719275946990e-01 1.149732600100898255e-01 8.044037164138111962e+01 2.494218775949618230e-03
-3.610505934540455986e+00 -4.319297032578111040e-01 1.242221779230862910e-01 8.510855427987252142e+01 2.225211672417834463e-03
-3.438094209678514535e+00 -4.413802254487799726e-01 1.368778065495546148e-01 8.214456250829418593e+01 1.775152457651858577e-03
-4.610514414910081626e+00 -4.552673849846177179e-01 1.184996752223367311e-01 8.142360601071895587e+01 1.004835737076536888e-03
-4.646832287390878946e+00 -4.502892399181467331e-01 1.115047006999667356e-01 7.806422641590192768e+01 1.052230570846066733e-03
-4.646832287390878946e+00 -4.502892399181467331e-01 1.115047006999667356e-01 7.806422641590192768e+01 1.052230570846066733e-03
-4.820502536062146959e+00 -4.539474983274849329e-01 1.280969427480615208e-01 7.422600249421840601e+01 1.032609146952157778e-03
-4.820502536062146959e+00 -4.539474983274849329e-01 1.280969427480615208e-01 7.422600249421840601e+01 1.032609146952157778e-03
-4.820502536062146959e+00 -4.539474983274849329e-01 1.280969427480615208e-01 7.422600249421840601e+01 1.032609146952157778e-03
-4.820502536062146959e+00 -4.539474983274849329e-01 1.280969427480615208e-01 7.422600249421840601e+01 1.032609146952157778e-03
-4.935069362297172191e+00 -4.510560231951780685e-01 1.521151291755235835e-01 6.651232204317837216e+01 1.384577042154204723e-03
-4.935069362297172191e+00 -4.510560231951780685e-01 1.521151291755235835e-01 6.651232204317837216e+01 1.384577042154204723e-03
-4.869724772208769537e+00 -4.508375869069111141e-01 1.526510584624612976e-01 6.683058505217233858e+01 1.385203944599375930e-03
-4.869724772208769537e+00 -4.508375869069111141e-01 1.526510584624612976e-01 6.683058505217233858e+01 1.385203944599375930e-03
-4.464500631809753983e+00 -4.656026063190780162e-01 1.462142976982605813e-01 6.399064930475019253e+01 1.537653231453913914e-03
-3.953695144180358945e+00 -4.588460547443028448e-01 1.493401341561688689e-01 6.711150775854001438e+01 1.694981235690926329e-03
-3.953695144180358945e+00 -4.588460547443028448e-01 1.493401341561688689e-01 6.711150775854001438e+01 1.694981235690926329e-03
-3.952878945156523827e+00 -4.448644448276987129e-01 1.464132757505104132e-01 7.042370836196822381e+01 1.571412237822638214e-03
-3.952878945156523827e+00 -4.448644448276987129e-01 1.464132757505104132e-01 7.042370836196822381e+01 1.571412237822638214e-03
-3.952878945156523827e+00 -4.448644448276987129e-01 1.464132757505104132e-01 7.042370836196822381e+01 1.571412237822638214e-03
-3.952878945156523827e+00 -4.448644448276987129e-01 1.464132757505104132e-01 7.042370836196822381e+01 1.571412237822638214e-03
-4.618813133109906488e+00 -4.648066467040378180e-01 1.520747347154013385e-01 7.316729170639447943e+01 1.363652693659953832e-03
-4.739337494946570750e+00 -4.684509477936708577e-01 1.596573162873275997e-01 6.325227894991152056e+01 1.516120158641364943e-03
-4.108744056640851738e+00 -4.792455410973945895e-01 1.653534558365251650e-01 6.142696103227935822e+01 1.502753627633774281e-03
-4.209424603037613011e+00 -4.787980160745535785e-01 1.700221172830919669e-01 6.726632666511608249e+01 1.081571222221076531e-03
-4.209424603037613011e+00 -4.787980160745535785e-01 1.700221172830919669e-01 6.726632666511608249e+01 1.081571222221076531e-03
-4.209424603037613011e+00 -4.787980160745535785e-01 1.700221172830919669e-01 6.726632666511608249e+01 1.081571222221076531e-03
-4.112939440379907552e+00 -4.958095919240635419e-01 1.495574725733578025e-01 6.733474731281715719e+01 1.213643004200195023e-03
-4.411758430911112860e+00 -4.721768829327462891e-01 1.632727345687700615e-01 7.294454242117114973e+01 1.390496355375264769e-03
-4.411758430911112860e+00 -4.721768829327462891e-01 1.632727345687700615e-01 7.294454242117114973e+01 1.390496355375264769e-03
-4.571828603265851498e+00 -4.982513356411115146e-01 1.435691946620403781e-01 6.897419968136759394e+01 1.149852741874109272e-03
-4.571828603265851498e+00 -4.982513356411115146e-01 1.435691946620403781e-01 6.897419968136759394e+01 1.149852741874109272e-03
-4.571828603265851498e+00 -4.982513356411115146e-01 1.435691946620403781e-01 6.897419968136759394e+01 1.149852741874109272e-03
-4.845014916250484305e+00 -4.806009895369681706e-01 1.424558135908282619e-01 7.844381533944036278e+01 1.676987780560007047e-03
-4.320897677234768253e+00 -4.893757062472960384e-01 1.635761247215094250e-01 7.803101047240869548e+01 1.710740626004185212e-03
-4.104329496492407969e+00 -4.859619877634335783e-01 1.720151581776563354e-01 8.391299918581761119e+01 2.239422029007085823e-03
-4.469045614029540481e+00 -4.655871199795443838e-01 1.675973671319432590e-01 8.505509813706305522e+01 3.076336840955577571e-03
-4.639786859004535913e+00 -4.674916226339351222e-01 1.639357010739935783e-01 7.528741575821531740e+01 1.954330910844567087e-03
-4.238456808856744473e+00 -4.394218669232703434e-01 1.221020735826274239e-01 8.922688444666840724e+01 1.424877103446636414e-03
-4.238456808856744473e+00 -4.394218669232703434e-01 1.221020735826274239e-01 8.922688444666840724e+01 1.424877103446636414e-03
-4.112899991454439075e+00 -4.376423473718568102e-01 1.759642386635020816e-01 8.407107329662977691e+01 2.063857264602001005e-03
-4.149300859937505415e+00 -4.412124297329949596e-01 1.870436487816644622e-01 8.026040848560886332e+01 2.037825541627411377e-03
-4.149300859937505415e+00 -4.412124297329949596e-01 1.870436487816644622e-01 8.026040848560886332e+01 2.037825541627411377e-03
-4.149300859937505415e+00 -4.412124297329949596e-01 1.870436487816644622e-01 8.026040848560886332e+01 2.037825541627411377e-03
-4.149300859937505415e+00 -4.412124297329949596e-01 1.870436487816644622e-01 8.026040848560886332e+01 2.037825541627411377e-03
-4.149300859937505415e+00 -4.412124297329949596e-01 1.870436487816644622e-01 8.026040848560886332e+01 2.037825541627411377e-03
-4.436892830372203278e+00 -4.319012255120433519e-01 1.640174179950583122e-01 7.803118499155259258e+01 1.721935135376435064e-03
-3.919392773331043855e+00 -4.451465713713560479e-01 1.869616843671031425e-01 6.876130368994266462e+01 9.694887903722235190e-04
-3.919392773331043855e+00 -4.451465713713560479e-01 1.869616843671031425e-01 6.876130368994266462e+01 9.694887903722235190e-04
-3.919392773331043855e+00 -4.451465713713560479e-01 1.869616843671031425e-01 6.876130368994266462e+01 9.694887903722235190e-04
-4.134182472492789806e+00 -4.552564598504490467e-01 1.713732446908472484e-01 6.861885956963931221e+01 1.043940109835314600e-03
-4.134182472492789806e+00 -4.552564598504490467e-01 1.713732446908472484e-01 6.861885956963931221e+01 1.043940109835314600e-03
-4.105690769723641331e+00 -4.531457068500679419e-01 1.966758074466994910e-01 6.063072845973217539e+01 1.235377202129281154e-03
-4.312811595310202861e+00 -4.377675693667953394e-01 1.897781678912889014e-01 6.261031535306768347e+01 1.395844700128859219e-03
-4.398595607635978233e+00 -4.174971381817385585e-01 1.953125554250237927e-01 7.246323847871751411e+01 2.040130598649382045e-03
-4.882659112173352689e+00 -4.075370314456057130e-01 1.998319753209892025e-01 7.548018048433684157e+01 3.864920430709131542e-03
-4.729567844457417181e+00 -4.122040814967831701e-01 1.733325086840514506e-01 7.740832728652007688e+01 2.556398380297559593e-03
-3.986912858629556577e+00 -4.119578117697859088e-01 1.533396490152699465e-01 8.055702967162255845e+01 1.180158736978176130e-03
-4.089282624106429509e+00 -3.990376799656081830e-01 1.806514330383956202e-01 7.780677329862737679e+01 1.264989015134108160e-03
-4.089282624106429509e+00 -3.990376799656081830e-01 1.806514330383956202e-01 7.780677329862737679e+01 1.264989015134108160e-03
-4.101926726238892762e+00 -3.827524474635331520e-01 1.667633232770990015e-01 8.120599881100291384e+01 1.293457258795318102e-03
-3.672605094845810658e+00 -4.141259345960899285e-01 1.735810668723697936e-01 6.971225355315687011e+01 1.758348589621786797e-03
-3.672605094845810658e+00 -4.141259345960899285e-01 1.735810668723697936e-01 6.971225355315687011e+01 1.758348589621786797e-03
-3.997330560859342352e+00 -4.188632173105935608e-01 1.754040917250554721e-01 7.015564241923591737e+01 1.051246388709838444e-03
-3.894428546164576233e+00 -4.149138294665656868e-01 1.685418167449780624e-01 7.241378671685095014e+01 1.200623511872647188e-03
-4.476268785213187051e+00 -4.260854609946704841e-01 1.861882208423829010e-01 6.213696745088814311e+01 1.638504128326092636e-03
-4.303077498415906810e+00 -3.992304118546920466e-01 1.992490336075417312e-01 7.414473600517199259e+01 1.896285187912529879e-03
-4.257190811212955950e+00 -4.129631966917563513e-01 1.975809195896686132e-01 7.592265098371085230e+01 1.964722889061211279e-03
-3.937459992721347390e+00 -4.214909906951884722e-01 1.878776422412948566e-01 7.959638873639798362e+01 1.341012459833513647e-03
-3.425459787405786827e+00 -4.167570270489504569e-01 1.898922128889502514e-01 8.097450953524534611e+01 1.057923802250226430e-03
-3.425459787405786827e+00 -4.167570270489504569e-01 1.898922128889502514e-01 8.097450953524534611e+01 1.057923802250226430e-03
-3.425459787405786827e+00 -4.167570270489504569e-01 1.898922128889502514e-01 8.097450953524534611e+01 1.057923802250226430e-03
-3.897705445023964543e+00 -4.187615401912358482e-01 1.793295929923547916e-01 7.399165575150536256e+01 1.021773738935180097e-03
-3.897705445023964543e+00 -4.187615401912358482e-01 1.793295929923547916e-01 7.399165575150536256e+01 1.021773738935180097e-03
-3.897705445023964543e+00 -4.187615401912358482e-01 1.793295929923547916e-01 7.399165575150536256e+01 1.021773738935180097e-03
-3.897705445023964543e+00 -4.187615401912358482e-01 1.793295929923547916e-01 7.399165575150536256e+01 1.021773738935180097e-03
-3.377495025967311548e+00 -4.091484748298930829e-01 1.961187676475688590e-01 8.241111005147453739e+01 1.092582586012286801e-03
-3.409811391020711291e+00 -4.147656655099217216e-01 1.685810813364781724e-01 8.386332725854471448e+01 1.208561134050659385e-03
-3.409811391020711291e+00 -4.147656655099217216e-01 1.685810813364781724e-01 8.386332725854471448e+01 1.208561134050659385e-03
-3.718848183576819899e+00 -4.072018552790120927e-01 1.762122863554276275e-01 8.108672158489763149e+01 1.216013668711582799e-03
-3.827288058433022666e+00 -3.995162347491845178e-01 1.795647399861945714e-01 8.936451886619278184e+01 1.799808954181068323e-03
-4.200546392557910735e+00 -4.073288152060613454e-01 1.868119127855435158e-01 8.426402685368765333e+01 2.449486250349792830e-03
-4.398931432169327138e+00 -4.318461765483870840e-01 1.893048713442853637e-01 8.470401867707194299e+01 3.624129764580042747e-03
-4.351609325742747281e+00 -4.208711600533894259e-01 1.912535375822774497e-01 8.219969168866870746e+01 3.010091807233536421e-03
-4.173208047859446879e+00 -4.105789552549057309e-01 1.951502425875042412e-01 8.351107530253999300e+01 2.571481217810378268e-03
-3.482936109196699714e+00 -4.155294601848384950e-01 1.774393661037326209e-01 8.508423299215780844e+01 1.071922321914025710e-03
-3.482936109196699714e+00 -4.155294601848384950e-01 1.774393661037326209e-01 8.508423299215780844e+01 1.071922321914025710e-03
-3.482936109196699714e+00 -4.155294601848384950e-01 1.774393661037326209e-01 8.508423299215780844e+01 1.071922321914025710e-03
-3.482936109196699714e+00 -4.155294601848384950e-01 1.774393661037326209e-01 8.508423299215780844e+01 1.071922321914025710e-03
-3.482936109196699714e+00 -4.155294601848384950e-01 1.774393661037326209e-01 8.508423299215780844e+01 1.071922321914025710e-03
-3.482936109196699714e+00 -4.155294601848384950e-01 1.774393661037326209e-01 8.508423299215780844e+01 1.071922321914025710e-03
-3.482936109196699714e+00 -4.155294601848384950e-01 1.774393661037326209e-01 8.508423299215780844e+01 1.071922321914025710e-03
-3.482936109196699714e+00 -4.155294601848384950e-01 1.774393661037326209e-01 8.508423299215780844e+01 1.071922321914025710e-03
-3.523779592149957729e+00 -4.111160760694454464e-01 1.990494386427868190e-01 7.970108691802097667e+01 9.644279781209905752e-04
-3.523779592149957729e+00 -4.111160760694454464e-01 1.990494386427868190e-01 7.970108691802097667e+01 9.644279781209905752e-04
-3.523779592149957729e+00 -4.111160760694454464e-01 1.990494386427868190e-01 7.970108691802097667e+01 9.644279781209905752e-04
-3.377029380211423515e+00 -4.246665903710037937e-01 1.983607541413177910e-01 8.663824043850965495e+01 1.240136424987547514e-03
-3.696454400262739970e+00 -4.323077423612214920e-01 1.937119000786030054e-01 8.821914771045864256e+01 1.928988992815968730e-03
-3.951725857610139503e+00 -4.379859460616522537e-01 1.905378105788568532e-01 8.701188040399821944e+01 2.456322363764225705e-03
-4.132857112714047432e+00 -4.505507346647324440e-01 1.682309268324636009e-01 6.591318313245119498e+01 1.177212853381683858e-03
-4.119316035518592933e+00 -4.398119518657716553e-01 1.758820968406424601e-01 7.242999413588486846e+01 1.081560084047234740e-03
-4.119316035518592933e+00 -4.398119518657716553e-01 1.758820968406424601e-01 7.242999413588486846e+01 1.081560084047234740e-03
-3.962755461965285164e+00 -4.510034606161313353e-01 1.609626721251070092e-01 7.024958780704670858e+01 1.139583070102734600e-03
-3.128861683973624075e+00 -4.618271372671055031e-01 1.784735565428163251e-01 7.110393720359066094e+01 2.176251885800921035e-03
-3.999662018675600006e+00 -4.420390645733797141e-01 1.681494816985998342e-01 8.589919998930845679e+01 1.798457310715547309e-03
-3.999662018675600006e+00 -4.420390645733797141e-01 1.681494816985998342e-01 8.589919998930845679e+01 1.798457310715547309e-03
-3.675124598206021886e+00 -4.414777666216159191e-01 1.581483228272267116e-01 7.894472221404674883e+01 1.273324022413806211e-03
-4.425205731565139189e+00 -4.438515223829532785e-01 1.584035874355347040e-01 7.350472148746786161e+01 1.278341819273997280e-03
-4.744041864003324172e+00 -4.436648972271725055e-01 1.605910542933167151e-01 6.618740229396523489e+01 1.483333215844916467e-03
-4.581512962777955167e+00 -4.431713409680038684e-01 1.585582690173592268e-01 6.183692781029529328e+01 1.660014145544255922e-03
-4.091159053175042359e+00 -4.424114677340396651e-01 1.434086207562523252e-01 7.046321016511500090e+01 1.427160535637544535e-03
-4.091159053175042359e+00 -4.424114677340396651e-01 1.434086207562523252e-01 7.046321016511500090e+01 1.427160535637544535e-03
-4.091159053175042359e+00 -4.424114677340396651e-01 1.434086207562523252e-01 7.046321016511500090e+01 1.427160535637544535e-03
-4.091159053175042359e+00 -4.424114677340396651e-01 1.434086207562523252e-01 7.046321016511500090e+01 1.427160535637544535e-03
-4.091159053175042359e+00 -4.424114677340396651e-01 1.434086207562523252e-01 7.046321016511500090e+01 1.427160535637544535e-03
-4.091159053175042359e+00 -4.424114677340396651e-01 1.434086207562523252e-01 7.046321016511500090e+01 1.427160535637544535e-03
-4.564070191130700671e+00 -4.517604638559269414e-01 1.445213198387792219e-01 6.405771800891682233e+01 1.576262624774588984e-03
-4.312302933096354707e+00 -4.629844675501708084e-01 1.257742817057563300e-01 7.376191511838818826e+01 1.267330615825063575e-03
-4.709485151384810386e+00 -4.651771099918333152e-01 1.476086512864732414e-01 8.453569671059963753e+01 2.445183289586444313e-03
-4.556438813358421491e+00 -4.692198555507683388e-01 1.467147437931131393e-01 8.430115712950652096e+01 2.132213169399615853e-03
-3.827822010309825274e+00 -4.787574309589372468e-01 1.335503891984391456e-01 7.664632547632216131e+01 1.476497473537338474e-03
-3.827822010309825274e+00 -4.787574309589372468e-01 1.335503891984391456e-01 7.664632547632216131e+01 1.476497473537338474e-03
-3.969482931985958363e+00 -5.079351239855675049e-01 1.217846156668400820e-01 8.782680101826413477e+01 1.404915816153984309e-03
-4.298812453201090733e+00 -4.975202755348313022e-01 1.390038119231915559e-01 7.832901244083782899e+01 1.106719521949244608e-03
-3.576687345036858368e+00 -4.907656939559283393e-01 1.761034595646867318e-01 8.145154512699059524e+01 1.057346730160430622e-03
-3.159085327457627379e+00 -4.858673141549913477e-01 1.547564963762808887e-01 8.072112588999658556e+01 1.276516855558169558e-03
-3.433745504286034311e+00 -5.042163557956594877e-01 1.856390229229123168e-01 8.099172641436108222e+01 1.139881069739523325e-03
-3.608992200928682337e+00 -5.149717709686245648e-01 1.979199625595066958e-01 7.028190269323771133e+01 8.689387766935812839e-04
-3.582418144634869517e+00 -5.048574666819450885e-01 1.941868839350875953e-01 8.064245027857465686e+01 1.323150516028407005e-03
-3.871432642732993035e+00 -5.338509218096526565e-01 1.600089715408334612e-01 8.470277294659921097e+01 1.737422472396398226e-03
-3.176999315617666575e+00 -5.364469796220082687e-01 1.881080634358116843e-01 8.028038505763009880e+01 1.614168335043793517e-03
-3.517719797988749342e+00 -5.508706336344202370e-01 1.818810200526277121e-01 7.394702635484088660e+01 9.031658373671968935e-04
-3.401434343177429209e+00 -5.472654499785506443e-01 1.686114963174424886e-01 7.894763459639715109e+01 9.662116790581568417e-04
-3.215674891409915137e+00 -5.540169156464772593e-01 1.806250694376339561e-01 7.701609834818701472e+01 1.208772273478900868e-03
-3.215674891409915137e+00 -5.540169156464772593e-01 1.806250694376339561e-01 7.701609834818701472e+01 1.208772273478900868e-03
-3.299247163907919500e+00 -5.837274226610471572e-01 1.740975846161762763e-01 7.178536547846734095e+01 9.953271814485964430e-04
-3.299247163907919500e+00 -5.837274226610471572e-01 1.740975846161762763e-01 7.178536547846734095e+01 9.953271814485964430e-04
-3.841960271999042664e+00 -6.030401629263564267e-01 1.812890896631888515e-01 7.504704652466553227e+01 1.513022115627686397e-03
-3.841960271999042664e+00 -6.030401629263564267e-01 1.812890896631888515e-01 7.504704652466553227e+01 1.513022115627686397e-03
-4.231930056622298153e+00 -5.809929046652702045e-01 1.712901792998174910e-01 7.443113599485036502e+01 1.758336346978653592e-03
-3.881259316164294759e+00 -5.718387439624652568e-01 1.633666051745518155e-01 7.343690924940784726e+01 9.788258651234661451e-04
-3.881259316164294759e+00 -5.718387439624652568e-01 1.633666051745518155e-01 7.343690924940784726e+01 9.788258651234661451e-04
-3.881259316164294759e+00 -5.718387439624652568e-01 1.633666051745518155e-01 7.343690924940784726e+01 9.788258651234661451e-04
-3.881259316164294759e+00 -5.718387439624652568e-01 1.633666051745518155e-01 7.343690924940784726e+01 9.788258651234661451e-04
-3.881259316164294759e+00 -5.718387439624652568e-01 1.633666051745518155e-01 7.343690924940784726e+01 9.788258651234661451e-04
-4.159766627859404764e+00 -5.688286386333858413e-01 1.671054289392973347e-01 6.878875026879491372e+01 1.085790650611454140e-03
-4.648896311195803932e+00 -5.673835044408230832e-01 1.429257181288260681e-01 7.034377871034347152e+01 1.148960095067289629e-03
-4.527696077931630647e+00 -5.733317581523323936e-01 1.353857896541954264e-01 8.052561059940700261e+01 1.508448874200765503e-03
-4.378387018495745409e+00 -5.489108794614826481e-01 1.574375512475063577e-01 7.649302603311059556e+01 1.666607146292003756e-03
-4.378387018495745409e+00 -5.489108794614826481e-01 1.574375512475063577e-01 7.649302603311059556e+01 1.666607146292003756e-03
-3.593728608592326346e+00 -5.541124891123428986e-01 1.531969634137734793e-01 8.109300015032638953e+01 1.019709255109480569e-03
-3.277593771157004010e+00 -5.626007254879186181e-01 1.298312608440088944e-01 8.783123175388033133e+01 1.001894173252899358e-03
-3.690558669118664259e+00 -5.767270374884851947e-01 1.415230674686833723e-01 8.559234150692202547e+01 1.385438263961300421e-03
-3.859982456450093746e+00 -5.916367946551769341e-01 1.137719911449430327e-01 8.286120799740808707e+01 1.275593894200838154e-03
-3.532431738537605614e+00 -6.180291130270373356e-01 1.255418242600139234e-01 8.587453419927398102e+01 1.117761283115514641e-03
-3.358718261839619856e+00 -6.337203118483132336e-01 1.324541954980577307e-01 8.181299772087629663e+01 9.608299343226011247e-04
-4.074148460320797582e+00 -6.432171604592579195e-01 1.243713407722165792e-01 7.686038981415046578e+01 9.586255546225521534e-04
-4.757222226287408873e+00 -6.241277178292075067e-01 1.117598007602880472e-01 8.561291125425110238e+01 1.361168529979263657e-03
-4.683725291984473849e+00 -6.107718135471373877e-01 1.148037151816168749e-01 7.978139505213326288e+01 9.810752189957673564e-04
-4.994245548796749645e+00 -5.781091803731092105e-01 1.054243323725425757e-01 7.287911988317426903e+01 1.054938666941365906e-03
-4.994245548796749645e+00 -5.781091803731092105e-01 1.054243323725425757e-01 7.287911988317426903e+01 1.054938666941365906e-03
-4.994245548796749645e+00 -5.781091803731092105e-01 1.054243323725425757e-01 7.287911988317426903e+01 1.054938666941365906e-03
-3.940374489980810857e+00 -5.762868000393774892e-01 1.158006857721535915e-01 7.845693917365153425e+01 1.307536856454054579e-03
-3.360809332041089448e+00 -5.952662839723543708e-01 1.195935416143041469e-01 8.561751787645697220e+01 1.172890814654572750e-03
-3.234809599807590530e+00 -6.120056032914930055e-01 1.022800853669092042e-01 8.489729620916729402e+01 1.608309488917943498e-03
-3.453546740853505881e+00 -5.970757838904191539e-01 1.000626315953493800e-01 8.673657147850396143e+01 1.779089671962880061e-03
-3.453546740853505881e+00 -5.970757838904191539e-01 1.000626315953493800e-01 8.673657147850396143e+01 1.779089671962880061e-03
-3.487843315916004716e+00 -5.995298751611902732e-01 1.206135471772377676e-01 8.509879689528531799e+01 1.132222727719016993e-03
-3.188544048550159271e+00 -6.261914489105168125e-01 1.072952420314269573e-01 8.747894745478818379e+01 1.077884537733667363e-03
-3.188544048550159271e+00 -6.261914489105168125e-01 1.072952420314269573e-01 8.747894745478818379e+01 1.077884537733667363e-03
-3.489668775362855246e+00 -6.193039135750336710e-01 1.096934143834462222e-01 8.118139802754146217e+01 1.516561219490673938e-03
-3.252835250668504763e+00 -6.114301673155729810e-01 1.330650845423567985e-01 8.412687858093917725e+01 9.168812958523579444e-04
-3.920729255320676732e+00 -6.169520284490577211e-01 1.295827284073327590e-01 7.458897248318170625e+01 1.004191924851751154e-03
-3.920729255320676732e+00 -6.169520284490577211e-01 1.295827284073327590e-01 7.458897248318170625e+01 1.004191924851751154e-03
-4.112474631272637460e+00 -6.242005581084654198e-01 1.245370425213089272e-01 7.036174052105607757e+01 1.163955652140864251e-03
-4.112474631272637460e+00 -6.242005581084654198e-01 1.245370425213089272e-01 7.036174052105607757e+01 1.163955652140864251e-03
-4.409981538054301708e+00 -6.392963855429125708e-01 1.214584723412720502e-01 6.731687008916664183e+01 1.281734534826262355e-03
-4.234689049602112121e+00 -6.265239681333277799e-01 1.592582776709576819e-01 6.049402754802863313e+01 1.249699339600037710e-03
-4.234689049602112121e+00 -6.265239681333277799e-01 1.592582776709576819e-01 6.049402754802863313e+01 1.249699339600037710e-03
-4.484203380488324342e+00 -6.505458320632448999e-01 1.482840189903959771e-01 6.314925583026470690e+01 1.196402821327085825e-03
-4.271260000414411451e+00 -6.466184207010772234e-01 1.396586975920380280e-01 6.617453376512014529e+01 1.045620124372803432e-03
-4.271260000414411451e+00 -6.466184207010772234e-01 1.396586975920380280e-01 6.617453376512014529e+01 1.045620124372803432e-03
-3.908336186797069622e+00 -6.443450569777225967e-01 1.311210331468504187e-01 7.268634690442058854e+01 9.836524716976952337e-04
-4.464983541419192292e+00 -6.465766959885115295e-01 1.458662778485614320e-01 7.064287290300765676e+01 1.150831889993577046e-03
-4.719903783943317777e+00 -6.547059986778496210e-01 1.496715384434891272e-01 6.758811831290584848e+01 1.275951476650018495e-03
-4.719903783943317777e+00 -6.547059986778496210e-01 1.496715384434891272e-01 6.758811831290584848e+01 1.275951476650018495e-03
-4.719903783943317777e+00 -6.547059986778496210e-01 1.496715384434891272e-01 6.758811831290584848e+01 1.275951476650018495e-03
-4.559006037260308730e+00 -6.493732852196766325e-01 1.579428872179981791e-01 6.918351882764147831e+01 1.475739619142374089e-03
-4.593075065525554557e+00 -6.597657985332378017e-01 1.377641016085718317e-01 6.003091481250349659e+01 1.564953845482016000e-03
-4.841503706898413917e+00 -6.729034233708603985e-01 1.022104154417634858e-01 7.903609507230635245e+01 8.870262834150076771e-04
-4.168309795434341325e+00 -6.723370183910915010e-01 1.261679876437789560e-01 7.377152591561950601e+01 9.096094134536222755e-04
-4.168309795434341325e+00 -6.723370183910915010e-01 1.261679876437789560e-01 7.377152591561950601e+01 9.096094134536222755e-04
-4.394400123651529100e+00 -7.029635174537482989e-01 1.286752897506503734e-01 7.408331699438967632e+01 9.663751153978131616e-04
-4.098224841315139422e+00 -7.077668950909342671e-01 1.232725520340913899e-01 7.744887397641306848e+01 9.625784503490746134e-04
-4.098224841315139422e+00 -7.077668950909342671e-01 1.232725520340913899e-01 7.744887397641306848e+01 9.625784503490746134e-04
-4.098224841315139422e+00 -7.077668950909342671e-01 1.232725520340913899e-01 7.744887397641306848e+01 9.625784503490746134e-04
-3.458269155160242470e+00 -6.943229657878512429e-01 1.391862050375158033e-01 7.611155213695639077e+01 8.674021225911404459e-04
-3.458269155160242470e+00 -6.943229657878512429e-01 1.391862050375158033e-01 7.611155213695639077e+01 8.674021225911404459e-04
-4.299202193531534100e+00 -6.828571515793639968e-01 1.156231582256168344e-01 8.040222832883523552e+01 1.022177446566489931e-03
-4.115593857023696955e+00 -6.845038048954603660e-01 1.215740684231637336e-01 8.090674612766711959e+01 1.100049553892330518e-03
-4.561904548697672368e+00 -6.978222998210797945e-01 9.465436142629995997e-02 7.408169058889622249e+01 1.477506515466187921e-03
-4.479848490534749317e+00 -6.934888503297709228e-01 1.087442681738646777e-01 8.125606875580845667e+01 9.845564124366325189e-04
-4.361436885887317594e+00 -6.937221817607448493e-01 1.189169210824447404e-01 8.535224490160931055e+01 1.543560819582183398e-03
-4.433094154755438332e+00 -7.276617893375862955e-01 1.263777267100437973e-01 8.576854853479792951e+01 2.045401902041446389e-03
-4.257978773263445760e+00 -7.120398098618244687e-01 1.313627441925976080e-01 8.598236420238453093e+01 2.127825321734684322e-03
-4.257978773263445760e+00 -7.120398098618244687e-01 1.313627441925976080e-01 8.598236420238453093e+01 2.127825321734684322e-03
-3.926618765263488520e+00 -7.058517371254832140e-01 1.420776669878873189e-01 7.536067127918238384e+01 1.024923545528645978e-03
-3.680498270527924554e+00 -7.021470355460726065e-01 1.536320281303174551e-01 7.199187803577594025e+01 8.873195218047679259e-04
-3.489900506517936485e+00 -7.408868147460078157e-01 1.576754090057221336e-01 6.946877895446898776e+01 8.732379001210143063e-04
-3.198742092491356548e+00 -7.287741307876975938e-01 1.350827669604046100e-01 6.745796336747496014e+01 1.486852081410139793e-03
-4.141324976135810410e+00 -7.075811175241439877e-01 1.173768238739162223e-01 6.597029773903908278e+01 1.616716366619038977e-03
-4.141324976135810410e+00 -7.075811175241439877e-01 1.173768238739162223e-01 6.597029773903908278e+01 1.616716366619038977e-03
-3.811906840855210366e+00 -7.435162897801431692e-01 1.165973439334037354e-01 7.805877954172950695e+01 9.933304345615171470e-04
-3.487620939568553347e+00 -7.424299935992796362e-01 1.017262859315864326e-01 7.914976080698488659e+01 1.499716963249355176e-03
-4.160627056996306194e+00 -7.454878355365354148e-01 1.341337826243865217e-01 8.063802532120523381e+01 1.523126428174608913e-03
-4.160627056996306194e+00 -7.454878355365354148e-01 1.341337826243865217e-01 8.063802532120523381e+01 1.523126428174608913e-03
-4.160627056996306194e+00 -7.454878355365354148e-01 1.341337826243865217e-01 8.063802532120523381e+01 1.523126428174608913e-03
-4.152872552032423670e+00 -7.316849028209291284e-01 1.219702617722562693e-01 8.202219701821405806e+01 1.252920612843152343e-03
-3.839260888393857041e+00 -7.148326781178091505e-01 1.164572806914743741e-01 8.635468361486050526e+01 1.354810129383324929e-03
-4.299944987512626327e+00 -7.159643092304347478e-01 1.254161178383238207e-01 8.569634072169715466e+01 1.856374458687468695e-03
-3.453522309979821348e+00 -6.977451249709601955e-01 1.445948955958057669e-01 8.439105463704267152e+01 1.467494738320617277e-03
-3.453522309979821348e+00 -6.977451249709601955e-01 1.445948955958057669e-01 8.439105463704267152e+01 1.467494738320617277e-03
-3.166860824106796368e+00 -6.840401803396158886e-01 1.462529151840923636e-01 7.874776889321830708e+01 1.053857087381871328e-03
-3.842280851537364761e+00 -6.853640543214885028e-01 1.377801584648217226e-01 7.706462323642833212e+01 9.909788946789873602e-04
-4.153837424036688653e+00 -6.628512287822088123e-01 1.361596771621816360e-01 7.884522931617459562e+01 1.233508902772956347e-03
-4.153837424036688653e+00 -6.628512287822088123e-01 1.361596771621816360e-01 7.884522931617459562e+01 1.233508902772956347e-03
-4.486717820274165547e+00 -6.527178430682950561e-01 1.427676968814577951e-01 6.941904446758353231e+01 1.071495291410678790e-03
-3.776370623441990926e+00 -6.611231043041405631e-01 1.276615519629512585e-01 7.807540095797993729e+01 9.785732774475132574e-04
-3.776370623441990926e+00 -6.611231043041405631e-01 1.276615519629512585e-01 7.807540095797993729e+01 9.785732774475132574e-04
-3.939720542629862710e+00 -6.589276058418009896e-01 1.297017355276480488e-01 7.645966375699465800e+01 9.465428327892616827e-04
-3.103118246143953485e+00 -6.662284988270468222e-01 1.534313379499032959e-01 6.892782880816513114e+01 1.386841537072351638e-03
-3.783713863694549318e+00 -6.551366592454063165e-01 1.421637287023391760e-01 7.681453675894546507e+01 9.716772387604710303e-04
-3.783713863694549318e+00 -6.551366592454063165e-01 1.421637287023391760e-01 7.681453675894546507e+01 9.716772387604710303e-04
-3.783713863694549318e+00 -6.551366592454063165e-01 1.421637287023391760e-01 7.681453675894546507e+01 9.716772387604710303e-04
-3.418524625236853520e+00 -6.729069224410662020e-01 1.450842912095685611e-01 6.382205809923034678e+01 1.601526100583513124e-03
-3.918783665840139818e+00 -6.892907816760818207e-01 1.556276817666303325e-01 7.383769676361393408e+01 1.148154219992808230e-03
-3.918783665840139818e+00 -6.892907816760818207e-01 1.556276817666303325e-01 7.383769676361393408e+01 1.148154219992808230e-03
-3.918783665840139818e+00 -6.892907816760818207e-01 1.556276817666303325e-01 7.383769676361393408e+01 1.148154219992808230e-03
-3.712843770407917798e+00 -6.904561751028210903e-01 1.313559082494904218e-01 8.193993906514384662e+01 1.174299169929944858e-03
-3.621292170034559277e+00 -6.822290968141833112e-01 1.228611882714091552e-01 7.949764725478334526e+01 1.033573874761026506e-03
-3.621292170034559277e+00 -6.822290968141833112e-01 1.228611882714091552e-01 7.949764725478334526e+01 1.033573874761026506e-03
-3.655036884498048977e+00 -6.608085067254219069e-01 1.025427941647413660e-01 8.790368820216357904e+01 1.506430052521252547e-03
-4.737271220615294709e+00 -6.671941965344262426e-01 1.365202458061483548e-01 7.686949509084344356e+01 1.514999754276065164e-03
-4.117604145319253561e+00 -6.789554387491064658e-01 1.124693232049141234e-01 7.512080169278385711e+01 1.090524269126955581e-03
-4.117604145319253561e+00 -6.789554387491064658e-01 1.124693232049141234e-01 7.512080169278385711e+01 1.090524269126955581e-03
-3.881246062855327583e+00 -6.717022464988844366e-01 1.011286725474659642e-01 7.854409242848450390e+01 1.608794162413613570e-03
-3.881246062855327583e+00 -6.717022464988844366e-01 1.011286725474659642e-01 7.854409242848450390e+01 1.608794162413613570e-03
-3.111667071328385159e+00 -6.801858190356359080e-01 9.070444992019834063e-02 8.129414466476103485e+01 1.960327116775023235e-03
-3.111667071328385159e+00 -6.801858190356359080e-01 9.070444992019834063e-02 8.129414466476103485e+01 1.960327116775023235e-03
-3.111667071328385159e+00 -6.801858190356359080e-01 9.070444992019834063e-02 8.129414466476103485e+01 1.960327116775023235e-03
-3.069513417432779168e+00 -6.615434344791530918e-01 1.244426745327499723e-01 7.691146214952304661e+01 1.063409416648794861e-03
-3.069513417432779168e+00 -6.615434344791530918e-01 1.244426745327499723e-01 7.691146214952304661e+01 1.063409416648794861e-03
-3.182671615598698267e+00 -6.713707927485536020e-01 1.391387175266157183e-01 8.266247010986008092e+01 1.028949085417270835e-03
-3.183339498696855063e+00 -6.575465442299081031e-01 1.342626678694538445e-01 8.361858218118334207e+01 9.629004267655532755e-04
-4.180499842862273496e+00 -6.503089215464830097e-01 1.096102811451291764e-01 7.613498281091662534e+01 1.133234041508416170e-03
-4.440352786918331240e+00 -6.304016711738337220e-01 1.143363184140123862e-01 7.545814419005279206e+01 9.433794905082541803e-04
-4.440352786918331240e+00 -6.304016711738337220e-01 1.143363184140123862e-01 7.545814419005279206e+01 9.433794905082541803e-04
-3.858107106673666742e+00 -6.487392700108918220e-01 1.336381209924559221e-01 7.639952105141027516e+01 9.393529822243297175e-04
-3.858107106673666742e+00 -6.487392700108918220e-01 1.336381209924559221e-01 7.639952105141027516e+01 9.393529822243297175e-04
-3.675251911316925746e+00 -6.479376284088915749e-01 1.338750087477075246e-01 8.092883140604381254e+01 1.075222496044339528e-03
-4.163910464534075651e+00 -6.682897666824944016e-01 1.603351266744716674e-01 7.062641207763877560e+01 1.229926772536517072e-03
-3.588361398809085667e+00 -6.649756301623828136e-01 1.607847836673331754e-01 6.339981910539110999e+01 1.134841728323306327e-03
-3.588361398809085667e+00 -6.649756301623828136e-01 1.607847836673331754e-01 6.339981910539110999e+01 1.134841728323306327e-03
-4.118782380228465101e+00 -6.700798164424001113e-01 1.622374004133209091e-01 6.335155679199108647e+01 1.036504094336541774e-03
-4.118782380228465101e+00 -6.700798164424001113e-01 1.622374004133209091e-01 6.335155679199108647e+01 1.036504094336541774e-03
-4.118782380228465101e+00 -6.700798164424001113e-01 1.622374004133209091e-01 6.335155679199108647e+01 1.036504094336541774e-03
-4.276582700900156020e+00 -6.720014246605923169e-01 1.533837180446000481e-01 7.042662669443538448e+01 1.176619889658621788e-03
-4.276582700900156020e+00 -6.720014246605923169e-01 1.533837180446000481e-01 7.042662669443538448e+01 1.176619889658621788e-03
-3.738635529136329794e+00 -6.846545859240699139e-01 1.387627165407799568e-01 6.798364766957347172e+01 1.061250681621094330e-03
-4.176314271678986501e+00 -6.770672593307164311e-01 1.165151446780987449e-01 7.640615195880823762e+01 9.554714156595218305e-04
-4.176314271678986501e+00 -6.770672593307164311e-01 1.165151446780987449e-01 7.640615195880823762e+01 9.554714156595218305e-04
-4.844734428277401861e+00 -6.554793373100886722e-01 9.375361208181182127e-02 8.080718541230346830e+01 9.800784984492889006e-04
-4.844734428277401861e+00 -6.554793373100886722e-01 9.375361208181182127e-02 8.080718541230346830e+01 9.800784984492889006e-04
-4.844734428277401861e+00 -6.554793373100886722e-01 9.375361208181182127e-02 8.080718541230346830e+01 9.800784984492889006e-04
-4.292404736832136969e+00 -6.521222253129151936e-01 9.446528825362535131e-02 7.921054208659562335e+01 1.430002197551515173e-03
-4.604862335322997602e+00 -6.419826873224351305e-01 1.218014263161638910e-01 8.113518430329030195e+01 1.253805841206440206e-03
-4.372791546265506923e+00 -6.387132761836608053e-01 1.361229351356589012e-01 7.978993012131778073e+01 1.471278939257810326e-03
-4.361411959625217882e+00 -6.378383681538166705e-01 9.515296009320370341e-02 7.716115295951541952e+01 1.500811105754586627e-03
-4.361411959625217882e+00 -6.378383681538166705e-01 9.515296009320370341e-02 7.716115295951541952e+01 1.500811105754586627e-03
-4.815667717275271542e+00 -6.262464226342895346e-01 8.561778188630518593e-02 8.316689698889781823e+01 1.183934853308827662e-03
-4.775590446550546098e+00 -6.211355590728369069e-01 8.400990503701849521e-02 8.497189011062525310e+01 1.203148752058794384e-03
-4.958125963740536157e+00 -6.296844343024767809e-01 1.120629087988887357e-01 8.926489777514547086e+01 1.950109907186656742e-03
