-4.347666268991798866e+00 -8.026696726519506608e-01 1.349175640508685770e-01 6.501769266755221111e+01 1.014205360852427594e-03
-3.939915192066243854e+00 -7.697508181521366399e-01 1.458401802686243032e-01 6.424399719466548220e+01 9.716876056375643462e-04
-3.642336491879339277e+00 -8.839098938441576347e-01 1.484549261851505764e-01 7.298196261006918917e+01 1.100970124634430758e-03
-3.571425498491073380e+00 -9.594091405295022135e-01 1.400138400530372973e-01 7.251829892929926302e+01 9.743694914264311186e-04
-4.078687455708774223e+00 -9.869231290560075420e-01 1.578300019267722398e-01 6.239838746953709148e+01 1.109804567034115017e-03
-4.372063734669842106e+00 -9.777417486676226455e-01 1.345284030151286392e-01 6.353894318238953076e+01 1.015196106895095100e-03
-4.087292267400787438e+00 -8.422790268497624133e-01 1.353125760734442129e-01 6.530566059784764832e+01 9.652470192964393613e-04
-4.277021057146868976e+00 -8.557233595325542952e-01 1.325106849823963484e-01 7.161167212685288064e+01 9.638184735002362736e-04
-4.277021057146868976e+00 -8.557233595325542952e-01 1.325106849823963484e-01 7.161167212685288064e+01 9.638184735002362736e-04
-4.150950553650862851e+00 -8.694213129667324180e-01 1.547868778870909456e-01 6.164805844893120934e+01 1.073488904673641818e-03
-4.257701517972829919e+00 -7.059835896561987845e-01 1.379685333601908814e-01 6.883266743348742978e+01 9.318755930946723103e-04
-4.208161809330393410e+00 -7.865286740111543384e-01 1.439586884690448598e-01 7.146790091739995887e+01 1.100463743260089201e-03
-4.208161809330393410e+00 -7.865286740111543384e-01 1.439586884690448598e-01 7.146790091739995887e+01 1.100463743260089201e-03
-4.200029931186659127e+00 -8.062499404759627675e-01 1.327218457579438515e-01 7.320705182243939646e+01 9.772489376245786785e-04
-3.974425174124407434e+00 -8.208875509953581506e-01 1.217111118555167099e-01 7.913322968637851318e+01 1.062155077122249082e-03
-3.974425174124407434e+00 -8.208875509953581506e-01 1.217111118555167099e-01 7.913322968637851318e+01 1.062155077122249082e-03
-3.974425174124407434e+00 -8.208875509953581506e-01 1.217111118555167099e-01 7.913322968637851318e+01 1.062155077122249082e-03
-4.587575711488597108e+00 -8.382954692759236881e-01 1.282228684815206743e-01 7.108467570798339352e+01 9.543031179568485945e-04
-4.587575711488597108e+00 -8.382954692759236881e-01 1.282228684815206743e-01 7.108467570798339352e+01 9.543031179568485945e-04
-4.335866796733069073e+00 -7.502177280403348192e-01 1.148089345351620688e-01 7.160541327242314935e+01 9.886462537411074784e-04
-4.335866796733069073e+00 -7.502177280403348192e-01 1.148089345351620688e-01 7.160541327242314935e+01 9.886462537411074784e-04
-4.904001010638848967e+00 -8.437901727270800123e-01 1.023158295481403218e-01 7.659806955767976433e+01 8.720115396016233766e-04
-4.277564092397416751e+00 -7.866503578562565879e-01 1.071658822257769705e-01 7.928382906416933906e+01 9.589052956379159713e-04
-4.335602842159301140e+00 -8.174387511165255304e-01 1.093622881529486834e-01 8.307912894672391246e+01 1.178016771920164119e-03
-4.558264408325308104e+00 -8.649299952985302076e-01 8.299922556060401746e-02 8.397970820631334732e+01 1.244611466077609301e-03
-4.289325717413049688e+00 -8.529162869255869639e-01 1.002221943981778385e-01 6.842942237038293740e+01 1.761594051433485733e-03
-3.745687021231092650e+00 -8.925224314124637903e-01 9.355591716126558655e-02 7.330313782195662498e+01 1.958743894248250739e-03
-3.312297567014902633e+00 -9.189602162135368513e-01 8.985836759859482104e-02 7.118112126110750637e+01 2.766514365425842663e-03
-3.235908801417695102e+00 -8.708017112467851817e-01 9.487321335088147456e-02 7.075234014826476425e+01 2.580900642645858958e-03
-3.455782900633107779e+00 -9.136603935978551139e-01 9.768191194296978186e-02 6.358152097173466188e+01 3.424402461729856174e-03
-3.139668910990514927e+00 -9.600623309373125247e-01 1.018646130414190693e-01 7.026107729701165283e+01 1.720709348569479007e-03
-3.139668910990514927e+00 -9.600623309373125247e-01 1.018646130414190693e-01 7.026107729701165283e+01 1.720709348569479007e-03
-3.661394893461808575e+00 -8.551472631722951689e-01 1.149951337306208965e-01 6.494298067642145611e+01 1.881104415005502382e-03
-3.565976910799456334e+00 -8.032981156878500340e-01 1.169476857681003984e-01 6.535867120608398295e+01 1.984712134503758413e-03
-3.541952191506192893e+00 -7.534523242073463134e-01 1.185745780247202674e-01 6.497317497799252806e+01 2.200092052024280129e-03
-3.474589165282022218e+00 -7.646080594934339114e-01 1.204965197770106744e-01 7.537693204048797213e+01 9.891381897991942396e-04
-3.008227624425858338e+00 -8.136558945784476693e-01 1.288134788921379281e-01 7.326563075063570807e+01 1.000647195669653131e-03
-3.046244088411302453e+00 -6.640414105462404404e-01 1.259941770948178608e-01 7.185776446792463901e+01 1.329656067610167271e-03
-3.021861142270143130e+00 -6.492668707020115004e-01 1.405829177666486351e-01 7.924009923520367238e+01 1.393671129286667282e-03
-3.135497832251017414e+00 -6.840600878029380327e-01 1.392545844760930684e-01 7.751718748665057035e+01 1.004102068566806085e-03
-3.407054719478225024e+00 -6.242725062147855830e-01 1.245314501941657964e-01 8.709214304150314945e+01 1.148963176217649221e-03
-3.636360563221463504e+00 -6.242611399063322519e-01 1.292129474167134084e-01 7.504137384950794853e+01 1.159392339297240235e-03
-3.636360563221463504e+00 -6.242611399063322519e-01 1.292129474167134084e-01 7.504137384950794853e+01 1.159392339297240235e-03
-4.098839299259485536e+00 -5.820868020650256103e-01 1.190069664534146449e-01 8.172101853410998729e+01 1.094281442988661712e-03
-4.088361612335972950e+00 -6.900897044905917044e-01 1.151375174673942292e-01 7.558634963632097481e+01 1.013763561428990961e-03
-3.434911919820282655e+00 -7.258095946578480007e-01 1.186763203218200030e-01 7.578326572632778380e+01 1.115469787251387570e-03
-3.434911919820282655e+00 -7.258095946578480007e-01 1.186763203218200030e-01 7.578326572632778380e+01 1.115469787251387570e-03
-3.426542862785236121e+00 -6.849366300937137497e-01 1.295223225139116585e-01 7.655218455604800454e+01 9.500504277232558201e-04
-3.426542862785236121e+00 -6.849366300937137497e-01 1.295223225139116585e-01 7.655218455604800454e+01 9.500504277232558201e-04
-3.151351961573516380e+00 -7.608553185874314950e-01 1.188731643742558658e-01 7.525870598617291307e+01 1.054201512266452834e-03
-3.151351961573516380e+00 -7.608553185874314950e-01 1.188731643742558658e-01 7.525870598617291307e+01 1.054201512266452834e-03
-3.234829744995635359e+00 -8.681929947753215249e-01 1.240096034073387421e-01 7.668302126088400428e+01 8.509536688424160179e-04
-3.234829744995635359e+00 -8.681929947753215249e-01 1.240096034073387421e-01 7.668302126088400428e+01 8.509536688424160179e-04
-3.234829744995635359e+00 -8.681929947753215249e-01 1.240096034073387421e-01 7.668302126088400428e+01 8.509536688424160179e-04
-3.612710630342109486e+00 -7.989098002648192809e-01 1.228880451337148461e-01 8.049495184694792727e+01 1.028105642316515158e-03
-3.222225016519786323e+00 -7.204421515340435622e-01 1.211953367018432648e-01 8.351251158993709112e+01 9.019621566285075491e-04
-3.807277711785153063e+00 -5.852671150776220799e-01 1.305638897661683950e-01 7.857658470397274186e+01 1.039378748896156116e-03
-4.064182496849263693e+00 -6.178548495608214841e-01 1.285369836375825081e-01 7.046996758891988577e+01 1.101633339222381170e-03
-4.513311359895662456e+00 -7.163346343385770254e-01 1.335972218335616524e-01 6.488230530142756436e+01 1.104971888556656370e-03
-4.729994134505225212e+00 -6.700950760848449761e-01 1.228932331177497866e-01 6.836107956155410648e+01 1.016816178014432652e-03
-4.807136199595849924e+00 -5.939368061304828306e-01 1.222366133682696587e-01 7.066086421583985100e+01 9.738554538324764066e-04
-4.815574612523040088e+00 -4.211695916784661264e-01 1.448104245675166935e-01 6.638281235011747583e+01 1.390142970831600468e-03
-4.468739071219577141e+00 -3.628499153983272274e-01 1.407569881681654811e-01 7.129194858260873957e+01 1.470588262772503079e-03
-4.468739071219577141e+00 -3.628499153983272274e-01 1.407569881681654811e-01 7.129194858260873957e+01 1.470588262772503079e-03
-4.579828041900109170e+00 -3.294086106351095666e-01 1.456891601665742386e-01 6.506950564733962494e+01 2.225174817788356033e-03
-3.953448359491909425e+00 -4.294522961703524655e-01 1.543547940882820102e-01 6.056992498932885383e+01 2.813451392467729989e-03
-4.151987892642242883e+00 -4.796991170831436668e-01 1.708701384148497149e-01 7.583961489814569745e+01 1.337553493431961529e-03
-4.795298943674301206e+00 -4.901947425720896701e-01 1.532097285730525393e-01 7.527660333086637934e+01 1.785139487554109972e-03
-4.922974038454515977e+00 -3.998706249169051152e-01 1.381597438770278408e-01 6.376651521903964692e+01 1.676166313907699514e-03
-4.883160342119441388e+00 -3.926966752527295546e-01 1.463748942714610535e-01 6.524108498374226883e+01 1.515154226148557673e-03
-4.470304846267661780e+00 -3.642803608071579213e-01 1.465550305194358860e-01 6.776407221263484359e+01 1.678225988311264844e-03
-4.470304846267661780e+00 -3.642803608071579213e-01 1.465550305194358860e-01 6.776407221263484359e+01 1.678225988311264844e-03
-4.470304846267661780e+00 -3.642803608071579213e-01 1.465550305194358860e-01 6.776407221263484359e+01 1.678225988311264844e-03
-4.397578872460068844e+00 -3.689895372109150418e-01 1.374785471069942255e-01 6.564858904563290309e+01 2.340781805275497871e-03
-4.638232052611496847e+00 -2.557557135255739134e-01 1.482697016871626639e-01 7.154435567977304800e+01 2.034183991214145656e-03
-4.638232052611496847e+00 -2.557557135255739134e-01 1.482697016871626639e-01 7.154435567977304800e+01 2.034183991214145656e-03
-4.638232052611496847e+00 -2.557557135255739134e-01 1.482697016871626639e-01 7.154435567977304800e+01 2.034183991214145656e-03
-4.521508646516665841e+00 -3.362686598189409959e-01 1.575059245448813539e-01 7.586642390456279372e+01 1.348482525791578051e-03
-4.521508646516665841e+00 -3.362686598189409959e-01 1.575059245448813539e-01 7.586642390456279372e+01 1.348482525791578051e-03
-4.172761016501236320e+00 -5.043133336238641018e-01 1.483912838554505842e-01 7.443862621485480702e+01 9.979448240007013967e-04
-4.240015712556496119e+00 -5.758592478252806401e-01 1.391450805933532875e-01 6.591332305023404103e+01 1.205272094236659779e-03
-4.490098228273302183e+00 -5.267946714349938109e-01 1.369824927527510117e-01 7.255417322600838759e+01 1.031086203095603337e-03
-4.286754379621508626e+00 -4.510695169554970740e-01 1.354516383478552854e-01 6.886558434747644242e+01 1.498396887588097134e-03
-4.707659360542153060e+00 -4.576065939907623670e-01 1.345337652504353110e-01 7.564646361592356527e+01 1.116380056034211709e-03
-4.236538259780126658e+00 -4.784787345776623235e-01 1.278970982806861556e-01 7.967266779394179821e+01 1.077072606824038600e-03
-4.184532152426920781e+00 -4.046143688337306976e-01 1.213628919668798684e-01 8.364898356632569687e+01 1.412279654275442643e-03
-4.407776512537171953e+00 -3.943069660502677709e-01 1.418105073099036606e-01 7.007095577930790853e+01 1.427194390649752466e-03
-4.407776512537171953e+00 -3.943069660502677709e-01 1.418105073099036606e-01 7.007095577930790853e+01 1.427194390649752466e-03
-4.407776512537171953e+00 -3.943069660502677709e-01 1.418105073099036606e-01 7.007095577930790853e+01 1.427194390649752466e-03
-4.407776512537171953e+00 -3.943069660502677709e-01 1.418105073099036606e-01 7.007095577930790853e+01 1.427194390649752466e-03
-4.676373034809905072e+00 -5.164876112291199028e-01 1.441333758569418033e-01 6.846020841482990704e+01 1.175544245034318511e-03
-4.694286311305493342e+00 -4.402984746472331512e-01 1.547602392582118624e-01 6.728704714108546625e+01 1.374617626371323585e-03
-4.964915334982451078e+00 -4.048156381316289631e-01 1.536090022212751038e-01 6.284634552305267619e+01 1.602885099885044753e-03
-4.964915334982451078e+00 -4.048156381316289631e-01 1.536090022212751038e-01 6.284634552305267619e+01 1.602885099885044753e-03
-4.964915334982451078e+00 -4.048156381316289631e-01 1.536090022212751038e-01 6.284634552305267619e+01 1.602885099885044753e-03
-4.856346013636895442e+00 -2.726077077402013216e-01 1.581866541536128823e-01 7.022251729791530295e+01 1.711389516900447150e-03
-4.560364203650435044e+00 -3.323873469333167852e-01 1.505384636359663464e-01 6.693481785398856232e+01 1.845206412890703675e-03
-4.770036071329714744e+00 -3.686550625640145906e-01 1.680424911117416042e-01 6.210744827223734887e+01 1.874825669719399832e-03
-4.565941569060005811e+00 -4.415660041105068934e-01 1.838279397526139114e-01 6.398365783643409799e+01 1.714668955211617191e-03
-4.011101379041567050e+00 -3.336116725484900014e-01 1.801047403455665608e-01 6.658264479578211592e+01 2.019957931466820518e-03
-3.959787701040313301e+00 -2.781390548348173786e-01 1.888344717416359786e-01 7.008527425432789926e+01 2.737260853694291080e-03
-3.405570240382348679e+00 -3.441243383168361425e-01 1.787135693373664014e-01 7.638253137879624433e+01 2.727671437993955429e-03
-3.908060955772887368e+00 -3.726102052895430283e-01 1.627148366687062864e-01 8.459061178080185073e+01 1.398848086312525982e-03
-4.232722167142475733e+00 -3.621006036484145096e-01 1.629769248376008173e-01 7.259723824077393317e+01 1.251235340450196961e-03
-4.232722167142475733e+00 -3.621006036484145096e-01 1.629769248376008173e-01 7.259723824077393317e+01 1.251235340450196961e-03
-4.244347952050395278e+00 -3.864409363938773323e-01 1.676464715458725052e-01 6.944695986393125509e+01 1.226819704566402269e-03
-4.244347952050395278e+00 -3.864409363938773323e-01 1.676464715458725052e-01 6.944695986393125509e+01 1.226819704566402269e-03
-4.244347952050395278e+00 -3.864409363938773323e-01 1.676464715458725052e-01 6.944695986393125509e+01 1.226819704566402269e-03
-4.428113759367821700e+00 -3.442032935184843878e-01 1.748623809804541185e-01 7.406470733774307291e+01 1.452336661805071717e-03
-4.292321142554896163e+00 -2.874991363354955087e-01 1.673409491070480815e-01 7.590213637646029099e+01 1.542513530220012991e-03
-4.292321142554896163e+00 -2.874991363354955087e-01 1.673409491070480815e-01 7.590213637646029099e+01 1.542513530220012991e-03
-4.663259494607075339e+00 -3.423986020818794440e-01 1.682538662267308305e-01 7.018484406298925649e+01 1.599003725791303676e-03
-4.362857535112352636e+00 -2.694456172883059608e-01 1.486925784849424392e-01 7.809400204618376051e+01 1.813923348186686352e-03
-4.362857535112352636e+00 -2.694456172883059608e-01 1.486925784849424392e-01 7.809400204618376051e+01 1.813923348186686352e-03
-4.122042236930801629e+00 -3.379939202554829158e-01 1.434278292840694136e-01 6.817173699940954634e+01 2.900471784846447767e-03
-4.895611251928255747e+00 -3.097920945722236197e-01 1.373804050314070269e-01 6.455557350767530522e+01 2.195623445553331922e-03
-4.935103585832936623e+00 -3.553239992705875538e-01 1.431438822885377771e-01 7.013150187060810481e+01 1.330774932669050777e-03
-4.935103585832936623e+00 -3.553239992705875538e-01 1.431438822885377771e-01 7.013150187060810481e+01 1.330774932669050777e-03
-4.935103585832936623e+00 -3.553239992705875538e-01 1.431438822885377771e-01 7.013150187060810481e+01 1.330774932669050777e-03
-4.625193589573099118e+00 -3.902596909676407932e-01 1.669376678866868191e-01 7.321749397631347733e+01 1.651443135976842251e-03
-4.985215144751576233e+00 -3.752141316081044620e-01 1.410435250413084041e-01 6.694275772857774598e+01 1.400211849548596565e-03
-4.926522386911922347e+00 -3.470177591666135375e-01 1.422461829209823725e-01 7.029779482829417248e+01 1.340805987833507303e-03
-4.837000467642463164e+00 -4.212999956644916111e-01 1.391691451158172943e-01 6.626995149040308775e+01 1.409335439421715869e-03
-4.424619676701650128e+00 -3.948045989673457656e-01 1.506169419738454529e-01 6.494205360479907085e+01 1.734668848919530782e-03
-4.424619676701650128e+00 -3.948045989673457656e-01 1.506169419738454529e-01 6.494205360479907085e+01 1.734668848919530782e-03
-4.221349392750420648e+00 -4.329506831314408610e-01 1.386788501060979284e-01 7.817930640422954980e+01 1.102413878980810450e-03
-4.221349392750420648e+00 -4.329506831314408610e-01 1.386788501060979284e-01 7.817930640422954980e+01 1.102413878980810450e-03
-4.221349392750420648e+00 -4.329506831314408610e-01 1.386788501060979284e-01 7.817930640422954980e+01 1.102413878980810450e-03
-4.221349392750420648e+00 -4.329506831314408610e-01 1.386788501060979284e-01 7.817930640422954980e+01 1.102413878980810450e-03
-4.221349392750420648e+00 -4.329506831314408610e-01 1.386788501060979284e-01 7.817930640422954980e+01 1.102413878980810450e-03
-4.513555517032526332e+00 -4.162136748855971846e-01 1.374628738009449624e-01 7.110287818176469443e+01 1.250931513134362740e-03
-4.785045593796405150e+00 -3.420125250820556517e-01 1.392984170383352038e-01 7.148804108774827171e+01 1.359816074934364939e-03
-4.785045593796405150e+00 -3.420125250820556517e-01 1.392984170383352038e-01 7.148804108774827171e+01 1.359816074934364939e-03
-4.785045593796405150e+00 -3.420125250820556517e-01 1.392984170383352038e-01 7.148804108774827171e+01 1.359816074934364939e-03
-4.785045593796405150e+00 -3.420125250820556517e-01 1.392984170383352038e-01 7.148804108774827171e+01 1.359816074934364939e-03
-4.204567776075670338e+00 -3.626848740886228217e-01 1.411816704196482974e-01 6.939251446011296309e+01 2.148561802785568277e-03
-3.985624987852262269e+00 -4.737568765711552277e-01 1.402302970247042979e-01 7.551441913007565176e+01 1.162892512019587325e-03
-3.447402217676307501e+00 -5.320196877968075277e-01 1.467307125314203375e-01 8.034217070835029517e+01 9.923300054017808371e-04
-3.691273247107120348e+00 -6.025878433950571100e-01 1.367199299574454741e-01 7.397623595240602867e+01 1.070797890727414638e-03
-3.114110554744558890e+00 -6.231499222630910717e-01 1.241510874264991349e-01 8.104311669722081035e+01 9.978129887757429713e-04
-3.081582896055784282e+00 -6.251959743206367826e-01 1.231077852752371360e-01 7.880338657939824998e+01 1.083121687634009452e-03
-3.060068379730291888e+00 -5.883046160560996274e-01 1.320769898512959006e-01 7.740509620996104445e+01 1.190959784210273223e-03
-3.060068379730291888e+00 -5.883046160560996274e-01 1.320769898512959006e-01 7.740509620996104445e+01 1.190959784210273223e-03
-3.060068379730291888e+00 -5.883046160560996274e-01 1.320769898512959006e-01 7.740509620996104445e+01 1.190959784210273223e-03
-3.060068379730291888e+00 -5.883046160560996274e-01 1.320769898512959006e-01 7.740509620996104445e+01 1.190959784210273223e-03
-3.443726982607011600e+00 -4.887104190091552391e-01 1.222917310501879518e-01 8.728644560712628220e+01 1.529744309755630416e-03
-3.828296112776577775e+00 -5.351815761074348865e-01 1.170714414808240317e-01 7.982623432571976707e+01 1.520940229620186719e-03
-3.567885359777259957e+00 -5.451232161565962020e-01 1.210371596074831246e-01 8.892953460546156919e+01 1.343777309233847288e-03
-3.567885359777259957e+00 -5.451232161565962020e-01 1.210371596074831246e-01 8.892953460546156919e+01 1.343777309233847288e-03
-3.289973922079022284e+00 -7.021374939026479023e-01 1.083825961041377517e-01 8.816246266820363076e+01 1.108551597471531605e-03
-3.507738139178683490e+00 -6.244516352863124231e-01 1.072573366410173173e-01 8.731409350800731772e+01 1.347905119790567593e-03
-3.507738139178683490e+00 -6.244516352863124231e-01 1.072573366410173173e-01 8.731409350800731772e+01 1.347905119790567593e-03
-3.130855781217885436e+00 -6.478924330829995970e-01 1.190310897366398113e-01 7.972887589502083472e+01 1.061621677295822297e-03
-3.393571849783511230e+00 -6.391015897098325516e-01 1.198699331350907560e-01 7.484366036783234222e+01 1.535412959585103973e-03
-3.393571849783511230e+00 -6.391015897098325516e-01 1.198699331350907560e-01 7.484366036783234222e+01 1.535412959585103973e-03
-3.393571849783511230e+00 -6.391015897098325516e-01 1.198699331350907560e-01 7.484366036783234222e+01 1.535412959585103973e-03
-3.641236550369476355e+00 -7.524694031200678257e-01 1.146415108037062980e-01 6.448294461685523515e+01 2.445236103704502388e-03
-3.355793643926887615e+00 -8.032763949969755624e-01 1.172544208136889199e-01 6.093662516351064085e+01 2.980099904470949468e-03
-3.193878537858523714e+00 -8.506598755465575312e-01 1.043617263426125652e-01 7.160056475749124161e+01 1.783566711959635879e-03
-3.193878537858523714e+00 -8.506598755465575312e-01 1.043617263426125652e-01 7.160056475749124161e+01 1.783566711959635879e-03
-3.193878537858523714e+00 -8.506598755465575312e-01 1.043617263426125652e-01 7.160056475749124161e+01 1.783566711959635879e-03
-3.400554275491957767e+00 -9.337072687227110368e-01 1.107741797602645600e-01 7.982305015410899784e+01 9.543164712166513942e-04
-3.400554275491957767e+00 -9.337072687227110368e-01 1.107741797602645600e-01 7.982305015410899784e+01 9.543164712166513942e-04
-3.400554275491957767e+00 -9.337072687227110368e-01 1.107741797602645600e-01 7.982305015410899784e+01 9.543164712166513942e-04
-3.400554275491957767e+00 -9.337072687227110368e-01 1.107741797602645600e-01 7.982305015410899784e+01 9.543164712166513942e-04
-3.679777712122350941e+00 -9.306428103582867761e-01 1.118878896737228040e-01 7.652104788183520157e+01 9.483753684490583719e-04
-3.759545735956653090e+00 -9.622104403504662118e-01 1.043631218869276872e-01 8.060055562254586903e+01 1.032407876735440266e-03
-4.365131830314814110e+00 -8.980401518500498170e-01 1.120698194790418767e-01 8.310043562655454252e+01 1.330457208164683358e-03
-3.934196658419379489e+00 -9.338621059100098432e-01 1.222869719884958906e-01 7.864874133957947322e+01 1.124140078972667416e-03
-3.200057961446034938e+00 -9.499980240037858570e-01 1.411604407296349062e-01 7.713112889210506751e+01 1.292382857343121316e-03
-3.281589445634962576e+00 -8.754557872278233566e-01 1.514271489157349437e-01 7.320871083103597243e+01 1.093849919744689734e-03
-3.466865166101344986e+00 -9.130907907805437818e-01 1.561338312866015765e-01 7.723641274348685215e+01 1.782469135712409693e-03
-3.259754308716168225e+00 -8.912879615209767792e-01 1.464795145137446908e-01 7.312096429285588783e+01 1.019450687066534612e-03
-3.131080709381584004e+00 -9.405271691074058582e-01 1.484606512868869022e-01 6.688596339311045824e+01 1.109547289725595735e-03
-3.416649571404934527e+00 -9.214737210045380600e-01 1.460444473103153229e-01 6.213831924357487679e+01 1.102810666338399897e-03
-3.370763071061821936e+00 -8.995363671182661225e-01 1.599502709888696306e-01 6.980206603548096211e+01 1.115514046124799902e-03
-3.812291185452842068e+00 -7.481446637025683799e-01 1.654652149467428779e-01 6.982406536561209975e+01 1.120898116420880695e-03
-4.312270756138080863e+00 -8.135421290201310107e-01 1.427289158538154190e-01 6.470209288036893724e+01 1.005472523067775601e-03
-4.334842372768023644e+00 -8.707154403267525211e-01 1.455695832274438717e-01 6.999199999938734607e+01 1.212641435493411711e-03
-3.621095773421116881e+00 -8.881753940660424007e-01 1.293295508247328252e-01 6.925966020671530998e+01 9.025860774016157507e-04
-3.621095773421116881e+00 -8.881753940660424007e-01 1.293295508247328252e-01 6.925966020671530998e+01 9.025860774016157507e-04
-3.340647091858165219e+00 -9.387904031839903185e-01 1.533170192918267283e-01 6.336932046028729104e+01 1.007111583203155894e-03
-3.309136345985494554e+00 -8.919967482581779850e-01 1.605494112224482572e-01 7.017098900295410147e+01 1.143516768094783110e-03
-3.249195351152597500e+00 -8.595015488773267709e-01 1.514004291673036462e-01 6.818907618895359235e+01 9.690833635257094583e-04
-3.249195351152597500e+00 -8.595015488773267709e-01 1.514004291673036462e-01 6.818907618895359235e+01 9.690833635257094583e-04
-3.247680655054330234e+00 -7.890790243037409946e-01 1.381432639158000630e-01 7.990790876068621174e+01 1.056681226669860686e-03
-3.713220322919739580e+00 -8.292570004137956863e-01 1.057688019524723744e-01 8.490716886017125375e+01 1.217372887630328599e-03
-3.244110774441909761e+00 -8.271977616875579864e-01 1.182189100407270016e-01 8.511804880180235955e+01 1.072729530490481534e-03
-3.244110774441909761e+00 -8.271977616875579864e-01 1.182189100407270016e-01 8.511804880180235955e+01 1.072729530490481534e-03
-3.320336830526831484e+00 -7.209678877719760681e-01 1.037350226130293318e-01 8.579948487864857043e+01 1.206944412362035302e-03
-3.090935923148480757e+00 -7.340906043408507164e-01 1.000549001040044600e-01 7.959589980216401273e+01 1.278958248800770962e-03
-3.727354581363541364e+00 -7.575910113995721895e-01 1.077488504639902006e-01 8.509348819347678727e+01 1.228853767951137814e-03
-3.727354581363541364e+00 -7.575910113995721895e-01 1.077488504639902006e-01 8.509348819347678727e+01 1.228853767951137814e-03
-3.727354581363541364e+00 -7.575910113995721895e-01 1.077488504639902006e-01 8.509348819347678727e+01 1.228853767951137814e-03
-3.462139464026485758e+00 -7.160259504435537714e-01 1.131250385454394408e-01 8.218068967738629738e+01 1.068169545075831148e-03
-4.335257777798214640e+00 -8.549931729878371689e-01 9.415184924527131294e-02 8.714970277946477495e+01 1.231064447012767109e-03
-4.553250551636074839e+00 -8.444016744518829665e-01 1.013118362513372311e-01 8.232423825913963356e+01 1.008935126194394427e-03
-4.714597725091275393e+00 -8.205989813060179383e-01 1.111433865159419110e-01 8.554055093847223645e+01 1.579174619951791755e-03
-4.472989103458194116e+00 -7.290190526788418168e-01 9.846049515439453392e-02 8.152316679305067737e+01 9.885939902819500420e-04
-4.472989103458194116e+00 -7.290190526788418168e-01 9.846049515439453392e-02 8.152316679305067737e+01 9.885939902819500420e-04
-4.167177926290646539e+00 -6.602225706769231373e-01 1.185193413566360265e-01 8.339306856810398472e+01 1.201935649385054740e-03
-4.658904708911858705e+00 -5.807463134939645499e-01 1.215196532743696156e-01 8.355817888746919664e+01 1.396214902090290059e-03
-4.556376429916888959e+00 -4.711367983921335156e-01 1.385531992316082484e-01 8.110457995840999956e+01 1.448101960915763224e-03
-4.631323012264002337e+00 -3.613000666378692882e-01 1.327084050970127049e-01 7.461243454282649168e+01 1.237076906649453795e-03
-4.701364132563664811e+00 -3.852633607717089737e-01 1.456196075196294348e-01 6.905451303390431406e+01 1.368013481706170133e-03
-4.642424954258855152e+00 -3.593391723372382773e-01 1.330614544014575573e-01 7.443690569204575525e+01 1.244432345515416585e-03
-4.755002925608692976e+00 -3.445839878113565180e-01 1.407947168697440410e-01 7.920046089574209702e+01 1.309469914199673166e-03
-4.448271992919954343e+00 -3.484053162540641790e-01 1.533037540276182553e-01 7.557721497396336474e+01 1.260744408204007546e-03
-4.448271992919954343e+00 -3.484053162540641790e-01 1.533037540276182553e-01 7.557721497396336474e+01 1.260744408204007546e-03
-4.670685201305833978e+00 -3.688407049691604378e-01 1.515876445514985904e-01 7.514601387319311243e+01 1.373375524653517492e-03
-4.670685201305833978e+00 -3.688407049691604378e-01 1.515876445514985904e-01 7.514601387319311243e+01 1.373375524653517492e-03
-4.631600508590877574e+00 -2.892466428707181625e-01 1.378488679111976867e-01 7.027988454963977460e+01 2.062097648120130196e-03
-4.631600508590877574e+00 -2.892466428707181625e-01 1.378488679111976867e-01 7.027988454963977460e+01 2.062097648120130196e-03
-4.631600508590877574e+00 -2.892466428707181625e-01 1.378488679111976867e-01 7.027988454963977460e+01 2.062097648120130196e-03
-4.446633664490507343e+00 -2.580983757035719695e-01 1.650350406248012325e-01 7.098510976816206153e+01 2.044166943715231000e-03
-4.446633664490507343e+00 -2.580983757035719695e-01 1.650350406248012325e-01 7.098510976816206153e+01 2.044166943715231000e-03
-4.446633664490507343e+00 -2.580983757035719695e-01 1.650350406248012325e-01 7.098510976816206153e+01 2.044166943715231000e-03
-4.589447654079582328e+00 -2.631850681704520079e-01 1.539545872905367929e-01 6.939442316033604641e+01 2.162586006577513903e-03
-4.698555081513611675e+00 -2.781327496266713939e-01 1.666591724892352855e-01 7.751524857340858432e+01 1.705344995882476875e-03
-3.943943425576260875e+00 -2.906804147393354243e-01 1.714465326463828487e-01 7.622339234176723721e+01 2.454000400972365138e-03
-3.672425733944270743e+00 -3.042326001664033552e-01 1.807950048555779787e-01 8.128795754921495131e+01 2.604418504133241934e-03
-4.060148565292242218e+00 -2.854382054368251875e-01 1.896377789083988075e-01 8.707567702061118098e+01 1.665184749528580803e-03
-3.946919162873284037e+00 -3.101641189217553829e-01 1.835018756900625714e-01 8.670006017159494149e+01 1.611297191009027421e-03
-3.788845372385729604e+00 -3.531469677010350416e-01 1.952756452694534572e-01 8.576840834475824238e+01 1.436394132321145919e-03
-4.393239417858187501e+00 -2.904063552443523211e-01 1.822424604865551523e-01 8.623053923184524194e+01 2.168683780952254930e-03
-4.488877520121135056e+00 -2.846782653295419352e-01 1.678793634759279674e-01 8.197089409852347330e+01 1.614393930194445766e-03
-4.468343685940483034e+00 -3.589070393178494522e-01 1.505416785994227180e-01 7.776687510081279697e+01 1.252865912535591720e-03
-4.468343685940483034e+00 -3.589070393178494522e-01 1.505416785994227180e-01 7.776687510081279697e+01 1.252865912535591720e-03
-4.011763499983791448e+00 -3.795876345157900289e-01 1.747701072928203869e-01 7.925189257138436005e+01 1.161296010180201763e-03
-4.115024425597255231e+00 -4.215599321038024927e-01 1.689433360081379620e-01 7.072765018245102908e+01 1.068353351071369859e-03
-4.115024425597255231e+00 -4.215599321038024927e-01 1.689433360081379620e-01 7.072765018245102908e+01 1.068353351071369859e-03
-4.115024425597255231e+00 -4.215599321038024927e-01 1.689433360081379620e-01 7.072765018245102908e+01 1.068353351071369859e-03
-3.927358611903017493e+00 -4.816229472135375445e-01 1.886834673302849597e-01 7.245410501989212548e+01 1.065321479305285065e-03
-3.983508183692349380e+00 -4.635100945061459976e-01 1.847069073303186926e-01 6.873307572575393465e+01 9.472583439325687072e-04
-3.688395565172161827e+00 -4.795554397614847919e-01 1.758223258963272639e-01 6.862064768334680309e+01 1.137017303458975111e-03
-4.126409592338494470e+00 -6.297022378760863681e-01 1.855622677281590083e-01 6.353463791187829202e+01 1.267295035857111648e-03
-4.126409592338494470e+00 -6.297022378760863681e-01 1.855622677281590083e-01 6.353463791187829202e+01 1.267295035857111648e-03
-4.135678480950683245e+00 -6.438632829561463655e-01 1.964142268446581741e-01 6.261420146408918441e+01 1.491117134965192154e-03
-3.945329858960373137e+00 -8.178818163242005390e-01 1.897238864584752382e-01 6.392772105932692028e+01 1.588961566027650161e-03
-3.945329858960373137e+00 -8.178818163242005390e-01 1.897238864584752382e-01 6.392772105932692028e+01 1.588961566027650161e-03
-3.945329858960373137e+00 -8.178818163242005390e-01 1.897238864584752382e-01 6.392772105932692028e+01 1.588961566027650161e-03
-4.649577936836358560e+00 -8.012418724861024577e-01 1.798151207993251011e-01 6.749622315205837708e+01 2.444463146389941419e-03
-4.700881438551846259e+00 -8.105341195971820234e-01 1.865082750112282695e-01 6.258740234177304274e+01 2.237779649625027886e-03
-4.088187592542209536e+00 -8.445562866619569231e-01 1.764838035639342551e-01 7.203918933328259300e+01 2.302629238561185177e-03
-4.088187592542209536e+00 -8.445562866619569231e-01 1.764838035639342551e-01 7.203918933328259300e+01 2.302629238561185177e-03
-4.332815772805384213e+00 -7.520322365713384416e-01 1.811118113757831660e-01 7.803714448318208952e+01 3.595219844348305875e-03
-3.439875715124877331e+00 -7.742423483261793304e-01 1.807716074650044247e-01 7.445790008453049325e+01 1.783188845589652339e-03
-4.071798884937758878e+00 -8.947996308578796132e-01 1.801233440071220437e-01 6.644330363407215145e+01 1.843536084177266939e-03
-4.071798884937758878e+00 -8.947996308578796132e-01 1.801233440071220437e-01 6.644330363407215145e+01 1.843536084177266939e-03
-3.462098796662232747e+00 -9.203512811165620588e-01 1.864907894658437149e-01 6.488563738197072439e+01 1.519301571458648442e-03
-3.563332326197576450e+00 -8.781609540450452389e-01 1.699964682673846261e-01 6.209145745662257809e+01 1.037877425885810542e-03
-3.563332326197576450e+00 -8.781609540450452389e-01 1.699964682673846261e-01 6.209145745662257809e+01 1.037877425885810542e-03
-3.488847724421187735e+00 -9.273716488204309938e-01 1.700588913668187874e-01 6.282589881379141161e+01 1.095084751164081098e-03
-3.488847724421187735e+00 -9.273716488204309938e-01 1.700588913668187874e-01 6.282589881379141161e+01 1.095084751164081098e-03
-4.073395363816417536e+00 -9.345040594089131236e-01 1.707498724641443866e-01 6.117001019149760310e+01 1.270685171637346393e-03
-4.715136607091099386e+00 -8.268845420010755287e-01 1.622467147916322183e-01 6.293655440869290629e+01 1.473822991506501100e-03
-4.577567062654253505e+00 -7.863562871228045870e-01 1.657582428672438324e-01 6.820877737760662285e+01 1.852012542503644757e-03
-4.577567062654253505e+00 -7.863562871228045870e-01 1.657582428672438324e-01 6.820877737760662285e+01 1.852012542503644757e-03
-4.894915702386383849e+00 -7.403311543484295543e-01 1.719430690349244562e-01 6.531464865578999479e+01 1.986970297202954316e-03
-4.450001747113901729e+00 -6.398599622218676952e-01 1.722674777524262346e-01 6.414455716342841640e+01 1.474513849559665451e-03
-4.310432024907162152e+00 -6.735287240783878193e-01 1.703283090279845979e-01 7.068153952186079891e+01 1.754376478626224140e-03
-4.419763107096695620e+00 -6.489766607646653140e-01 1.768572420505680476e-01 7.090060641841157008e+01 2.151914454601868733e-03
-4.744413918815890696e+00 -6.640964764223020733e-01 1.842328396397623913e-01 7.510145420727364751e+01 3.636378918365540738e-03
-4.737592073213650501e+00 -6.338722911163680029e-01 1.884391076994035574e-01 7.733921534851458546e+01 4.149389465363922599e-03
-4.537951405604490951e+00 -6.328460827118330689e-01 1.757059592049440566e-01 7.591748520955567869e+01 2.947714329097103885e-03
-4.530790901067769383e+00 -6.878784818238943277e-01 1.785745007720450084e-01 7.956989855898004294e+01 3.867623091507593758e-03
-4.098745077484949206e+00 -6.549542391705107658e-01 1.737837494656390425e-01 8.119075734360848173e+01 2.907991488458217845e-03
-4.315097042984649356e+00 -7.212440114490719090e-01 1.834083018384319308e-01 7.556181226446591381e+01 3.151942727919145558e-03
-4.144794921942670740e+00 -6.842095040622395707e-01 1.935620863660542090e-01 6.597704975263418703e+01 1.808423019547421816e-03
-4.293486012963830589e+00 -7.321514937022790548e-01 1.899031586375313496e-01 6.704874562502584467e+01 2.203128981987319095e-03
-4.256780520302535287e+00 -7.800894263945795659e-01 1.845588055929683335e-01 6.855271554856565785e+01 2.238210830567340624e-03
-4.333518947255845077e+00 -8.689180151348284697e-01 1.840087427111266605e-01 6.234888353654773852e+01 1.841617287552741421e-03
-4.144278961454768151e+00 -9.515108065661870285e-01 1.924041500866746912e-01 6.198417168799115728e+01 2.015637377835220821e-03
-3.512495289371194929e+00 -9.731222838309721013e-01 1.898519274986879835e-01 6.811583086523815211e+01 2.118252633338690676e-03
-3.016943947323113662e+00 -9.280240068220300120e-01 1.981052269552622258e-01 6.356328499259554832e+01 2.628001715548462097e-03
-3.103061962673772989e+00 -9.747172132507300191e-01 1.932188435506602131e-01 7.388184895440730315e+01 3.463987333698233945e-03
-3.480953568193047243e+00 -9.399767344138698633e-01 1.821614700902569328e-01 8.324874885426410742e+01 4.050998448729536267e-03
-3.480953568193047243e+00 -9.399767344138698633e-01 1.821614700902569328e-01 8.324874885426410742e+01 4.050998448729536267e-03
-3.573835341370460217e+00 -7.680160599870280436e-01 1.902912969847815328e-01 8.155334558854546856e+01 3.258355981956261201e-03
-3.752210593673402261e+00 -9.025474926656935626e-01 1.855643770954528426e-01 7.445328186544645632e+01 2.801431124165670861e-03
-4.037961250672532643e+00 -9.263505386842028066e-01 1.855506047371911493e-01 6.828187767402002351e+01 2.302085591357926758e-03
-4.218737456024611809e+00 -9.333879318101134803e-01 1.822225587296265881e-01 6.768811150823925971e+01 2.314025981877521065e-03
-4.190845416885620622e+00 -8.028125231757765601e-01 1.692121046219679514e-01 6.181059791553654748e+01 1.229944212254541159e-03
-4.190845416885620622e+00 -8.028125231757765601e-01 1.692121046219679514e-01 6.181059791553654748e+01 1.229944212254541159e-03
-3.976075631221323903e+00 -9.144209533462579476e-01 1.722647181224610524e-01 6.180874396773533164e+01 1.233110842508243444e-03
-4.777674215805504332e+00 -8.631963076888132802e-01 1.660464370095227904e-01 6.726032736156882663e+01 1.964815164912946110e-03
-4.246477492881799876e+00 -9.465858254692214313e-01 1.787715589273873029e-01 6.549686490465246891e+01 1.965899396312901018e-03
-4.120031254206137916e+00 -9.787782079491808007e-01 1.778905125313046953e-01 6.671093370467851003e+01 2.000327793613463235e-03
-3.465521447058109494e+00 -8.192705973501517303e-01 1.849713705010515852e-01 6.625879515553775434e+01 1.313925794121155628e-03
-3.376955275323865191e+00 -8.114334613689256903e-01 1.887639406009057885e-01 6.541807971731773819e+01 1.308988444995751697e-03
-3.376955275323865191e+00 -8.114334613689256903e-01 1.887639406009057885e-01 6.541807971731773819e+01 1.308988444995751697e-03
-3.376955275323865191e+00 -8.114334613689256903e-01 1.887639406009057885e-01 6.541807971731773819e+01 1.308988444995751697e-03
-3.486685252439103877e+00 -8.422315026019910889e-01 1.845369686225953321e-01 6.385934151084975952e+01 1.237267651310994081e-03
-3.486685252439103877e+00 -8.422315026019910889e-01 1.845369686225953321e-01 6.385934151084975952e+01 1.237267651310994081e-03
-3.486685252439103877e+00 -8.422315026019910889e-01 1.845369686225953321e-01 6.385934151084975952e+01 1.237267651310994081e-03
-3.486685252439103877e+00 -8.422315026019910889e-01 1.845369686225953321e-01 6.385934151084975952e+01 1.237267651310994081e-03
-3.079358583613938105e+00 -9.157048877245138607e-01 1.683913004340108488e-01 6.982108330645870353e+01 1.846356211806441262e-03
-3.124910832655086068e+00 -8.096297518376915914e-01 1.688311323195558211e-01 6.601419604151418241e+01 1.422489017527924296e-03
-3.323738471882798251e+00 -8.187921091893384240e-01 1.584444963556553010e-01 6.989242672571947423e+01 9.754209269319886935e-04
-3.323738471882798251e+00 -8.187921091893384240e-01 1.584444963556553010e-01 6.989242672571947423e+01 9.754209269319886935e-04
-3.224927236270607178e+00 -8.354457121622105298e-01 1.379211753617498593e-01 7.339234121907912822e+01 8.879423019413086159e-04
-3.303939357427275958e+00 -8.350320146771129659e-01 1.348056371739817516e-01 7.764233123421200844e+01 9.526159872332554037e-04
-3.197721825582870103e+00 -8.714216638916225666e-01 1.604143060651705421e-01 7.315785124875139900e+01 1.408272607636767634e-03
-3.377620311911036843e+00 -8.632799787434083383e-01 1.662194110238069955e-01 7.571068242116893998e+01 1.744355295047340243e-03
-3.905685848812668670e+00 -6.577525785551510129e-01 1.647669124365070126e-01 7.836840147785113686e+01 1.756734216702723721e-03
-3.677375437157173188e+00 -6.004814927726817020e-01 1.839988461802422315e-01 7.384701572981117579e+01 1.183639413191713268e-03
-3.677375437157173188e+00 -6.004814927726817020e-01 1.839988461802422315e-01 7.384701572981117579e+01 1.183639413191713268e-03
-3.677375437157173188e+00 -6.004814927726817020e-01 1.839988461802422315e-01 7.384701572981117579e+01 1.183639413191713268e-03
-3.677375437157173188e+00 -6.004814927726817020e-01 1.839988461802422315e-01 7.384701572981117579e+01 1.183639413191713268e-03
-3.208629540526557467e+00 -4.921297471873991025e-01 1.871979754727634282e-01 7.883782641818322645e+01 1.271054087643495520e-03
-3.319922713240273993e+00 -6.077199015294096895e-01 1.670022416314570768e-01 6.547886540363765562e+01 1.345725479779798228e-03
-3.953750213302186012e+00 -6.893816839108636296e-01 1.387389193938809717e-01 8.013032420529900435e+01 1.315261973864843663e-03
-3.953750213302186012e+00 -6.893816839108636296e-01 1.387389193938809717e-01 8.013032420529900435e+01 1.315261973864843663e-03
-4.528672330986988293e+00 -5.164689617290780799e-01 1.268513749457541306e-01 8.347440045656233565e+01 1.353449485101926352e-03
-4.423201212002619620e+00 -4.781902101706131392e-01 1.067140204872552012e-01 8.675176360301374245e+01 1.136630802471094367e-03
-4.844074839650775566e+00 -3.806577082588771255e-01 1.093201303346261477e-01 8.537483750353672463e+01 9.950368388802763656e-04
-4.585929331113378637e+00 -3.835211819537080458e-01 1.092267191903149581e-01 8.901686995532965341e+01 1.118367766712321338e-03
-4.385832894031865159e+00 -5.127442225582506952e-01 1.215992512281851151e-01 8.501812514862459125e+01 1.254070059692401554e-03
-4.020312192512751182e+00 -6.142269123524523033e-01 9.008882912826621236e-02 8.726469264014029648e+01 1.769751607582015912e-03
-4.197804884059585184e+00 -5.125033182590990055e-01 8.811911188114696092e-02 8.469413694517993463e+01 2.170607730112794620e-03
-4.197804884059585184e+00 -5.125033182590990055e-01 8.811911188114696092e-02 8.469413694517993463e+01 2.170607730112794620e-03
-4.197804884059585184e+00 -5.125033182590990055e-01 8.811911188114696092e-02 8.469413694517993463e+01 2.170607730112794620e-03
-4.494842405549819730e+00 -6.082470057105054950e-01 9.115485417972161997e-02 8.748392144664221348e+01 1.155033646118215108e-03
-4.826525290468031137e+00 -5.420439176167880513e-01 1.094819132035762810e-01 8.214438968891724357e+01 9.769920396395629942e-04
-4.682260043716976128e+00 -5.221297305388462595e-01 1.065153266470993398e-01 7.989567663546223741e+01 9.404201360003168822e-04
-4.880834544261043462e+00 -4.731794073572648807e-01 1.075558770492254373e-01 8.325401338389768569e+01 9.590529711663944336e-04
-4.499445956642487587e+00 -4.082725335819781254e-01 1.422031606592135955e-01 7.800583095364703468e+01 1.183322348694969706e-03
-4.176942088070863868e+00 -3.327803498777028302e-01 1.476707837223567299e-01 8.074344390791944193e+01 1.434284200424092767e-03
-3.737406816852328895e+00 -3.258746198359897539e-01 1.659657901329771312e-01 8.755941309600309808e+01 1.991554440788600479e-03
-3.401209463617458351e+00 -4.221063862378603426e-01 1.570834038209136252e-01 8.539902504819394835e+01 1.290973242245608936e-03
-3.649555789694073127e+00 -4.601284167012937854e-01 1.476304798024511422e-01 8.414485072075827077e+01 1.293661616261628736e-03
-3.403611703471319139e+00 -4.606715566663654449e-01 1.589140469926667576e-01 8.894814345889454898e+01 1.195366659800989675e-03
-4.192960826112969386e+00 -4.141711524743194595e-01 1.493410177917363080e-01 8.554710575959001062e+01 1.513651254046013798e-03
-4.471022002125399908e+00 -4.482603923844764582e-01 1.482845270235284563e-01 8.178070386293565264e+01 1.673461097850526512e-03
-4.717935810589752421e+00 -4.344246828187205423e-01 1.611263866284582125e-01 7.586726869204819934e+01 1.919299515118750785e-03
-4.189445528102989869e+00 -3.715169081269129592e-01 1.369539992319326049e-01 7.870583841715031781e+01 1.407385696656662626e-03
-4.217219262081311371e+00 -3.931641071779484742e-01 1.577911707851923084e-01 8.182047404435614624e+01 1.350303873709941815e-03
-3.822552983381376723e+00 -3.609480629227123094e-01 1.676436020451526066e-01 8.724004263768765099e+01 1.467140782222545008e-03
-3.822552983381376723e+00 -3.609480629227123094e-01 1.676436020451526066e-01 8.724004263768765099e+01 1.467140782222545008e-03
-3.822552983381376723e+00 -3.609480629227123094e-01 1.676436020451526066e-01 8.724004263768765099e+01 1.467140782222545008e-03
-3.822552983381376723e+00 -3.609480629227123094e-01 1.676436020451526066e-01 8.724004263768765099e+01 1.467140782222545008e-03
-3.361715967503618785e+00 -3.299007454079775914e-01 1.671829267081091086e-01 8.889856030002802356e+01 2.172567664114248218e-03
-3.361715967503618785e+00 -3.299007454079775914e-01 1.671829267081091086e-01 8.889856030002802356e+01 2.172567664114248218e-03
-3.310523396214605452e+00 -3.960157680631145038e-01 1.861325917036649458e-01 8.846846017610371860e+01 1.129232119567297014e-03
-3.259352629306791815e+00 -4.436836797556669154e-01 1.879867032179827480e-01 8.393071898871841086e+01 1.118228110582901100e-03
-3.259352629306791815e+00 -4.436836797556669154e-01 1.879867032179827480e-01 8.393071898871841086e+01 1.118228110582901100e-03
-3.259352629306791815e+00 -4.436836797556669154e-01 1.879867032179827480e-01 8.393071898871841086e+01 1.118228110582901100e-03
-3.259352629306791815e+00 -4.436836797556669154e-01 1.879867032179827480e-01 8.393071898871841086e+01 1.118228110582901100e-03
-3.701822566330025932e+00 -4.587723900911830355e-01 1.653644640421139400e-01 7.566792166180222523e+01 1.109854439614220856e-03
-4.218196965235658347e+00 -4.376024503036599067e-01 1.500138622797514421e-01 7.079159472038909939e+01 1.154590503103113683e-03
-4.383874126818304795e+00 -5.386229495198057160e-01 1.679191931259678139e-01 6.988134097539695233e+01 1.416947764827048263e-03
-4.194929982855714279e+00 -4.758383041296079252e-01 1.767971811689075523e-01 7.039548493619903979e+01 1.167964627712485574e-03
-4.104932346619491135e+00 -4.394539297366901187e-01 1.822760593659178419e-01 7.212095582790809090e+01 1.111649878584741995e-03
-4.530663927619692721e+00 -5.421810775166021612e-01 1.715423017463685862e-01 6.079554029247252345e+01 1.518624269017244347e-03
-4.530663927619692721e+00 -5.421810775166021612e-01 1.715423017463685862e-01 6.079554029247252345e+01 1.518624269017244347e-03
-4.530663927619692721e+00 -5.421810775166021612e-01 1.715423017463685862e-01 6.079554029247252345e+01 1.518624269017244347e-03
-4.507569292737523270e+00 -6.101715901297224409e-01 1.741627799939873267e-01 6.959060033688952274e+01 1.946776001567022225e-03
-3.905449936152747714e+00 -6.798053728800655948e-01 1.822660226281899165e-01 7.298358481373912809e+01 1.769003269370875760e-03
-3.552655077208094703e+00 -7.021554423049390925e-01 1.877042238287508213e-01 6.630130747186041162e+01 1.062548113855700223e-03
-3.552655077208094703e+00 -7.021554423049390925e-01 1.877042238287508213e-01 6.630130747186041162e+01 1.062548113855700223e-03
-3.850112983087010665e+00 -6.195866046688754958e-01 1.895872477906331288e-01 6.562121088332759200e+01 1.060674570362160011e-03
-3.850112983087010665e+00 -6.195866046688754958e-01 1.895872477906331288e-01 6.562121088332759200e+01 1.060674570362160011e-03
-3.879388724259732690e+00 -5.259648422124305611e-01 1.941138888554814201e-01 6.847973180389202241e+01 1.017978559695288708e-03
-3.879388724259732690e+00 -5.259648422124305611e-01 1.941138888554814201e-01 6.847973180389202241e+01 1.017978559695288708e-03
-3.879388724259732690e+00 -5.259648422124305611e-01 1.941138888554814201e-01 6.847973180389202241e+01 1.017978559695288708e-03
-4.060630571011132339e+00 -5.342949104196081933e-01 1.756557640497364292e-01 6.151240201154190146e+01 1.143673369911960436e-03
-4.060630571011132339e+00 -5.342949104196081933e-01 1.756557640497364292e-01 6.151240201154190146e+01 1.143673369911960436e-03
-4.060630571011132339e+00 -5.342949104196081933e-01 1.756557640497364292e-01 6.151240201154190146e+01 1.143673369911960436e-03
-3.791247252154507308e+00 -6.114725841239736503e-01 1.698271463239166279e-01 7.109335599565511643e+01 9.537239885734916925e-04
-3.675956223880381124e+00 -8.204231794946617029e-01 1.793944678006789695e-01 6.694144823030684677e+01 1.279866163715139915e-03
-3.675956223880381124e+00 -8.204231794946617029e-01 1.793944678006789695e-01 6.694144823030684677e+01 1.279866163715139915e-03
-3.675956223880381124e+00 -8.204231794946617029e-01 1.793944678006789695e-01 6.694144823030684677e+01 1.279866163715139915e-03
-3.675956223880381124e+00 -8.204231794946617029e-01 1.793944678006789695e-01 6.694144823030684677e+01 1.279866163715139915e-03
-4.047184728403657950e+00 -6.933537872698549709e-01 1.584266598081581212e-01 6.550193370708605300e+01 9.549580292495896214e-04
-3.903412527150807776e+00 -7.425210937535926536e-01 1.332466334542439512e-01 7.164328090253590631e+01 8.756651539614451274e-04
-3.994066413812837002e+00 -8.033463871422837910e-01 1.320798156269823442e-01 7.351741550223530908e+01 9.110700432402416178e-04
-3.994066413812837002e+00 -8.033463871422837910e-01 1.320798156269823442e-01 7.351741550223530908e+01 9.110700432402416178e-04
-3.182446780660145969e+00 -8.216280391483110623e-01 1.181481941450051587e-01 7.275385008752951421e+01 1.127532672568657118e-03
-3.165490201484081112e+00 -7.265175596280839532e-01 1.135844633737518317e-01 8.223317039526043004e+01 9.074995467081350140e-04
-3.317275743506856056e+00 -7.301414668587528078e-01 1.203805871997587762e-01 7.684643874535500174e+01 1.040006637614858051e-03
-4.075064850721513920e+00 -8.218533539136848587e-01 1.329860662562206697e-01 7.841447235402804949e+01 1.327265906323227187e-03
-3.065951845961880196e+00 -8.114682677726632321e-01 1.314622528630281229e-01 7.809624233062586995e+01 1.117570998463683282e-03
-3.044742821328529025e+00 -7.253271002014829438e-01 1.394256980043260818e-01 6.765441002280802252e+01 1.332346720569326307e-03
-3.140487495187718636e+00 -6.346719578608888135e-01 1.395676436869612291e-01 7.795945110808204959e+01 1.020593715560831703e-03
-3.140487495187718636e+00 -6.346719578608888135e-01 1.395676436869612291e-01 7.795945110808204959e+01 1.020593715560831703e-03
-3.140487495187718636e+00 -6.346719578608888135e-01 1.395676436869612291e-01 7.795945110808204959e+01 1.020593715560831703e-03
-3.140487495187718636e+00 -6.346719578608888135e-01 1.395676436869612291e-01 7.795945110808204959e+01 1.020593715560831703e-03
-3.140487495187718636e+00 -6.346719578608888135e-01 1.395676436869612291e-01 7.795945110808204959e+01 1.020593715560831703e-03
-3.304223772000764114e+00 -5.132018475494593002e-01 1.460719698102775910e-01 8.813475327629487310e+01 1.030268793138586041e-03
-3.295605859569323393e+00 -5.748918872205983632e-01 1.573302610009034985e-01 8.338709109758914906e+01 1.045576020033991494e-03
-3.295605859569323393e+00 -5.748918872205983632e-01 1.573302610009034985e-01 8.338709109758914906e+01 1.045576020033991494e-03
-3.295605859569323393e+00 -5.748918872205983632e-01 1.573302610009034985e-01 8.338709109758914906e+01 1.045576020033991494e-03
-3.295605859569323393e+00 -5.748918872205983632e-01 1.573302610009034985e-01 8.338709109758914906e+01 1.045576020033991494e-03
-3.245107053687526832e+00 -6.291796606196710107e-01 1.830656667610476573e-01 7.246135232906098622e+01 1.195195870690273811e-03
-3.850078274217989538e+00 -5.817028136861274179e-01 1.533870058984072027e-01 7.019849061934958456e+01 9.167963415765607599e-04
-3.850078274217989538e+00 -5.817028136861274179e-01 1.533870058984072027e-01 7.019849061934958456e+01 9.167963415765607599e-04
-4.551627661995945928e+00 -5.506015227973302117e-01 1.667716042381016395e-01 6.077958144308916388e+01 1.489001827038965737e-03
-4.456169924683345052e+00 -6.156751896376100319e-01 1.671619750083649103e-01 6.692328016552215786e+01 1.453102388131751084e-03
-4.860457435870892517e+00 -7.140876810908143302e-01 1.593208387916572877e-01 6.284609247014979161e+01 1.426977664078188986e-03
-4.279098748943176211e+00 -7.122342188323930179e-01 1.728161663553152982e-01 6.311951241196425855e+01 1.322288428495229555e-03
-3.617153349243301008e+00 -5.681577482700866932e-01 1.713339024364413932e-01 6.674661524493046727e+01 9.934211885525342373e-04
-4.025310560438630780e+00 -5.007117037538587612e-01 1.805351947970689486e-01 6.365796933668278257e+01 1.040892183069124389e-03
-3.549047442260217178e+00 -5.539424026371295717e-01 1.810074274162405683e-01 6.775364251456186082e+01 9.283022179129624043e-04
-3.713965750816483613e+00 -5.654164408858565194e-01 1.892483974949602799e-01 6.875671137865570870e+01 9.115677093802501338e-04
-4.126999197012189313e+00 -5.004947561758684715e-01 1.770503456339679316e-01 6.430124055789282522e+01 1.086174891136012718e-03
-4.126999197012189313e+00 -5.004947561758684715e-01 1.770503456339679316e-01 6.430124055789282522e+01 1.086174891136012718e-03
-3.869652750557473375e+00 -4.661106159181003794e-01 1.821725197018496667e-01 7.123616570226202782e+01 9.359399137446261854e-04
-3.869652750557473375e+00 -4.661106159181003794e-01 1.821725197018496667e-01 7.123616570226202782e+01 9.359399137446261854e-04
-3.869652750557473375e+00 -4.661106159181003794e-01 1.821725197018496667e-01 7.123616570226202782e+01 9.359399137446261854e-04
-3.869652750557473375e+00 -4.661106159181003794e-01 1.821725197018496667e-01 7.123616570226202782e+01 9.359399137446261854e-04
-3.869652750557473375e+00 -4.661106159181003794e-01 1.821725197018496667e-01 7.123616570226202782e+01 9.359399137446261854e-04
-3.869652750557473375e+00 -4.661106159181003794e-01 1.821725197018496667e-01 7.123616570226202782e+01 9.359399137446261854e-04
-3.805641657344896789e+00 -5.978156971408863374e-01 1.933870569494784142e-01 7.294119868712637356e+01 1.518517245678475437e-03
-3.724290509039254626e+00 -6.035639313402566541e-01 1.908207294484185190e-01 7.597037545850459139e+01 1.663135725614487163e-03
-3.479069286679266959e+00 -6.373261277641295575e-01 1.933416053381554478e-01 7.894568426656786642e+01 1.991156675506326659e-03
-3.994625168017861938e+00 -4.566580494676356627e-01 1.910767009115222348e-01 7.666324233851119629e+01 1.407110179717187140e-03
-3.682811172240747943e+00 -4.834111241716958496e-01 1.904182399931459713e-01 8.002206957769423923e+01 1.293252071547536936e-03
-3.682811172240747943e+00 -4.834111241716958496e-01 1.904182399931459713e-01 8.002206957769423923e+01 1.293252071547536936e-03
-3.682811172240747943e+00 -4.834111241716958496e-01 1.904182399931459713e-01 8.002206957769423923e+01 1.293252071547536936e-03
-3.682811172240747943e+00 -4.834111241716958496e-01 1.904182399931459713e-01 8.002206957769423923e+01 1.293252071547536936e-03
-3.682811172240747943e+00 -4.834111241716958496e-01 1.904182399931459713e-01 8.002206957769423923e+01 1.293252071547536936e-03
-3.682811172240747943e+00 -4.834111241716958496e-01 1.904182399931459713e-01 8.002206957769423923e+01 1.293252071547536936e-03
-3.534801186060220868e+00 -4.591015580248714034e-01 1.985515847883433382e-01 6.543043226830448589e+01 1.334672530795317277e-03
-3.527660175697037825e+00 -5.324154321245002652e-01 1.951240604444624549e-01 6.678333725708664304e+01 9.442460340798651628e-04
-3.598636637459022403e+00 -5.021090081092011159e-01 1.757204103708838727e-01 6.504003596913712215e+01 1.430399167278473792e-03
-3.598636637459022403e+00 -5.021090081092011159e-01 1.757204103708838727e-01 6.504003596913712215e+01 1.430399167278473792e-03
-4.146675640099734217e+00 -4.909502120868092789e-01 1.759163954538810748e-01 6.061588419610684753e+01 1.337400574697300473e-03
-4.146675640099734217e+00 -4.909502120868092789e-01 1.759163954538810748e-01 6.061588419610684753e+01 1.337400574697300473e-03
-4.146675640099734217e+00 -4.909502120868092789e-01 1.759163954538810748e-01 6.061588419610684753e+01 1.337400574697300473e-03
-4.029490133566842047e+00 -4.957343241900114550e-01 1.783084442659446101e-01 6.230550117602455629e+01 1.151173264738189830e-03
-4.029490133566842047e+00 -4.957343241900114550e-01 1.783084442659446101e-01 6.230550117602455629e+01 1.151173264738189830e-03
-4.170431387478784835e+00 -4.513914244072214643e-01 1.982879314199583465e-01 6.221876136960280235e+01 1.233347658818443465e-03
-4.614858331378274947e+00 -4.166693217964090867e-01 1.904002975365262362e-01 6.706145185117853202e+01 2.023666790481662685e-03
-4.035791035713801378e+00 -4.029059856978751131e-01 1.930684370912630621e-01 7.369128240782593764e+01 1.086570528812057321e-03
-3.906761422870150380e+00 -4.588730014227150322e-01 1.792125506840704097e-01 6.130899931810723302e+01 1.550234160069955715e-03
-3.635028097614067200e+00 -4.744048995541211844e-01 1.807440801718580015e-01 6.574274926763320082e+01 1.394712657243708451e-03
-3.590445899209328662e+00 -5.920141362029178733e-01 1.901423022176879085e-01 7.193946698052189959e+01 1.033598888759107697e-03
-3.489899728981676219e+00 -7.258209049260988532e-01 1.694350529580393727e-01 6.747342115001804075e+01 9.255426556834514453e-04
-3.489899728981676219e+00 -7.258209049260988532e-01 1.694350529580393727e-01 6.747342115001804075e+01 9.255426556834514453e-04
-3.764139679106508041e+00 -6.858316887759200453e-01 1.849208833757731429e-01 6.641822185700233661e+01 1.094418366087878108e-03
-3.764139679106508041e+00 -6.858316887759200453e-01 1.849208833757731429e-01 6.641822185700233661e+01 1.094418366087878108e-03
-3.801705367961913939e+00 -5.676846874674614796e-01 1.765680380712325304e-01 6.061337417716167408e+01 1.226003284816431105e-03
-3.561825894199609266e+00 -5.917547792165496201e-01 1.719124460660192977e-01 6.082255987636278149e+01 1.497784608369038357e-03
-4.060424902192505847e+00 -6.235331384033925284e-01 1.780817967458879492e-01 6.619798213147299748e+01 1.128894273472502967e-03
-4.669631461468101818e+00 -5.915747778232375298e-01 1.784908475055897170e-01 6.368240798786562351e+01 1.823830763837702967e-03
-4.171600370720784490e+00 -5.876018622070595665e-01 1.698898725002745969e-01 6.232721671192518897e+01 1.125804717611388278e-03
-3.864659508731332238e+00 -7.233121818153838145e-01 1.547382958999091451e-01 6.483991118194531111e+01 9.305398921697271772e-04
-3.570937880834350153e+00 -8.600730748613572008e-01 1.600322349930863863e-01 6.509941799643416971e+01 9.353704892455440723e-04
-3.570937880834350153e+00 -8.600730748613572008e-01 1.600322349930863863e-01 6.509941799643416971e+01 9.353704892455440723e-04
-3.188224128528271084e+00 -8.172673372114653834e-01 1.569474188446122465e-01 6.630093828164434910e+01 1.131433247143973954e-03
-3.559182285090467524e+00 -8.960087686547468788e-01 1.312839036194702325e-01 7.249696558225518572e+01 8.422535342179383877e-04
-3.559182285090467524e+00 -8.960087686547468788e-01 1.312839036194702325e-01 7.249696558225518572e+01 8.422535342179383877e-04
-4.165155360078967028e+00 -7.560280850398468644e-01 1.330069152897830342e-01 7.029721913609863293e+01 8.884510132221622516e-04
-4.165155360078967028e+00 -7.560280850398468644e-01 1.330069152897830342e-01 7.029721913609863293e+01 8.884510132221622516e-04
-3.392781391678225233e+00 -7.012106977931692464e-01 1.381160820178562454e-01 7.217792264925249412e+01 9.506440514814004693e-04
-3.392781391678225233e+00 -7.012106977931692464e-01 1.381160820178562454e-01 7.217792264925249412e+01 9.506440514814004693e-04
-3.392781391678225233e+00 -7.012106977931692464e-01 1.381160820178562454e-01 7.217792264925249412e+01 9.506440514814004693e-04
-4.014541463434476931e+00 -7.412399427836079413e-01 1.324303070716905395e-01 7.302381303612955321e+01 8.847787739576568793e-04
-4.014541463434476931e+00 -7.412399427836079413e-01 1.324303070716905395e-01 7.302381303612955321e+01 8.847787739576568793e-04
-3.559321224463058986e+00 -7.995624994702057453e-01 1.487618480242366703e-01 7.804867456402881487e+01 1.312524259059912220e-03
-3.226278774957026307e+00 -8.525550728235209430e-01 1.355931425687496028e-01 8.066197053865991506e+01 1.196166439554044447e-03
-3.226278774957026307e+00 -8.525550728235209430e-01 1.355931425687496028e-01 8.066197053865991506e+01 1.196166439554044447e-03
-3.034763370707612484e+00 -8.661948452074612614e-01 1.322633603455147799e-01 7.799393424284278353e+01 1.281247618094060641e-03
-3.010384142819266806e+00 -7.268347878869042544e-01 1.334491853196274613e-01 6.942381347313147444e+01 1.176439603275254882e-03
-3.130649580838547497e+00 -7.538486620706079666e-01 1.353521429691598443e-01 7.335942072458580299e+01 1.000265536049956341e-03
-3.130649580838547497e+00 -7.538486620706079666e-01 1.353521429691598443e-01 7.335942072458580299e+01 1.000265536049956341e-03
-3.694517603493833846e+00 -7.774591078430616031e-01 1.311277581418921478e-01 6.882310588146103214e+01 1.007372981685556064e-03
-3.694517603493833846e+00 -7.774591078430616031e-01 1.311277581418921478e-01 6.882310588146103214e+01 1.007372981685556064e-03
-3.694517603493833846e+00 -7.774591078430616031e-01 1.311277581418921478e-01 6.882310588146103214e+01 1.007372981685556064e-03
-3.333018722066432460e+00 -8.695795867668852930e-01 1.467291700309208691e-01 7.156164617737675826e+01 9.195381147346254639e-04
-3.742903996150701573e+00 -9.039427317736442591e-01 1.548786067567144431e-01 7.130031413831089537e+01 1.234933657340282157e-03
-4.145669406480752883e+00 -8.443289991700448915e-01 1.559077777118477448e-01 7.170225844040652419e+01 1.514089927292872192e-03
-4.165297625484511101e+00 -7.104619864655878914e-01 1.513735503692291151e-01 7.159753729381066023e+01 1.153702763303141553e-03
-4.165297625484511101e+00 -7.104619864655878914e-01 1.513735503692291151e-01 7.159753729381066023e+01 1.153702763303141553e-03
-3.955561926887701141e+00 -5.961833056310311685e-01 1.695222533434120604e-01 7.267835900463630594e+01 1.148739019716426158e-03
-3.955561926887701141e+00 -5.961833056310311685e-01 1.695222533434120604e-01 7.267835900463630594e+01 1.148739019716426158e-03
-3.955561926887701141e+00 -5.961833056310311685e-01 1.695222533434120604e-01 7.267835900463630594e+01 1.148739019716426158e-03
-3.955561926887701141e+00 -5.961833056310311685e-01 1.695222533434120604e-01 7.267835900463630594e+01 1.148739019716426158e-03
-3.362408112894163192e+00 -5.209469571284492950e-01 1.586357770279362422e-01 7.730219436825797175e+01 1.007608052620325096e-03
-3.418201455421840951e+00 -5.396070591460742083e-01 1.504018659878750552e-01 7.467038066777358551e+01 1.120939351109091070e-03
-3.812020762011512964e+00 -6.156444590769307723e-01 1.482720036704723021e-01 7.950785016214518919e+01 1.167730897982632767e-03
-3.812020762011512964e+00 -6.156444590769307723e-01 1.482720036704723021e-01 7.950785016214518919e+01 1.167730897982632767e-03
-4.188585353401121480e+00 -5.703336086512469372e-01 1.295809956222557513e-01 8.478364477248233300e+01 1.431933891165598164e-03
-3.924521606337777690e+00 -6.549285239040194551e-01 1.392038823046951590e-01 8.635598311001149341e+01 1.931507710775562815e-03
-3.365563346908412967e+00 -6.531549205222088039e-01 1.428529457473563524e-01 7.427004091589988377e+01 9.206767035078467507e-04
-3.365563346908412967e+00 -6.531549205222088039e-01 1.428529457473563524e-01 7.427004091589988377e+01 9.206767035078467507e-04
-3.404819652380493444e+00 -6.349780646148215357e-01 1.349370852865835191e-01 7.585720604526358102e+01 1.004958059227625215e-03
-3.187671090791178941e+00 -5.879225647277614986e-01 1.332819484348082562e-01 8.036873813361010832e+01 1.017648131961251942e-03
-3.187671090791178941e+00 -5.879225647277614986e-01 1.332819484348082562e-01 8.036873813361010832e+01 1.017648131961251942e-03
-3.187671090791178941e+00 -5.879225647277614986e-01 1.332819484348082562e-01 8.036873813361010832e+01 1.017648131961251942e-03
-3.819335905407169829e+00 -7.501466250173651762e-01 1.395120725920356575e-01 8.080424635134924927e+01 1.434665137654997976e-03
-3.615143022190197453e+00 -9.842022099945629821e-01 1.532230675639353334e-01 7.201210842971508441e+01 1.314387149283248500e-03
-3.601285562164092457e+00 -8.342019172654007164e-01 1.602133896106799071e-01 7.399232393798602914e+01 1.365525346406929212e-03
-3.479989497373015439e+00 -8.752060181463184874e-01 1.698207553326971375e-01 7.054609258021912410e+01 1.406717389019568765e-03
-3.618222373387801394e+00 -9.188956605350979689e-01 1.897511527716458923e-01 6.616308999521706369e+01 1.751235541771399519e-03
-3.618222373387801394e+00 -9.188956605350979689e-01 1.897511527716458923e-01 6.616308999521706369e+01 1.751235541771399519e-03
-3.330182027511054965e+00 -9.050609155734187228e-01 1.804519465443329973e-01 7.335250236702577809e+01 2.114759425454105016e-03
-3.330182027511054965e+00 -9.050609155734187228e-01 1.804519465443329973e-01 7.335250236702577809e+01 2.114759425454105016e-03
-3.330182027511054965e+00 -9.050609155734187228e-01 1.804519465443329973e-01 7.335250236702577809e+01 2.114759425454105016e-03
-3.330182027511054965e+00 -9.050609155734187228e-01 1.804519465443329973e-01 7.335250236702577809e+01 2.114759425454105016e-03
