-3.309368302506080273e+00 -8.002270329445322350e-01 1.445189734903567502e-01 7.209281387569257049e+01 8.704563428206852803e-04
-3.309368302506080273e+00 -8.002270329445322350e-01 1.445189734903567502e-01 7.209281387569257049e+01 8.704563428206852803e-04
-3.998123244201152726e+00 -7.572775496985361121e-01 1.453071838466952759e-01 6.967326843514942425e+01 9.069374791467448710e-04
-3.998123244201152726e+00 -7.572775496985361121e-01 1.453071838466952759e-01 6.967326843514942425e+01 9.069374791467448710e-04
-3.998123244201152726e+00 -7.572775496985361121e-01 1.453071838466952759e-01 6.967326843514942425e+01 9.069374791467448710e-04
-3.998123244201152726e+00 -7.572775496985361121e-01 1.453071838466952759e-01 6.967326843514942425e+01 9.069374791467448710e-04
-4.421208481749064667e+00 -7.929100550929621960e-01 1.346315313368383892e-01 6.813156604038759667e+01 9.542974770536910394e-04
-4.421208481749064667e+00 -7.929100550929621960e-01 1.346315313368383892e-01 6.813156604038759667e+01 9.542974770536910394e-04
-4.421208481749064667e+00 -7.929100550929621960e-01 1.346315313368383892e-01 6.813156604038759667e+01 9.542974770536910394e-04
-4.421208481749064667e+00 -7.929100550929621960e-01 1.346315313368383892e-01 6.813156604038759667e+01 9.542974770536910394e-04
-4.967583406602206431e+00 -8.569118150372906362e-01 1.461427971691540983e-01 6.372258195663030733e+01 1.174600116383056007e-03
-4.315029076048494616e+00 -9.103940773770679007e-01 1.384060891591462061e-01 6.813488194161568856e+01 9.822881760697273722e-04
-3.853027659705666075e+00 -8.760692890725171322e-01 1.230255894826085550e-01 6.815939606366934811e+01 1.024951291486281583e-03
-3.262356565836863176e+00 -8.396764750268042032e-01 1.284421217911486668e-01 7.255815865318977842e+01 9.037991833138267353e-04
-3.095629733569730924e+00 -8.231396755820206135e-01 1.290833322128501770e-01 7.739589044420284836e+01 9.866926355156339923e-04
-3.245636303267651179e+00 -8.025786619628690888e-01 1.145323818354346129e-01 8.187033551204036996e+01 9.088345439920914644e-04
-3.180851226518437436e+00 -8.734912332881908936e-01 1.276997186945016682e-01 8.422923072736067240e+01 1.348965694211793449e-03
-3.155854770291370404e+00 -7.651839102448966257e-01 1.147789415457796669e-01 8.698758127205501012e+01 1.002926511803094601e-03
-3.178678530173982164e+00 -7.468550266995941378e-01 1.117667305081319618e-01 8.379028964163190096e+01 8.991765691303546179e-04
-3.178678530173982164e+00 -7.468550266995941378e-01 1.117667305081319618e-01 8.379028964163190096e+01 8.991765691303546179e-04
-3.178678530173982164e+00 -7.468550266995941378e-01 1.117667305081319618e-01 8.379028964163190096e+01 8.991765691303546179e-04
-3.178678530173982164e+00 -7.468550266995941378e-01 1.117667305081319618e-01 8.379028964163190096e+01 8.991765691303546179e-04
-3.178678530173982164e+00 -7.468550266995941378e-01 1.117667305081319618e-01 8.379028964163190096e+01 8.991765691303546179e-04
-3.275948803097277207e+00 -7.850134499058512016e-01 1.146590529524876001e-01 8.989421514286385673e+01 1.309576022896322654e-03
-3.442487313243629110e+00 -8.090236287799580372e-01 1.062083814735812481e-01 8.619831191278227323e+01 1.160146341455777635e-03
-3.442487313243629110e+00 -8.090236287799580372e-01 1.062083814735812481e-01 8.619831191278227323e+01 1.160146341455777635e-03
-3.449546044571749626e+00 -7.741229449345691238e-01 1.134531521288193456e-01 7.990987635614193607e+01 1.007402554136951726e-03
-3.449546044571749626e+00 -7.741229449345691238e-01 1.134531521288193456e-01 7.990987635614193607e+01 1.007402554136951726e-03
-3.365437684585910638e+00 -8.461101205813453818e-01 1.023370283133182290e-01 8.339450268978947634e+01 1.116761368445314158e-03
-3.365437684585910638e+00 -8.461101205813453818e-01 1.023370283133182290e-01 8.339450268978947634e+01 1.116761368445314158e-03
-3.586500856123453040e+00 -8.400569046244191762e-01 1.044382643169840669e-01 8.946037343178169010e+01 1.437490375482902184e-03
-3.960913326238909349e+00 -8.946995834103876888e-01 1.019636209337383970e-01 8.415900654406992487e+01 1.171739567285264537e-03
-3.806944974719686403e+00 -9.045400162295338387e-01 8.984608035952046379e-02 8.071143595654507408e+01 1.474639584963626827e-03
-3.598131812027439036e+00 -8.988979191414538938e-01 1.021139342337418349e-01 7.769754307420481609e+01 1.188426407190629978e-03
-3.706459644600435865e+00 -9.285856228817548352e-01 1.007881370420197209e-01 7.999811148672539218e+01 1.112826790066145238e-03
-3.706459644600435865e+00 -9.285856228817548352e-01 1.007881370420197209e-01 7.999811148672539218e+01 1.112826790066145238e-03
-3.706459644600435865e+00 -9.285856228817548352e-01 1.007881370420197209e-01 7.999811148672539218e+01 1.112826790066145238e-03
-3.279129335720670557e+00 -9.700433593999737703e-01 1.022951129407963650e-01 7.376008635086454035e+01 1.339769525880346850e-03
-3.117961324952969626e+00 -9.412147641223064243e-01 1.292699853236497776e-01 6.425639086569066194e+01 1.389432067533476981e-03
-3.915022875777089073e+00 -8.546095184077980855e-01 1.336057687638201597e-01 7.109181678194850917e+01 8.667944492075929392e-04
-4.029529661342873048e+00 -9.362929933200377919e-01 1.323767621419336404e-01 7.397914104299019300e+01 1.048141072940879295e-03
-4.029529661342873048e+00 -9.362929933200377919e-01 1.323767621419336404e-01 7.397914104299019300e+01 1.048141072940879295e-03
-4.299073036069414044e+00 -9.495515881755399734e-01 1.406234231216612063e-01 6.539108950667983322e+01 9.799515766450272568e-04
-4.201896207681661721e+00 -9.523217307459049819e-01 1.330229153201099024e-01 6.290070258447912011e+01 1.068293714250236970e-03
-4.201896207681661721e+00 -9.523217307459049819e-01 1.330229153201099024e-01 6.290070258447912011e+01 1.068293714250236970e-03
-3.910316167600440984e+00 -9.498858966930305847e-01 1.280478036293977162e-01 7.243369326792110030e+01 8.832090283750837836e-04
-3.910316167600440984e+00 -9.498858966930305847e-01 1.280478036293977162e-01 7.243369326792110030e+01 8.832090283750837836e-04
-3.910316167600440984e+00 -9.498858966930305847e-01 1.280478036293977162e-01 7.243369326792110030e+01 8.832090283750837836e-04
-3.213359040000183242e+00 -9.008646767607956241e-01 1.313563244947806574e-01 8.372576958023805105e+01 1.480241575272236293e-03
-3.819654732273405351e+00 -9.195049648632884765e-01 1.172607733179561601e-01 7.893388616788610079e+01 1.010926242635110019e-03
-3.819654732273405351e+00 -9.195049648632884765e-01 1.172607733179561601e-01 7.893388616788610079e+01 1.010926242635110019e-03
-3.677858892694119142e+00 -9.240136722519372015e-01 1.385158867299355612e-01 7.988432285388647358e+01 1.596539157529362936e-03
-3.866346965630743870e+00 -7.293260985888679881e-01 1.374627105432618679e-01 8.540728440007013944e+01 1.924618316980940529e-03
-3.866346965630743870e+00 -7.293260985888679881e-01 1.374627105432618679e-01 8.540728440007013944e+01 1.924618316980940529e-03
-3.386376616186260513e+00 -6.719295124841840883e-01 1.303680234383732262e-01 8.468911832300187825e+01 1.097504564978654586e-03
-3.386376616186260513e+00 -6.719295124841840883e-01 1.303680234383732262e-01 8.468911832300187825e+01 1.097504564978654586e-03
-3.386376616186260513e+00 -6.719295124841840883e-01 1.303680234383732262e-01 8.468911832300187825e+01 1.097504564978654586e-03
-3.157592218090389036e+00 -6.783455593463411093e-01 1.247250186904993174e-01 8.218301047142308846e+01 8.946091932293081909e-04
-3.157592218090389036e+00 -6.783455593463411093e-01 1.247250186904993174e-01 8.218301047142308846e+01 8.946091932293081909e-04
-3.259795421539108951e+00 -7.058152943027380388e-01 1.296403279860396940e-01 8.451229284882700199e+01 1.008538863602748137e-03
-3.097475133058977814e+00 -8.194186337495548145e-01 1.331030950112307154e-01 8.213700959760343778e+01 1.383138020792809651e-03
-3.250864763680019198e+00 -6.946235804041335227e-01 1.240907792670659232e-01 7.714443291441071437e+01 1.022522012438750651e-03
-3.434677073154666527e+00 -6.920957313494960905e-01 1.354762770234418379e-01 7.465973301164065390e+01 9.027808187401349877e-04
-3.648209711578114245e+00 -6.071554641492242776e-01 1.277589432554703808e-01 8.096320808729983298e+01 1.110384310772492226e-03
-4.246555737467896385e+00 -7.468413762832090130e-01 1.360868559210937356e-01 7.763987584131007225e+01 1.347041447913412517e-03
-4.246555737467896385e+00 -7.468413762832090130e-01 1.360868559210937356e-01 7.763987584131007225e+01 1.347041447913412517e-03
-4.410862338916116343e+00 -5.982753390006452232e-01 1.177361302913378094e-01 7.843016103948222906e+01 9.550073884062894574e-04
-4.811053363370997538e+00 -6.823680273832415377e-01 1.073096592666624993e-01 8.173547200164647109e+01 1.009393403962496188e-03
-4.811053363370997538e+00 -6.823680273832415377e-01 1.073096592666624993e-01 8.173547200164647109e+01 1.009393403962496188e-03
-4.466426008592133456e+00 -6.277083057648624731e-01 1.156751907086837755e-01 8.547868619524120959e+01 1.363276783235671920e-03
-4.976090606066973621e+00 -5.925667574831691153e-01 1.275186909269745150e-01 8.550520733098129256e+01 2.200899246100640385e-03
-4.627798268296502648e+00 -5.964819362252058443e-01 1.373462474707548009e-01 8.254440286140389560e+01 1.991296317831591813e-03
-4.196406771147920267e+00 -6.881639661653186080e-01 1.488888252655631572e-01 8.077375090691525372e+01 2.018951471488797389e-03
-4.196406771147920267e+00 -6.881639661653186080e-01 1.488888252655631572e-01 8.077375090691525372e+01 2.018951471488797389e-03
-3.728293217588736219e+00 -7.091543253657942580e-01 1.464982416371927443e-01 7.674989530154248030e+01 1.082197849687438051e-03
-3.666591758154598146e+00 -6.597429946363380093e-01 1.447204550961863345e-01 7.465037407212803089e+01 8.925479330296041437e-04
-3.657756142771284580e+00 -7.778567406762282310e-01 1.404023346174543552e-01 8.045349124576705435e+01 1.352816667336133143e-03
-4.051180925680931466e+00 -6.451100271167520273e-01 1.453782366518034663e-01 7.001964426799592900e+01 8.981780295395677509e-04
-3.959579728822504752e+00 -7.221314853568240322e-01 1.494755417785363361e-01 6.519114086156571375e+01 9.342426818451440981e-04
-3.725504896222304296e+00 -7.542351513908732707e-01 1.226328715268450997e-01 7.366594570099617556e+01 9.884435630499244837e-04
-3.545302477499676197e+00 -7.645183710076456363e-01 1.177208781060443549e-01 7.320319185771862180e+01 1.183697972090888735e-03
-3.150255670081121284e+00 -7.779850979238760456e-01 1.254408262244575134e-01 6.972516843531150244e+01 1.322704411574611265e-03
-3.308730662746069751e+00 -8.028743594469748279e-01 1.296592062919290356e-01 7.628629001719939140e+01 8.572582294509079916e-04
-3.045485142896014796e+00 -8.033469849026987353e-01 1.314232735184748257e-01 7.039926054318296167e+01 1.069560736481903890e-03
-3.061422325535509970e+00 -9.374559445308420225e-01 1.455232556395278931e-01 6.561917729983296965e+01 1.173040925525213954e-03
-3.241950379278148553e+00 -7.946275957128046130e-01 1.519519705160262968e-01 6.452621384161412266e+01 1.194647643173422577e-03
-3.676619791525084224e+00 -8.741344677937664676e-01 1.435632225358917102e-01 7.077113107007701842e+01 8.992644326325544436e-04
-3.676619791525084224e+00 -8.741344677937664676e-01 1.435632225358917102e-01 7.077113107007701842e+01 8.992644326325544436e-04
-3.755319279662919119e+00 -9.339613784711576772e-01 1.477227103046682977e-01 6.519489553611063570e+01 9.027851061062671344e-04
-3.429889346146556495e+00 -9.649355116653846043e-01 1.416041677058581805e-01 7.555436158350426012e+01 1.211843546072266173e-03
-3.835008207252899926e+00 -8.585973535448506722e-01 1.338789049676287757e-01 6.617411089109165800e+01 9.613109847294409437e-04
-3.835008207252899926e+00 -8.585973535448506722e-01 1.338789049676287757e-01 6.617411089109165800e+01 9.613109847294409437e-04
-4.047119310090687705e+00 -8.661538599975158181e-01 1.325364881224023461e-01 6.267446491348018611e+01 1.184765463494814961e-03
-4.047119310090687705e+00 -8.661538599975158181e-01 1.325364881224023461e-01 6.267446491348018611e+01 1.184765463494814961e-03
-4.331462240495318916e+00 -7.949905272025226122e-01 1.262349794540975900e-01 6.509337194071602539e+01 1.132771161435835051e-03
-4.331462240495318916e+00 -7.949905272025226122e-01 1.262349794540975900e-01 6.509337194071602539e+01 1.132771161435835051e-03
-4.435381747274161235e+00 -7.866988046032579174e-01 1.312453117529535362e-01 6.895026026458577917e+01 9.327615155291375500e-04
-3.593098267507347732e+00 -7.614158967982274095e-01 1.213900135748711556e-01 7.874186621702244793e+01 9.580184632662306493e-04
-3.881775520529475276e+00 -7.398837213070134089e-01 1.410202899386585884e-01 7.939004939485167256e+01 1.361061349611971966e-03
-3.881461418437721633e+00 -7.245833254211730967e-01 1.304899736609170524e-01 7.646575190425629387e+01 9.443586553490898421e-04
-3.941372035202117985e+00 -6.820748058142288572e-01 1.201486200271008192e-01 7.921587449958458649e+01 1.013958804408431058e-03
-4.518390780221227310e+00 -6.684172607852356673e-01 1.113443902607733349e-01 7.736901180124419852e+01 9.035736795726265419e-04
-4.644582815644769269e+00 -6.377736164600468216e-01 1.291259322144280575e-01 7.257951427532870525e+01 9.790335417474891298e-04
-4.152661953579636744e+00 -6.662978026210385485e-01 1.451032709194955972e-01 7.205887534383359139e+01 9.915784563791782760e-04
-4.477470650780894346e+00 -5.364078024825453817e-01 1.315254115153496883e-01 6.990914896404508738e+01 1.083668966165541973e-03
-4.477470650780894346e+00 -5.364078024825453817e-01 1.315254115153496883e-01 6.990914896404508738e+01 1.083668966165541973e-03
-4.532777428173529799e+00 -5.301339514269796105e-01 1.321630204566906219e-01 7.643579345893317623e+01 1.062431001769295613e-03
-4.842866702440440818e+00 -5.462797095753444410e-01 1.391732363911051540e-01 7.096528926693196127e+01 1.155310136373241797e-03
-4.718783342493644284e+00 -3.821136672043701776e-01 1.206551203242067910e-01 7.529238629050040288e+01 1.195756331932879045e-03
-4.718783342493644284e+00 -3.821136672043701776e-01 1.206551203242067910e-01 7.529238629050040288e+01 1.195756331932879045e-03
-4.508059527360488872e+00 -5.374243874788461328e-01 1.192269018409902182e-01 7.471452746897446673e+01 9.953382233487254906e-04
-4.508059527360488872e+00 -5.374243874788461328e-01 1.192269018409902182e-01 7.471452746897446673e+01 9.953382233487254906e-04
-4.938122533458235708e+00 -5.526896688740554620e-01 9.873121631042780511e-02 8.591275131697193501e+01 1.019181081714611503e-03
-4.938122533458235708e+00 -5.526896688740554620e-01 9.873121631042780511e-02 8.591275131697193501e+01 1.019181081714611503e-03
-4.938122533458235708e+00 -5.526896688740554620e-01 9.873121631042780511e-02 8.591275131697193501e+01 1.019181081714611503e-03
-4.888855104751361758e+00 -5.210057156510532472e-01 1.207104851606872198e-01 8.311461381316603081e+01 1.361081052619501734e-03
-4.888855104751361758e+00 -5.210057156510532472e-01 1.207104851606872198e-01 8.311461381316603081e+01 1.361081052619501734e-03
-4.888855104751361758e+00 -5.210057156510532472e-01 1.207104851606872198e-01 8.311461381316603081e+01 1.361081052619501734e-03
-4.842742135462901665e+00 -6.384423566494467073e-01 9.732951028032116314e-02 8.644736378896277529e+01 1.076232895289511897e-03
-4.816940836439415285e+00 -8.393741014358879760e-01 1.064588394834448393e-01 8.548871500557982017e+01 1.430347848225357573e-03
-4.581566032809040401e+00 -8.752094278321295162e-01 1.073644558935890475e-01 7.520553425732497033e+01 8.700805943286579747e-04
-4.445648196857352907e+00 -7.874583324645552107e-01 1.132360295925847055e-01 7.171446202718310303e+01 9.469662105764525828e-04
-4.445648196857352907e+00 -7.874583324645552107e-01 1.132360295925847055e-01 7.171446202718310303e+01 9.469662105764525828e-04
-4.445648196857352907e+00 -7.874583324645552107e-01 1.132360295925847055e-01 7.171446202718310303e+01 9.469662105764525828e-04
-4.538462618222431466e+00 -8.251978770862251622e-01 1.095646962491610560e-01 7.143002686333250040e+01 9.777658365933334685e-04
-4.538462618222431466e+00 -8.251978770862251622e-01 1.095646962491610560e-01 7.143002686333250040e+01 9.777658365933334685e-04
-4.538462618222431466e+00 -8.251978770862251622e-01 1.095646962491610560e-01 7.143002686333250040e+01 9.777658365933334685e-04
-4.864652618366124059e+00 -6.396501480388336880e-01 1.080155657122167517e-01 8.103586189281378438e+01 9.699410592061202471e-04
-4.885288072347999666e+00 -5.073868032589268218e-01 1.028022393780508581e-01 8.543475925267159710e+01 1.005367194122975139e-03
-4.885288072347999666e+00 -5.073868032589268218e-01 1.028022393780508581e-01 8.543475925267159710e+01 1.005367194122975139e-03
-4.765967348173370866e+00 -4.849220508294955767e-01 8.554700569400748578e-02 8.936084704358313502e+01 1.163199480875849734e-03
-4.782216910646644337e+00 -4.677627550954491786e-01 9.970211540232887248e-02 8.218638155784383059e+01 9.945522188353852523e-04
-4.782216910646644337e+00 -4.677627550954491786e-01 9.970211540232887248e-02 8.218638155784383059e+01 9.945522188353852523e-04
-4.561228120020853538e+00 -4.204581715002775333e-01 1.230161243953388217e-01 7.325715010528983839e+01 1.285656162969315381e-03
-4.804789354724205985e+00 -4.468297794590287975e-01 1.348742091362228057e-01 7.261228859658311308e+01 1.109582969475460213e-03
-4.884734915646216535e+00 -5.739811792075467656e-01 1.440622251165326051e-01 6.856697460849107983e+01 1.213300130876472475e-03
-4.770651928616990389e+00 -3.623487569887799964e-01 1.588480823529175301e-01 6.963281528811904764e+01 1.510374450935517317e-03
-4.793688219881476975e+00 -4.057957683174274743e-01 1.512963371412560931e-01 7.007804081191028445e+01 1.365133771764827537e-03
-4.637165185347519980e+00 -4.211812338002992595e-01 1.568538776046121408e-01 7.516634753516495948e+01 1.557345450862174978e-03
-4.358100110832844543e+00 -4.436494026803277091e-01 1.552899625916455417e-01 7.579640830191682710e+01 1.242612186592212528e-03
-4.358100110832844543e+00 -4.436494026803277091e-01 1.552899625916455417e-01 7.579640830191682710e+01 1.242612186592212528e-03
-4.574754543726839096e+00 -3.651904633025616631e-01 1.298496545961905224e-01 6.805754575311271992e+01 1.987381547356700633e-03
-4.326782500582615043e+00 -4.359519954775276651e-01 1.365981405769420565e-01 6.603005876980971323e+01 1.838869956963197841e-03
-4.368926671018748209e+00 -4.029470755747336930e-01 1.424703762304096177e-01 6.519823055203238482e+01 1.937790226446487211e-03
-4.171346812606486765e+00 -5.526071901534174158e-01 1.591117300543060942e-01 6.578461633030590860e+01 1.041252189611090607e-03
-4.615622382810060209e+00 -4.379282134018296357e-01 1.579160392584069150e-01 6.611617578663458517e+01 1.406378684503625451e-03
-3.899708391289604670e+00 -4.909654062486368264e-01 1.605446960979807491e-01 6.634839667603552016e+01 1.290860747341416844e-03
-4.359481268726820957e+00 -5.692837456634034510e-01 1.628352095863264959e-01 7.239849163251933817e+01 1.482691419920430416e-03
-4.359481268726820957e+00 -5.692837456634034510e-01 1.628352095863264959e-01 7.239849163251933817e+01 1.482691419920430416e-03
-4.302948267415223960e+00 -4.435698781536140389e-01 1.579395404745915499e-01 7.119628373985294445e+01 1.111106897594560036e-03
-4.302948267415223960e+00 -4.435698781536140389e-01 1.579395404745915499e-01 7.119628373985294445e+01 1.111106897594560036e-03
-4.302948267415223960e+00 -4.435698781536140389e-01 1.579395404745915499e-01 7.119628373985294445e+01 1.111106897594560036e-03
-4.624943880540743457e+00 -4.366034310550758746e-01 1.678213591027631346e-01 7.155038124223841578e+01 1.680062114663162390e-03
-4.624943880540743457e+00 -4.366034310550758746e-01 1.678213591027631346e-01 7.155038124223841578e+01 1.680062114663162390e-03
-4.624943880540743457e+00 -4.366034310550758746e-01 1.678213591027631346e-01 7.155038124223841578e+01 1.680062114663162390e-03
-4.861812320037543600e+00 -5.294835710694401065e-01 1.556161169389211341e-01 6.812162719968436875e+01 1.466200280754051920e-03
-4.861812320037543600e+00 -5.294835710694401065e-01 1.556161169389211341e-01 6.812162719968436875e+01 1.466200280754051920e-03
-4.538561624961883645e+00 -4.954426234781351135e-01 1.650588559712645731e-01 7.204788423343288173e+01 1.625168678596544160e-03
-4.538561624961883645e+00 -4.954426234781351135e-01 1.650588559712645731e-01 7.204788423343288173e+01 1.625168678596544160e-03
-4.291097843391981748e+00 -5.174117740236587881e-01 1.544984242478339154e-01 7.023844060141961165e+01 1.058496704277063017e-03
-3.465281717958035301e+00 -5.487958926546728788e-01 1.533118019168881463e-01 6.832443639948860437e+01 1.478992733737299154e-03
-3.503102987709633798e+00 -6.856311995155746075e-01 1.587240296888294544e-01 7.089001703503518570e+01 8.564606485730206706e-04
-3.144865951843287544e+00 -6.352525440498523190e-01 1.671706420111880864e-01 7.082000005565319611e+01 1.337605306122214774e-03
-3.144865951843287544e+00 -6.352525440498523190e-01 1.671706420111880864e-01 7.082000005565319611e+01 1.337605306122214774e-03
-3.046225912960578430e+00 -5.271639914340936484e-01 1.574196816569522761e-01 8.169554067397761798e+01 1.757989275521582712e-03
-3.221971265713825971e+00 -4.985278994317602907e-01 1.729766824222710719e-01 8.626683503468055392e+01 1.230530445775939461e-03
-3.221971265713825971e+00 -4.985278994317602907e-01 1.729766824222710719e-01 8.626683503468055392e+01 1.230530445775939461e-03
-3.221971265713825971e+00 -4.985278994317602907e-01 1.729766824222710719e-01 8.626683503468055392e+01 1.230530445775939461e-03
-3.074519150535245160e+00 -4.405143385544025847e-01 1.809085753920244011e-01 8.351005536848529687e+01 2.163369422718210318e-03
-3.274668792266391293e+00 -4.199880512490929418e-01 1.972769093958457176e-01 8.299460447191165713e+01 1.146184917447966951e-03
-3.530328876815345573e+00 -4.454632831654797287e-01 1.932161444133379258e-01 8.013963050581651260e+01 9.717698646151665034e-04
-3.530328876815345573e+00 -4.454632831654797287e-01 1.932161444133379258e-01 8.013963050581651260e+01 9.717698646151665034e-04
-3.530328876815345573e+00 -4.454632831654797287e-01 1.932161444133379258e-01 8.013963050581651260e+01 9.717698646151665034e-04
-3.339919859930790214e+00 -4.996735029682541351e-01 1.998542319617397922e-01 7.765782443752053155e+01 1.090690658686966144e-03
-3.895099636659542064e+00 -4.543792393476882019e-01 1.921418201626296507e-01 7.955980386336398169e+01 1.511553974553715620e-03
-3.884005868482190316e+00 -4.283397538442391128e-01 1.836378200230423530e-01 8.088329557912135215e+01 1.323832352198359499e-03
-4.039957833021685651e+00 -4.246697775470446579e-01 1.776940101147339579e-01 7.622149868841883347e+01 1.118345818469636006e-03
-4.039957833021685651e+00 -4.246697775470446579e-01 1.776940101147339579e-01 7.622149868841883347e+01 1.118345818469636006e-03
-4.076509902402777108e+00 -3.268901136259217410e-01 1.623946942770948532e-01 8.163207678159218972e+01 1.427121869172892459e-03
-3.610380512842614742e+00 -3.592728090390087115e-01 1.663654502812729197e-01 8.609581957641103145e+01 1.670939646962022775e-03
-3.610380512842614742e+00 -3.592728090390087115e-01 1.663654502812729197e-01 8.609581957641103145e+01 1.670939646962022775e-03
-4.020470098483805543e+00 -4.342844485171900581e-01 1.533785940212196997e-01 8.970121687785029962e+01 1.880243201454896360e-03
-3.699552033909979443e+00 -4.784247272462648359e-01 1.568504704345566325e-01 8.775789844816034702e+01 1.528124683626543891e-03
-3.858661272635265593e+00 -5.263734041788303841e-01 1.334580653971731978e-01 8.070492519475129711e+01 1.124792364551768006e-03
-3.504551271841222171e+00 -5.208408292078382518e-01 1.242934892696208743e-01 8.213926536437718084e+01 1.458994045959005614e-03
-3.504551271841222171e+00 -5.208408292078382518e-01 1.242934892696208743e-01 8.213926536437718084e+01 1.458994045959005614e-03
-3.504551271841222171e+00 -5.208408292078382518e-01 1.242934892696208743e-01 8.213926536437718084e+01 1.458994045959005614e-03
-3.512824119955091806e+00 -5.155716012265132431e-01 1.232346068381984100e-01 8.870840249638956720e+01 1.313887305194516922e-03
-3.913927287898533613e+00 -4.958151700167342524e-01 1.263357716785789009e-01 8.391958569823027858e+01 1.308681466743223838e-03
-4.047088829810588706e+00 -5.558111193321649823e-01 1.301178935980408791e-01 8.847722908627712002e+01 1.684949224686243391e-03
-4.359303674207662738e+00 -6.410286899649425552e-01 1.390989500895935538e-01 8.255392391303595900e+01 1.913238082462916535e-03
-4.277439654702356542e+00 -6.065282296984776389e-01 1.291364507099717618e-01 8.163463579117949109e+01 1.278913198065800751e-03
-4.353575324688714332e+00 -6.463454536964816644e-01 1.383978820693591016e-01 7.709830708572168589e+01 1.288122402924914839e-03
-3.882565600204114897e+00 -5.648290299589147079e-01 1.345984059854528070e-01 6.759546749693140555e+01 1.587365834992155150e-03
-3.997179623937173965e+00 -6.137308965471492961e-01 1.521414678923772024e-01 7.489889146619275095e+01 1.055678784948594403e-03
-4.222529627252937345e+00 -6.929472832013913175e-01 1.621304260727353397e-01 7.093608722715185877e+01 1.421625898472902993e-03
-4.222529627252937345e+00 -6.929472832013913175e-01 1.621304260727353397e-01 7.093608722715185877e+01 1.421625898472902993e-03
-4.222529627252937345e+00 -6.929472832013913175e-01 1.621304260727353397e-01 7.093608722715185877e+01 1.421625898472902993e-03
-4.407999647580084890e+00 -7.347497556761640736e-01 1.475416697937989019e-01 7.010425588289849941e+01 1.201837844074675043e-03
-4.479518294251560562e+00 -6.686262721839375534e-01 1.268276874682381372e-01 6.757390596661360860e+01 1.067959387981845705e-03
