-2.808843754972085272e+00 -9.232951661808873611e-01 1.240913274959911800e-01 7.446116416384261072e+01 1.185875528808250957e-03
-3.143880767223732331e+00 -8.901248866460043097e-01 1.484528274447925456e-01 7.488089890457696640e+01 1.321445938608501770e-03
-3.515097137287460871e+00 -8.586581945334704757e-01 1.318775358914793805e-01 6.794579099073627049e+01 9.793610715113304846e-04
-3.124774671468710352e+00 -7.783394409385302470e-01 1.308954047044742219e-01 7.551911114056586882e+01 9.376754347322593160e-04
-3.200666139373670394e+00 -8.982825684237636388e-01 1.483951130567504606e-01 8.081025011129953839e+01 1.822161376042900471e-03
-3.652410232388427769e+00 -9.269185033547402419e-01 1.500683824870552574e-01 7.925874418587945058e+01 1.951331263337585838e-03
-3.993441318761126180e+00 -9.104016550560672938e-01 1.330609250578521918e-01 8.262170720926026490e+01 1.944682994830254728e-03
-4.588743297690778711e+00 -8.289356780271803782e-01 1.191838178493154765e-01 7.753961918175177459e+01 1.069753505988095283e-03
-4.774108857799984840e+00 -7.815324398365804948e-01 1.239582747589784845e-01 7.304296440207062346e+01 9.598354146936396991e-04
-4.911193582411150338e+00 -8.649225958014076232e-01 1.148940362629780887e-01 7.360044262395450687e+01 8.706050858926872669e-04
-4.911193582411150338e+00 -8.649225958014076232e-01 1.148940362629780887e-01 7.360044262395450687e+01 8.706050858926872669e-04
-4.641749194294585656e+00 -8.847958154174766499e-01 1.207812230205057014e-01 7.031885795914750759e+01 8.815898359264983828e-04
-4.641749194294585656e+00 -8.847958154174766499e-01 1.207812230205057014e-01 7.031885795914750759e+01 8.815898359264983828e-04
-4.647097779273682505e+00 -8.267558014323603821e-01 1.164036300750725117e-01 7.290034442536507697e+01 8.677821079229136548e-04
-4.778858504487733860e+00 -8.099479471911310569e-01 1.166937687741556318e-01 7.353276151266364025e+01 8.775964252252048924e-04
-4.778858504487733860e+00 -8.099479471911310569e-01 1.166937687741556318e-01 7.353276151266364025e+01 8.775964252252048924e-04
-4.778858504487733860e+00 -8.099479471911310569e-01 1.166937687741556318e-01 7.353276151266364025e+01 8.775964252252048924e-04
-4.778858504487733860e+00 -8.099479471911310569e-01 1.166937687741556318e-01 7.353276151266364025e+01 8.775964252252048924e-04
-4.778858504487733860e+00 -8.099479471911310569e-01 1.166937687741556318e-01 7.353276151266364025e+01 8.775964252252048924e-04
-4.496087754786369572e+00 -8.980492363490475416e-01 1.157123946218303195e-01 7.222433303877809863e+01 8.642845850288876329e-04
-4.387043151738788893e+00 -9.499363676029597414e-01 9.905709672644910646e-02 6.933214785291620785e+01 1.511229621478840397e-03
-4.314212009748152887e+00 -9.968868359787286249e-01 1.062967146406940955e-01 6.653578583811062686e+01 1.448071198080551521e-03
-4.424458830462498327e+00 -9.592554910516458699e-01 1.108459586381892181e-01 7.248456608860820438e+01 8.806625396624925828e-04
-3.897041801739339562e+00 -9.706906350937837269e-01 1.071273559798658348e-01 7.727782670670910647e+01 9.543272750502215709e-04
-4.375585332096179947e+00 -9.991837303657237213e-01 1.152023818440482822e-01 8.009824865470713462e+01 1.223567916634995178e-03
-3.779564351868996752e+00 -9.649987843298289958e-01 1.106632864458570037e-01 6.817400741483750437e+01 1.339998681795919648e-03
-3.868179862254043755e+00 -9.379271247546884238e-01 1.083563255831006544e-01 6.922140968126836924e+01 1.342166248760447243e-03
-3.853654738224359999e+00 -9.182412610580673595e-01 1.378231380622351732e-01 6.399137103374361146e+01 9.849486816064559856e-04
-3.687479951899219621e+00 -9.973832084294691480e-01 1.215163913877300716e-01 6.767208526565667626e+01 1.009161336510046129e-03
-3.373988170731138325e+00 -8.492367755511390781e-01 1.240812430173965780e-01 6.866033769697982336e+01 1.181024347258135144e-03
-3.373988170731138325e+00 -8.492367755511390781e-01 1.240812430173965780e-01 6.866033769697982336e+01 1.181024347258135144e-03
-3.409483178138726700e+00 -7.482551068423251017e-01 1.444874023067382884e-01 6.829361334717968646e+01 9.526106080633675631e-04
-3.768884047003762561e+00 -7.089135238492110247e-01 1.286287117431224036e-01 6.444002324225709799e+01 1.663575529730688604e-03
-3.887622155076840613e+00 -6.354380972060930111e-01 1.287167446351248079e-01 7.054063470280296144e+01 1.188651404704601415e-03
-3.934847131306650425e+00 -6.728368372596623681e-01 1.292974758356268405e-01 7.017723031604907646e+01 1.055004158914812310e-03
-3.934847131306650425e+00 -6.728368372596623681e-01 1.292974758356268405e-01 7.017723031604907646e+01 1.055004158914812310e-03
-3.934847131306650425e+00 -6.728368372596623681e-01 1.292974758356268405e-01 7.017723031604907646e+01 1.055004158914812310e-03
-3.865070373965725281e+00 -6.825755840091645155e-01 1.279261068958738590e-01 6.872528265962255034e+01 1.222216101985122531e-03
-4.292026061459321973e+00 -7.160867203206461307e-01 1.149601861886799387e-01 7.360402782128053900e+01 9.558463180216976223e-04
-4.285930802995925326e+00 -6.171316870930061427e-01 1.181266904139718771e-01 7.435272165683093704e+01 1.005716460386433002e-03
-4.204948314540151166e+00 -5.540122223912268273e-01 1.063796156302379003e-01 8.756906735380792384e+01 1.283089202614051249e-03
-3.756466025281053334e+00 -6.188837160436473361e-01 1.162491030388034252e-01 7.775545637093385665e+01 1.326896737331083927e-03
-3.756466025281053334e+00 -6.188837160436473361e-01 1.162491030388034252e-01 7.775545637093385665e+01 1.326896737331083927e-03
-3.756466025281053334e+00 -6.188837160436473361e-01 1.162491030388034252e-01 7.775545637093385665e+01 1.326896737331083927e-03
-3.462905074361731561e+00 -5.677264497317644487e-01 1.368857361842742149e-01 8.826000962208254919e+01 1.219152278568259428e-03
-3.462905074361731561e+00 -5.677264497317644487e-01 1.368857361842742149e-01 8.826000962208254919e+01 1.219152278568259428e-03
-3.277854325948541980e+00 -5.832189102335127995e-01 1.413338540634250795e-01 8.573372704492841478e+01 9.818607815952563791e-04
-3.144937672670147677e+00 -6.978147105744442191e-01 1.352103927870484390e-01 7.696273955470033457e+01 9.586521322331484178e-04
-3.526340132826202289e+00 -7.448380756007526582e-01 1.382829634142215547e-01 7.807720808458350348e+01 9.629082084028353031e-04
-3.506851757139823000e+00 -8.741471949879897618e-01 1.328617787905876924e-01 7.925650021175445659e+01 1.152137265275744640e-03
-3.379212761443980195e+00 -9.071334532501943437e-01 1.486014073423927162e-01 7.132064011261871883e+01 9.820365812208871076e-04
-3.214766869363457236e+00 -9.082388150663541770e-01 1.469639861873347497e-01 6.394706360526730293e+01 1.142405550497455763e-03
-3.077201463444911855e+00 -8.939169853898941698e-01 1.545718325347518463e-01 7.027957056413194437e+01 1.397126830075315178e-03
-3.361779606452348634e+00 -8.215199508651109817e-01 1.605359592878074504e-01 7.434704259338697341e+01 1.279013944917241309e-03
-3.361779606452348634e+00 -8.215199508651109817e-01 1.605359592878074504e-01 7.434704259338697341e+01 1.279013944917241309e-03
-3.361779606452348634e+00 -8.215199508651109817e-01 1.605359592878074504e-01 7.434704259338697341e+01 1.279013944917241309e-03
-3.288461764827316891e+00 -8.901217542076174105e-01 1.679449204450781941e-01 7.632558150434665833e+01 1.957481597962953523e-03
-3.090165919569922259e+00 -8.349933237931247421e-01 1.502155411982025457e-01 7.324356255733195553e+01 1.337784162978851183e-03
-3.027929335631566410e+00 -7.324928945323825324e-01 1.333874994797567270e-01 7.960904263774648371e+01 1.278271405306006733e-03
-3.127489778157323208e+00 -6.424855474348841744e-01 1.232463545052267240e-01 7.740924032212765837e+01 1.151980990611109566e-03
-3.261507787592615504e+00 -6.561112343161222826e-01 1.215188284555197562e-01 7.169814452107131331e+01 1.839248813584583742e-03
-3.497364480381643048e+00 -6.566239630693098128e-01 1.379933546605842110e-01 7.225261102209431385e+01 1.011306528662180232e-03
-3.813431270572605225e+00 -5.817366645399367764e-01 1.443351341823488065e-01 8.277356812991580171e+01 1.278212739253151240e-03
-3.813431270572605225e+00 -5.817366645399367764e-01 1.443351341823488065e-01 8.277356812991580171e+01 1.278212739253151240e-03
-3.813431270572605225e+00 -5.817366645399367764e-01 1.443351341823488065e-01 8.277356812991580171e+01 1.278212739253151240e-03
-3.935101732281958142e+00 -5.576878773303718395e-01 1.373989627502803512e-01 7.004562778212985563e+01 1.216286597781478847e-03
-4.006480118768338095e+00 -5.450989852009957559e-01 1.363541439304087610e-01 7.026559294687798740e+01 1.201516712439311017e-03
-4.926062720736304357e+00 -3.934569237088225702e-01 1.305181707177533734e-01 7.639507482638522617e+01 1.109044127703054080e-03
-4.656743255694932415e+00 -4.589612816283817898e-01 1.298724567590727741e-01 7.523221460748760592e+01 1.036230011163684307e-03
-4.656743255694932415e+00 -4.589612816283817898e-01 1.298724567590727741e-01 7.523221460748760592e+01 1.036230011163684307e-03
-4.554192110651236192e+00 -5.182549066045877284e-01 1.557950603827453762e-01 6.955174660006196063e+01 1.298915215321476456e-03
-4.660187299769859237e+00 -5.122590963817836851e-01 1.610788532342261603e-01 6.857182300372848260e+01 1.483042767697225189e-03
-4.463592974112759570e+00 -4.750153484050263497e-01 1.561740226439580492e-01 6.597538641458177722e+01 1.274224099778544818e-03
-4.463592974112759570e+00 -4.750153484050263497e-01 1.561740226439580492e-01 6.597538641458177722e+01 1.274224099778544818e-03
-4.663142106967052669e+00 -3.876475654716529107e-01 1.877353950286332895e-01 6.478600731103708199e+01 1.924262023932011689e-03
-4.630813305626439558e+00 -3.101467413846679122e-01 1.909772335436689394e-01 6.438611805880096028e+01 2.016431904005594727e-03
-4.907256514462597252e+00 -3.609883595924484045e-01 1.910963872653605455e-01 6.252644976790931253e+01 2.234093794363367115e-03
-4.600923615280779089e+00 -4.240371522388052261e-01 1.937501144997019198e-01 6.638989150466615285e+01 2.069409264608963132e-03
-4.340587527406400525e+00 -4.896222781727340712e-01 1.945026884637206244e-01 7.032513709249526812e+01 1.969201367106478313e-03
-4.850605506357845265e+00 -4.724233016320006362e-01 1.753896481831204723e-01 6.590148117863087407e+01 1.907803904919316146e-03
-4.794330622385325036e+00 -5.872150609287403178e-01 1.787611093364896986e-01 6.392922610388532689e+01 1.954735955995818078e-03
-4.519574405860049993e+00 -6.055020483824447020e-01 1.859244294754974214e-01 6.285619151065308330e+01 1.825978533141362891e-03
-4.461423755126403989e+00 -6.884669650890687942e-01 1.886591996795110859e-01 6.849038714866692601e+01 2.513331385422521748e-03
-4.320499512931574415e+00 -7.420226079827828558e-01 1.889293107325905607e-01 6.646376700495896728e+01 2.170877076891495217e-03
-4.649098727514169305e+00 -6.262859213891490695e-01 1.878406308209505937e-01 6.691384832901461266e+01 2.449531836473361514e-03
-4.335143285492478071e+00 -6.726964843741470856e-01 1.998351221321134075e-01 6.428636978811670133e+01 2.180335673078804756e-03
-4.115063588313167209e+00 -5.906268173480618833e-01 1.893039560916011943e-01 7.610479133269330987e+01 2.443567698681016476e-03
-4.115063588313167209e+00 -5.906268173480618833e-01 1.893039560916011943e-01 7.610479133269330987e+01 2.443567698681016476e-03
-3.948109540549336494e+00 -5.707674283483509248e-01 1.825356713579395496e-01 6.516539618803055589e+01 9.651367878039339692e-04
-3.783966142745215588e+00 -5.928585587056314221e-01 1.829746021031733727e-01 6.612065174188369099e+01 9.107137576598727273e-04
-3.783966142745215588e+00 -5.928585587056314221e-01 1.829746021031733727e-01 6.612065174188369099e+01 9.107137576598727273e-04
-3.716399577086019423e+00 -6.026171455909099528e-01 1.835170054658681604e-01 6.568306755485265569e+01 8.839909025957709901e-04
-3.604442229514390306e+00 -7.062490242801260365e-01 1.925945322492980394e-01 6.922679590649094905e+01 1.351412987966333062e-03
-3.633945988228028057e+00 -8.464140811944673715e-01 1.630870796952899049e-01 6.411151812868637023e+01 9.394713900892938657e-04
-3.806965470333731005e+00 -7.474922869396579683e-01 1.576930478307012884e-01 6.582367673596959889e+01 9.002395384613334078e-04
-3.647327729793235829e+00 -7.196772855587114659e-01 1.542368435267244264e-01 7.239130602290549632e+01 9.084485758559660614e-04
-3.647327729793235829e+00 -7.196772855587114659e-01 1.542368435267244264e-01 7.239130602290549632e+01 9.084485758559660614e-04
-3.730919601258703366e+00 -6.298713558291889614e-01 1.446591476751956373e-01 7.109708972042166408e+01 9.381511971118640728e-04
-3.605907376235634842e+00 -6.122555616666756073e-01 1.389453941346822097e-01 7.650046778670015613e+01 9.604619144459045424e-04
-3.622789307412659809e+00 -5.712156172142580646e-01 1.390541197112944716e-01 7.424347370111242128e+01 1.168862356768684586e-03
-3.728874559773096120e+00 -5.384642167708256766e-01 1.451961547250262274e-01 6.987257227184711894e+01 1.353721374973103353e-03
-4.360351191750375222e+00 -5.322410206136874988e-01 1.489452562080084697e-01 7.143081734668372462e+01 1.077900075132459190e-03
-4.276411177514751749e+00 -5.680239658099136557e-01 1.445919240828656138e-01 6.823790815603950932e+01 1.021715981550035991e-03
-4.201626310465036873e+00 -5.620814171668352399e-01 1.504876808230773411e-01 6.469205631202815709e+01 1.151652596183990601e-03
-4.767984006052004453e+00 -6.979130516573320842e-01 1.578587995172482383e-01 6.765502183037155248e+01 1.565477016959877527e-03
-4.852048324545002345e+00 -7.587687103506255415e-01 1.622725397189461460e-01 6.249093317668183545e+01 1.489585306437966449e-03
-4.550997934767250896e+00 -7.958589624906046156e-01 1.481414972283459086e-01 6.561162195852449486e+01 1.154431696759836926e-03
-4.651581522415342285e+00 -7.793244227509729116e-01 1.367198438830313223e-01 7.270269779059623261e+01 1.229075630249800311e-03
-4.503309752577384195e+00 -7.922759902668693455e-01 1.545310978834502635e-01 7.025033447641797579e+01 1.567053666123410880e-03
-4.565824099519804946e+00 -6.918473642077159758e-01 1.500615871090152931e-01 7.320538987667598008e+01 1.597554270797048575e-03
-4.733121123425693355e+00 -6.963774264036088901e-01 1.427931938538388734e-01 7.956869943421889957e+01 2.181940257397955649e-03
-4.798252455783546644e+00 -7.054263393337061316e-01 1.506847603206997455e-01 7.602112873207360622e+01 2.160777406515261567e-03
-4.841722984738819235e+00 -7.501881113731141415e-01 1.564921313474278985e-01 7.579250689563497190e+01 2.522071632305332520e-03
-4.474177514041774550e+00 -6.401851293042813973e-01 1.418460423810160298e-01 7.623166535407719380e+01 1.416041001482123496e-03
-4.474177514041774550e+00 -6.401851293042813973e-01 1.418460423810160298e-01 7.623166535407719380e+01 1.416041001482123496e-03
-4.271080941923679042e+00 -5.253726545277088711e-01 1.337411389976311260e-01 7.391116123775240965e+01 9.953844461481485724e-04
-4.338580341930147632e+00 -6.409683957696488132e-01 1.264677676957970676e-01 7.869196415395146005e+01 1.084337121238264541e-03
-4.470163056769592025e+00 -5.645916087663596095e-01 1.414513910272891251e-01 7.775895968042917161e+01 1.389555787707922327e-03
-4.517366383554100473e+00 -5.565768807647207828e-01 1.366982424189106260e-01 7.176516821031297866e+01 1.027464521119249383e-03
-4.826400891951605487e+00 -7.281934654731144763e-01 1.511938802922005720e-01 7.085013060585006883e+01 1.635770951745717976e-03
-4.826400891951605487e+00 -7.281934654731144763e-01 1.511938802922005720e-01 7.085013060585006883e+01 1.635770951745717976e-03
-4.706826725675631096e+00 -8.471663631451825660e-01 1.692751823632498431e-01 7.493145882705871941e+01 3.104649780857018058e-03
-4.854377479213540347e+00 -9.321432653705488125e-01 1.679648203331868817e-01 7.149378858061740516e+01 2.676685204332902857e-03
-4.854377479213540347e+00 -9.321432653705488125e-01 1.679648203331868817e-01 7.149378858061740516e+01 2.676685204332902857e-03
-4.796851689523265350e+00 -8.374032975347158736e-01 1.861050482822259877e-01 7.083291239946638029e+01 3.377635245884212656e-03
-4.796851689523265350e+00 -8.374032975347158736e-01 1.861050482822259877e-01 7.083291239946638029e+01 3.377635245884212656e-03
-4.718865230636279051e+00 -7.092848938354837651e-01 1.815666201351223141e-01 7.489451318928691137e+01 3.531046987954038381e-03
-4.848697558373265437e+00 -6.562747551833951754e-01 1.956324654839804722e-01 6.752337320159654155e+01 3.151106604486615583e-03
-4.774365466191130558e+00 -7.645839735270720805e-01 1.841775973680070400e-01 6.816215602384107797e+01 2.788232957546783481e-03
-4.774365466191130558e+00 -7.645839735270720805e-01 1.841775973680070400e-01 6.816215602384107797e+01 2.788232957546783481e-03
-4.947168384193363799e+00 -6.849141002635661390e-01 1.599584163923165880e-01 7.057235335236887863e+01 1.997627075901045081e-03
-4.655782934835832165e+00 -4.779280414563272794e-01 1.584479237395644557e-01 6.263461268927389369e+01 1.510559339236868925e-03
-4.954793268416461061e+00 -5.137588228982638006e-01 1.465860216437091801e-01 6.522832941067099455e+01 1.278172802336012895e-03
-4.884046015954151443e+00 -5.295856855073509672e-01 1.600727861885838932e-01 6.351582004630238032e+01 1.484310043995046725e-03
-4.743985231878217412e+00 -5.505536182073783591e-01 1.464066067555086503e-01 6.035430766471753827e+01 1.577140328917522871e-03
-4.481203882835760766e+00 -6.200319686687101317e-01 1.597315067496513918e-01 6.084807789734160366e+01 1.348998763979754149e-03
-4.535698220298790773e+00 -6.729988273276827915e-01 1.439216712233331308e-01 6.327618156532641791e+01 1.186091643926141369e-03
-4.926203429165346037e+00 -6.882113936555601663e-01 1.462944126847221249e-01 6.017433200114783887e+01 1.341473570581399547e-03
-4.494910469142377352e+00 -7.874229064199395056e-01 1.493095147126269617e-01 6.379179812658308890e+01 1.138060608667078744e-03
-4.494910469142377352e+00 -7.874229064199395056e-01 1.493095147126269617e-01 6.379179812658308890e+01 1.138060608667078744e-03
-4.343942297223627236e+00 -9.517073304074972206e-01 1.374882641031588970e-01 6.554787698255482553e+01 9.649041818041248584e-04
-4.795284598375892493e+00 -8.923086835991022037e-01 1.158162902448832410e-01 6.348179409579578447e+01 1.368689451014358646e-03
-4.857144802646994108e+00 -7.829483299525136220e-01 1.075322486317415033e-01 6.457285033242149552e+01 1.672144032650065785e-03
-4.857144802646994108e+00 -7.829483299525136220e-01 1.075322486317415033e-01 6.457285033242149552e+01 1.672144032650065785e-03
-4.640702293472969586e+00 -7.580318575726141539e-01 1.093549872777996729e-01 6.890773458548021324e+01 1.196192268578224333e-03
-4.640702293472969586e+00 -7.580318575726141539e-01 1.093549872777996729e-01 6.890773458548021324e+01 1.196192268578224333e-03
-4.714629216189450744e+00 -4.822270642508237892e-01 1.029903456301558828e-01 7.880185554541898796e+01 1.074546312281492340e-03
-4.714629216189450744e+00 -4.822270642508237892e-01 1.029903456301558828e-01 7.880185554541898796e+01 1.074546312281492340e-03
-4.672046611780970693e+00 -5.556035368111790218e-01 1.139201399520276825e-01 7.972460614815679492e+01 9.407744528371539666e-04
-4.672046611780970693e+00 -5.556035368111790218e-01 1.139201399520276825e-01 7.972460614815679492e+01 9.407744528371539666e-04
-4.329268144561508436e+00 -5.567302711659646297e-01 1.305556416973444600e-01 7.999209341000164386e+01 1.143439347015064471e-03
-4.101984035595505063e+00 -4.864084667283717356e-01 1.285141808122571006e-01 7.265831186037739542e+01 1.432783381362780087e-03
-3.892729694053101319e+00 -4.971468834194446296e-01 1.276018780358171290e-01 7.622344835171894317e+01 1.500460514116725656e-03
-4.025103645132840136e+00 -4.408737170674724148e-01 1.228561805938863660e-01 8.589888405838235030e+01 1.446144823051821043e-03
-4.025103645132840136e+00 -4.408737170674724148e-01 1.228561805938863660e-01 8.589888405838235030e+01 1.446144823051821043e-03
-4.120489500388843318e+00 -5.731570782402899411e-01 1.000061634137640321e-01 8.269626521092865801e+01 1.467319749051129198e-03
-4.087324195717201292e+00 -5.712966169051635346e-01 9.773965338053415552e-02 8.729590737558521596e+01 1.499480400872560924e-03
-4.087324195717201292e+00 -5.712966169051635346e-01 9.773965338053415552e-02 8.729590737558521596e+01 1.499480400872560924e-03
-4.105484822533421507e+00 -6.320735319568928645e-01 1.233348869358138339e-01 8.932276476823223277e+01 1.862857791994265190e-03
-3.646691453664652194e+00 -5.992048679809676148e-01 1.331255469365893451e-01 8.686391497112033733e+01 1.359993877636375345e-03
-3.646691453664652194e+00 -5.992048679809676148e-01 1.331255469365893451e-01 8.686391497112033733e+01 1.359993877636375345e-03
-4.030517308979635338e+00 -7.571843793953145774e-01 1.103531302865746605e-01 8.649417261113742939e+01 1.374977726974676955e-03
-4.140777942428361946e+00 -8.489049644275616924e-01 1.013292502647795135e-01 8.794777608240941902e+01 1.406199315690598133e-03
-4.148342171484991070e+00 -7.225601997104964536e-01 1.077919230710417675e-01 6.664408983515288298e+01 2.007193843765595585e-03
-4.191384647419322818e+00 -8.096387346077019709e-01 1.080039111268754626e-01 7.463809516759533835e+01 1.000327594325880250e-03
-4.191384647419322818e+00 -8.096387346077019709e-01 1.080039111268754626e-01 7.463809516759533835e+01 1.000327594325880250e-03
-4.544170434503957523e+00 -8.064311129733299222e-01 1.074048684054974001e-01 8.298867037612505726e+01 1.138040698014936535e-03
-4.927879653623080003e+00 -6.864842337477974343e-01 1.035565531258546279e-01 8.176220915403527556e+01 9.690336648170099322e-04
-4.927879653623080003e+00 -6.864842337477974343e-01 1.035565531258546279e-01 8.176220915403527556e+01 9.690336648170099322e-04
-4.942989622622654622e+00 -7.383050840514782109e-01 1.033317334725754322e-01 8.265676626261948456e+01 1.045795536855192651e-03
-4.672326603688025770e+00 -8.073554008583574415e-01 8.858375578407301498e-02 7.599428571004715138e+01 1.415709105191912277e-03
-4.672326603688025770e+00 -8.073554008583574415e-01 8.858375578407301498e-02 7.599428571004715138e+01 1.415709105191912277e-03
-4.672326603688025770e+00 -8.073554008583574415e-01 8.858375578407301498e-02 7.599428571004715138e+01 1.415709105191912277e-03
-4.805150534489513348e+00 -8.297601510730017171e-01 9.766736792262983857e-02 7.138059657723010787e+01 1.292648001108432764e-03
-4.805150534489513348e+00 -8.297601510730017171e-01 9.766736792262983857e-02 7.138059657723010787e+01 1.292648001108432764e-03
-4.805150534489513348e+00 -8.297601510730017171e-01 9.766736792262983857e-02 7.138059657723010787e+01 1.292648001108432764e-03
-4.602048292286057496e+00 -9.736016780368639267e-01 1.067131855763871762e-01 7.032534241404222541e+01 1.011019015108266137e-03
-4.219470730229484268e+00 -9.629787317413768255e-01 1.077292507066085342e-01 7.545328580591313994e+01 8.997358031956786181e-04
-4.591542592386375965e+00 -9.496533523882304539e-01 1.083108910675946862e-01 7.912672912323955643e+01 9.837790805070016197e-04
-4.750432643824469281e+00 -9.468088742324994866e-01 1.053607678228571098e-01 7.811882435040747907e+01 9.075799481473263231e-04
-4.990918064675405219e+00 -9.820085790356909428e-01 1.233678889979365756e-01 7.314899508560218067e+01 1.028266750506674071e-03
-4.603713080947550829e+00 -8.895183473536554253e-01 1.175646855130925705e-01 7.589673474758723160e+01 9.676025659384044535e-04
-4.434101292801770455e+00 -7.633995479413737684e-01 1.333870492267247576e-01 7.306671920797109010e+01 1.056846631031902470e-03
-4.434101292801770455e+00 -7.633995479413737684e-01 1.333870492267247576e-01 7.306671920797109010e+01 1.056846631031902470e-03
-4.434101292801770455e+00 -7.633995479413737684e-01 1.333870492267247576e-01 7.306671920797109010e+01 1.056846631031902470e-03
-4.316427559947478620e+00 -7.107178821419845027e-01 1.306159510394525325e-01 7.298627646145334325e+01 9.362523824859431392e-04
-4.316427559947478620e+00 -7.107178821419845027e-01 1.306159510394525325e-01 7.298627646145334325e+01 9.362523824859431392e-04
-4.316427559947478620e+00 -7.107178821419845027e-01 1.306159510394525325e-01 7.298627646145334325e+01 9.362523824859431392e-04
-3.926466638322133385e+00 -7.504204979634307993e-01 1.413663475942060488e-01 6.794408146463783282e+01 8.845132901415184157e-04
-3.916769159972376624e+00 -6.193603149193751545e-01 1.448880967820266041e-01 7.390315856134931494e+01 9.160971356482728277e-04
-3.916769159972376624e+00 -6.193603149193751545e-01 1.448880967820266041e-01 7.390315856134931494e+01 9.160971356482728277e-04
-3.916769159972376624e+00 -6.193603149193751545e-01 1.448880967820266041e-01 7.390315856134931494e+01 9.160971356482728277e-04
-4.006917381740914053e+00 -6.158863148683230149e-01 1.518388634805268589e-01 7.557118408232719275e+01 1.106274393008917483e-03
-3.638209059007966317e+00 -5.765395883575178404e-01 1.577436883724745165e-01 7.748382419021108092e+01 9.617143276545408841e-04
-3.848861834132581095e+00 -5.381706189239845450e-01 1.546312212451876889e-01 7.959439010895633260e+01 1.125912601521773110e-03
-3.848861834132581095e+00 -5.381706189239845450e-01 1.546312212451876889e-01 7.959439010895633260e+01 1.125912601521773110e-03
-3.848861834132581095e+00 -5.381706189239845450e-01 1.546312212451876889e-01 7.959439010895633260e+01 1.125912601521773110e-03
-3.848861834132581095e+00 -5.381706189239845450e-01 1.546312212451876889e-01 7.959439010895633260e+01 1.125912601521773110e-03
-3.848861834132581095e+00 -5.381706189239845450e-01 1.546312212451876889e-01 7.959439010895633260e+01 1.125912601521773110e-03
-3.848861834132581095e+00 -5.381706189239845450e-01 1.546312212451876889e-01 7.959439010895633260e+01 1.125912601521773110e-03
