-3.262715372341113973e+00 -9.177861495069622455e-01 1.610530532835347806e-01 7.780830506603025754e+01 1.978832620522077545e-03
-3.014832081912750539e+00 -9.401008396564703995e-01 1.628934917776275193e-01 8.365114053179217990e+01 3.809753603520775814e-03
-3.336674271122383573e+00 -8.698187522186392462e-01 1.564225939062784954e-01 7.298534313864304579e+01 1.178771191663284101e-03
-3.336674271122383573e+00 -8.698187522186392462e-01 1.564225939062784954e-01 7.298534313864304579e+01 1.178771191663284101e-03
-3.336674271122383573e+00 -8.698187522186392462e-01 1.564225939062784954e-01 7.298534313864304579e+01 1.178771191663284101e-03
-3.336674271122383573e+00 -8.698187522186392462e-01 1.564225939062784954e-01 7.298534313864304579e+01 1.178771191663284101e-03
-3.464941867998794223e+00 -9.092853255927687561e-01 1.426679036007549861e-01 7.361046995510574220e+01 1.014268276867616968e-03
-3.464941867998794223e+00 -9.092853255927687561e-01 1.426679036007549861e-01 7.361046995510574220e+01 1.014268276867616968e-03
-3.398822449135705526e+00 -8.668479974591754011e-01 1.729004435790394145e-01 6.613253271308209946e+01 1.140392825339401044e-03
-3.398822449135705526e+00 -8.668479974591754011e-01 1.729004435790394145e-01 6.613253271308209946e+01 1.140392825339401044e-03
-3.354207664252580212e+00 -7.911908644382570355e-01 1.861721321929966644e-01 6.640120334089726839e+01 1.260510593442097389e-03
-3.437210828727561562e+00 -6.805453003280355073e-01 1.956856710527987986e-01 7.043370650852511972e+01 1.364799756882782884e-03
-3.160083022423560539e+00 -5.413122113367696553e-01 1.955304092454134834e-01 7.457404127788252879e+01 1.678547129015321715e-03
-3.495599612403444745e+00 -5.391394354459738691e-01 1.888318371557704267e-01 7.764365140041959990e+01 1.131134315940291726e-03
-3.495599612403444745e+00 -5.391394354459738691e-01 1.888318371557704267e-01 7.764365140041959990e+01 1.131134315940291726e-03
-3.495599612403444745e+00 -5.391394354459738691e-01 1.888318371557704267e-01 7.764365140041959990e+01 1.131134315940291726e-03
-3.495599612403444745e+00 -5.391394354459738691e-01 1.888318371557704267e-01 7.764365140041959990e+01 1.131134315940291726e-03
-3.396704031474568453e+00 -4.109522943574445142e-01 1.844345824547953816e-01 7.762106685270784112e+01 1.293313670923469704e-03
-3.396704031474568453e+00 -4.109522943574445142e-01 1.844345824547953816e-01 7.762106685270784112e+01 1.293313670923469704e-03
-3.830699098845402162e+00 -4.580173858741962145e-01 1.831687479955554643e-01 7.780603327972866623e+01 1.125498004129529134e-03
-3.561385084080944452e+00 -5.458633667052480432e-01 1.824257472663423640e-01 7.576540703653220987e+01 9.711181926064640707e-04
-3.561385084080944452e+00 -5.458633667052480432e-01 1.824257472663423640e-01 7.576540703653220987e+01 9.711181926064640707e-04
-3.449157580514957022e+00 -5.980219979847902767e-01 1.811875918051032708e-01 7.440600248682869733e+01 1.037389703921908282e-03
-3.449157580514957022e+00 -5.980219979847902767e-01 1.811875918051032708e-01 7.440600248682869733e+01 1.037389703921908282e-03
-3.449157580514957022e+00 -5.980219979847902767e-01 1.811875918051032708e-01 7.440600248682869733e+01 1.037389703921908282e-03
-3.449157580514957022e+00 -5.980219979847902767e-01 1.811875918051032708e-01 7.440600248682869733e+01 1.037389703921908282e-03
-4.018452441655993468e+00 -4.601380074512118057e-01 1.867146370075964679e-01 7.667309837662429572e+01 1.382588156054432964e-03
-4.154834033336528343e+00 -4.336313245626251534e-01 1.626644566885460941e-01 7.895674180476012793e+01 1.259393007661609772e-03
-3.880268130371024249e+00 -4.678630898568017504e-01 1.582893365412273434e-01 8.236654701125674194e+01 1.239921776064180099e-03
-3.880268130371024249e+00 -4.678630898568017504e-01 1.582893365412273434e-01 8.236654701125674194e+01 1.239921776064180099e-03
-3.880268130371024249e+00 -4.678630898568017504e-01 1.582893365412273434e-01 8.236654701125674194e+01 1.239921776064180099e-03
-4.141523757186305943e+00 -3.570316045819011963e-01 1.500108538987205975e-01 8.130711524762541842e+01 1.298949087310933854e-03
-4.141523757186305943e+00 -3.570316045819011963e-01 1.500108538987205975e-01 8.130711524762541842e+01 1.298949087310933854e-03
-4.220462313450461522e+00 -3.839224942141055141e-01 1.608430769896760648e-01 7.462604622302021085e+01 1.141796213568289399e-03
-4.220462313450461522e+00 -3.839224942141055141e-01 1.608430769896760648e-01 7.462604622302021085e+01 1.141796213568289399e-03
-4.220462313450461522e+00 -3.839224942141055141e-01 1.608430769896760648e-01 7.462604622302021085e+01 1.141796213568289399e-03
-4.220462313450461522e+00 -3.839224942141055141e-01 1.608430769896760648e-01 7.462604622302021085e+01 1.141796213568289399e-03
-4.220462313450461522e+00 -3.839224942141055141e-01 1.608430769896760648e-01 7.462604622302021085e+01 1.141796213568289399e-03
-4.220462313450461522e+00 -3.839224942141055141e-01 1.608430769896760648e-01 7.462604622302021085e+01 1.141796213568289399e-03
-4.599373375619313364e+00 -5.266779902436357075e-01 1.392712890184310548e-01 7.950369862508340191e+01 1.514530983573954964e-03
-4.607429793013952946e+00 -5.553290165038932136e-01 1.347431118805766104e-01 7.866688776126839855e+01 1.344305955948300619e-03
-4.607429793013952946e+00 -5.553290165038932136e-01 1.347431118805766104e-01 7.866688776126839855e+01 1.344305955948300619e-03
-4.202046276040782402e+00 -5.974571114912147207e-01 1.289745155460946813e-01 7.417938219100292940e+01 9.436151267738349981e-04
-4.202046276040782402e+00 -5.974571114912147207e-01 1.289745155460946813e-01 7.417938219100292940e+01 9.436151267738349981e-04
-4.202046276040782402e+00 -5.974571114912147207e-01 1.289745155460946813e-01 7.417938219100292940e+01 9.436151267738349981e-04
-3.814384972425746145e+00 -6.363410425462863174e-01 1.248519137797910461e-01 7.668765046324881496e+01 1.038040267917898860e-03
-3.814384972425746145e+00 -6.363410425462863174e-01 1.248519137797910461e-01 7.668765046324881496e+01 1.038040267917898860e-03
-3.904408268627685086e+00 -6.088916587595931684e-01 1.052361904207233523e-01 8.459215491432011902e+01 1.409170455905682084e-03
-3.904408268627685086e+00 -6.088916587595931684e-01 1.052361904207233523e-01 8.459215491432011902e+01 1.409170455905682084e-03
-4.041258661689736797e+00 -7.368923593742018330e-01 9.703022651865167436e-02 8.835415099917747739e+01 1.367451307195528994e-03
-3.603777807685024204e+00 -8.202435345570708858e-01 9.876203824615251148e-02 8.436354826413223407e+01 1.273056484519487306e-03
-3.385918378218915059e+00 -8.940416845077987507e-01 1.089969124288758112e-01 8.834584848113469491e+01 1.392393776163548379e-03
-3.624359967761386692e+00 -8.859319393666373887e-01 1.119315395122684881e-01 7.875670826195778318e+01 9.782764125586900471e-04
-3.629935972558161250e+00 -8.725181601841681678e-01 1.204814970296371190e-01 7.887512814458095534e+01 9.809162990512786118e-04
-3.870025283182747078e+00 -8.593929821942927205e-01 1.178823015584489903e-01 8.265507186713890064e+01 1.257616224730118658e-03
-3.681439203450989961e+00 -8.343340679792824455e-01 1.055070616613761475e-01 6.986829830499918614e+01 1.814828095009120464e-03
-3.681439203450989961e+00 -8.343340679792824455e-01 1.055070616613761475e-01 6.986829830499918614e+01 1.814828095009120464e-03
-3.681439203450989961e+00 -8.343340679792824455e-01 1.055070616613761475e-01 6.986829830499918614e+01 1.814828095009120464e-03
-3.825893197226579723e+00 -9.076518626755413210e-01 9.226102600826308064e-02 6.778684028550495100e+01 2.817653376372364522e-03
-3.705980996285229701e+00 -9.103902071707595800e-01 8.303098599197840379e-02 8.178541837517306590e+01 1.900204473826418161e-03
-4.684804095647811195e+00 -8.748147976750642041e-01 8.462059176902088364e-02 8.290650154628586677e+01 1.163741721840875088e-03
-4.257060482560996562e+00 -7.535562421934780541e-01 1.152211972582544985e-01 7.329961642175643988e+01 9.387407086196212884e-04
-4.257060482560996562e+00 -7.535562421934780541e-01 1.152211972582544985e-01 7.329961642175643988e+01 9.387407086196212884e-04
-4.488340982950065339e+00 -8.256609745291796365e-01 1.060409128614037827e-01 7.383200558779753919e+01 9.531153971135586551e-04
-4.488340982950065339e+00 -8.256609745291796365e-01 1.060409128614037827e-01 7.383200558779753919e+01 9.531153971135586551e-04
-4.488340982950065339e+00 -8.256609745291796365e-01 1.060409128614037827e-01 7.383200558779753919e+01 9.531153971135586551e-04
-4.421871264832980764e+00 -9.689424151688570408e-01 1.192568963072765664e-01 7.311818708205906603e+01 8.879768888859383355e-04
-4.648193701140649559e+00 -9.328965147955925463e-01 1.140344231609874970e-01 7.513859370751963240e+01 8.950585616648344418e-04
-4.648193701140649559e+00 -9.328965147955925463e-01 1.140344231609874970e-01 7.513859370751963240e+01 8.950585616648344418e-04
-4.692877972995086466e+00 -8.944945737674189212e-01 1.080246356054991724e-01 6.822140895341493660e+01 1.159534650545782650e-03
-4.665160430563988214e+00 -8.692564505200167657e-01 1.122990749277441441e-01 6.342123169529274662e+01 1.586977558552690043e-03
-4.637740882112047380e+00 -9.307624334077547745e-01 1.027918094271135230e-01 7.150579156275189519e+01 1.060009085581093205e-03
-4.858827920282289270e+00 -9.353029486014933225e-01 1.034137795767299389e-01 7.214662777013174377e+01 9.593981013385724944e-04
-4.880224126975332588e+00 -9.297284046174897343e-01 1.179964053018234121e-01 7.267815615394383144e+01 8.884030308493181746e-04
-4.630463162494919516e+00 -8.676511191938095502e-01 1.230924748769003652e-01 7.222823905763951302e+01 9.185362438585428042e-04
-4.630463162494919516e+00 -8.676511191938095502e-01 1.230924748769003652e-01 7.222823905763951302e+01 9.185362438585428042e-04
-4.508547099370374234e+00 -8.658670623881687956e-01 1.339181114186578092e-01 6.415742312988274421e+01 1.041834194240919952e-03
-4.428737997038728835e+00 -7.827096244796721836e-01 1.169284596067234894e-01 7.026310903991100076e+01 9.616354053574272757e-04
-4.428737997038728835e+00 -7.827096244796721836e-01 1.169284596067234894e-01 7.026310903991100076e+01 9.616354053574272757e-04
-4.428737997038728835e+00 -7.827096244796721836e-01 1.169284596067234894e-01 7.026310903991100076e+01 9.616354053574272757e-04
-4.428737997038728835e+00 -7.827096244796721836e-01 1.169284596067234894e-01 7.026310903991100076e+01 9.616354053574272757e-04
-4.576634393316236782e+00 -7.205870302460373189e-01 1.252237924079566966e-01 7.259769481670934965e+01 9.274658905307729684e-04
-4.388869888609857384e+00 -7.273514534960976441e-01 1.459481324247280942e-01 6.854675039227612388e+01 1.081303089973130547e-03
-4.388869888609857384e+00 -7.273514534960976441e-01 1.459481324247280942e-01 6.854675039227612388e+01 1.081303089973130547e-03
-4.229863370237533893e+00 -6.529389331283067532e-01 1.305765248024143288e-01 6.715586775184580404e+01 1.115285716725832911e-03
-4.944110350820218436e+00 -7.750684268461807136e-01 1.273507462071959695e-01 6.617918409350603781e+01 9.923501426604679904e-04
-4.574503263015715859e+00 -9.116145357844696040e-01 1.325858327154750549e-01 6.607410154513885914e+01 9.703261457799441936e-04
-4.523967607059321772e+00 -8.551813070687077634e-01 1.522167349907360134e-01 6.484246065450754770e+01 1.221912358018268155e-03
-4.523967607059321772e+00 -8.551813070687077634e-01 1.522167349907360134e-01 6.484246065450754770e+01 1.221912358018268155e-03
-4.523967607059321772e+00 -8.551813070687077634e-01 1.522167349907360134e-01 6.484246065450754770e+01 1.221912358018268155e-03
-4.523967607059321772e+00 -8.551813070687077634e-01 1.522167349907360134e-01 6.484246065450754770e+01 1.221912358018268155e-03
-4.409016086521214461e+00 -8.012172954085170495e-01 1.664601094461292674e-01 6.353114860710955725e+01 1.408649172649547102e-03
-4.441721822644821849e+00 -7.156989544036860273e-01 1.709549989801656955e-01 6.480733315872859635e+01 1.544239965021896796e-03
-4.577542221494678820e+00 -6.492085344320898121e-01 1.630047936936294684e-01 6.358137777738706120e+01 1.386412535218284250e-03
-4.577542221494678820e+00 -6.492085344320898121e-01 1.630047936936294684e-01 6.358137777738706120e+01 1.386412535218284250e-03
-4.577542221494678820e+00 -6.492085344320898121e-01 1.630047936936294684e-01 6.358137777738706120e+01 1.386412535218284250e-03
-4.577542221494678820e+00 -6.492085344320898121e-01 1.630047936936294684e-01 6.358137777738706120e+01 1.386412535218284250e-03
-4.522605531094793463e+00 -6.852199652324643120e-01 1.525719413375447864e-01 6.843027657464060098e+01 1.284420740525653044e-03
-4.488490923740013905e+00 -6.474294681617068781e-01 1.505536639881517036e-01 6.855156193855542313e+01 1.190187279306020255e-03
-4.488490923740013905e+00 -6.474294681617068781e-01 1.505536639881517036e-01 6.855156193855542313e+01 1.190187279306020255e-03
-4.879958017869897802e+00 -5.504455280618920643e-01 1.419839140876814620e-01 6.579826793395909590e+01 1.197270822182466918e-03
-4.160350257170532196e+00 -4.299787505237703256e-01 1.710030643541987083e-01 6.374554237218826103e+01 1.379356385152132828e-03
-3.921621089696973872e+00 -4.261599017039973125e-01 1.608956627596592748e-01 6.953012367024450668e+01 1.433817666780826290e-03
-4.181340648226655965e+00 -3.906985685439551825e-01 1.788810871633917943e-01 7.450579078944009837e+01 1.178485282999618914e-03
-4.440018946421723456e+00 -3.710088973621274988e-01 1.519960683482293184e-01 8.227342576900782944e+01 1.491786770594926998e-03
-4.166127135358989264e+00 -4.968670026670224393e-01 1.505324509148496526e-01 8.254379594772585449e+01 1.529250938026737242e-03
-3.782938476572528685e+00 -4.982989463802506291e-01 1.459589939273607806e-01 7.786993883317077803e+01 1.080421740021001754e-03
-4.026939028159242540e+00 -4.598634457390990415e-01 1.399142930399899232e-01 7.733993306090349051e+01 1.136065751641348459e-03
-4.026939028159242540e+00 -4.598634457390990415e-01 1.399142930399899232e-01 7.733993306090349051e+01 1.136065751641348459e-03
-4.112033729896646506e+00 -3.645633851523991664e-01 1.562030752407140288e-01 7.657978203374935333e+01 1.292057273298020600e-03
-4.626379043671837721e+00 -3.218956272428606935e-01 1.607401479120513510e-01 7.751656263389040191e+01 1.550336786913151426e-03
-4.728684565659587946e+00 -4.205037688418535313e-01 1.523195823698342277e-01 6.594649879931431258e+01 1.441967830961023676e-03
-4.737218679422432466e+00 -3.883867348252598162e-01 1.617135658172946244e-01 8.043674609841434631e+01 2.293363687974518152e-03
-4.737218679422432466e+00 -3.883867348252598162e-01 1.617135658172946244e-01 8.043674609841434631e+01 2.293363687974518152e-03
-4.518531163935640471e+00 -5.162523410292235715e-01 1.433971003838580560e-01 8.740392263412196883e+01 2.573561990925346803e-03
-4.444848168797817856e+00 -5.296950417794787924e-01 1.238970683755646063e-01 8.540323834326062524e+01 1.410184897410275522e-03
-4.287403902247669762e+00 -4.908945812786727481e-01 1.206853660298989467e-01 8.969687490247956418e+01 1.539090995724628087e-03
-4.204770476762741183e+00 -5.318258205911178260e-01 1.058431967028417575e-01 8.038186854494782096e+01 1.370127636185603827e-03
-4.204770476762741183e+00 -5.318258205911178260e-01 1.058431967028417575e-01 8.038186854494782096e+01 1.370127636185603827e-03
-4.204770476762741183e+00 -5.318258205911178260e-01 1.058431967028417575e-01 8.038186854494782096e+01 1.370127636185603827e-03
-4.375115976384391203e+00 -6.467077319096183885e-01 1.103430550514932912e-01 7.679326300129423544e+01 9.774112574777330063e-04
-4.375115976384391203e+00 -6.467077319096183885e-01 1.103430550514932912e-01 7.679326300129423544e+01 9.774112574777330063e-04
-4.415474006446838295e+00 -5.323487621464654262e-01 1.208379618833345936e-01 7.663752497648140150e+01 9.826131958470393432e-04
-4.486205478619205600e+00 -5.016862094513848680e-01 1.072413197673576513e-01 7.742931998561759599e+01 1.202655844890187283e-03
-4.470928702644417996e+00 -4.756240833555592795e-01 9.993639968840641041e-02 8.367999493828048685e+01 1.203571641922550556e-03
-4.466121513106004137e+00 -4.816517272936376992e-01 1.156211685022196789e-01 8.884707607583253264e+01 1.360810118883042791e-03
-4.356497552130369932e+00 -5.963866524922101231e-01 1.075595793252025201e-01 8.517878714696269071e+01 1.126086587858404851e-03
-4.356497552130369932e+00 -5.963866524922101231e-01 1.075595793252025201e-01 8.517878714696269071e+01 1.126086587858404851e-03
-4.696118593268033159e+00 -5.814298137694412505e-01 1.138751525970015943e-01 6.776467418284009625e+01 1.438300527177027071e-03
-4.197141005796804158e+00 -5.648076760182185740e-01 1.060180459641945211e-01 8.077304338798978733e+01 1.250485010982032956e-03
-3.742495657420776833e+00 -6.737829191911571813e-01 1.109477174993500903e-01 8.426804417927851887e+01 1.228115371766204736e-03
-3.457621746256723139e+00 -7.571586918151648193e-01 1.173435947371649912e-01 7.783393009019106046e+01 9.933688110003769962e-04
-4.181947033437369399e+00 -7.300369828159850583e-01 1.017771104502669943e-01 7.357554911402300490e+01 1.436358286771397420e-03
-4.181947033437369399e+00 -7.300369828159850583e-01 1.017771104502669943e-01 7.357554911402300490e+01 1.436358286771397420e-03
-4.256141070410607519e+00 -6.950762381687960456e-01 1.203104297878319212e-01 7.451795222077866754e+01 9.123620401584531725e-04
-4.510198315102256217e+00 -6.535449013633839455e-01 1.437618703566566070e-01 7.154596274285938762e+01 1.182572597050388303e-03
-4.304838709156476817e+00 -6.798041137839755388e-01 1.062700765502552491e-01 7.108286553576374445e+01 1.466231907501352408e-03
-4.625673535095827127e+00 -7.369565318084132510e-01 1.103150140756973541e-01 6.808444883074238874e+01 1.278508612859373308e-03
-4.625673535095827127e+00 -7.369565318084132510e-01 1.103150140756973541e-01 6.808444883074238874e+01 1.278508612859373308e-03
-4.660602919751203110e+00 -7.310249101455624787e-01 9.460518228551573205e-02 7.447500417344295442e+01 1.318549271873159425e-03
-4.010043661861095288e+00 -9.152484218755833068e-01 9.349245315615350993e-02 8.341599032327377472e+01 1.192004691309191296e-03
-3.438228884271417041e+00 -8.440847149985484243e-01 1.082546580195055674e-01 7.925381051295224211e+01 1.032587717010338430e-03
-3.438228884271417041e+00 -8.440847149985484243e-01 1.082546580195055674e-01 7.925381051295224211e+01 1.032587717010338430e-03
-3.438228884271417041e+00 -8.440847149985484243e-01 1.082546580195055674e-01 7.925381051295224211e+01 1.032587717010338430e-03
-3.438228884271417041e+00 -8.440847149985484243e-01 1.082546580195055674e-01 7.925381051295224211e+01 1.032587717010338430e-03
-3.438228884271417041e+00 -8.440847149985484243e-01 1.082546580195055674e-01 7.925381051295224211e+01 1.032587717010338430e-03
-3.438228884271417041e+00 -8.440847149985484243e-01 1.082546580195055674e-01 7.925381051295224211e+01 1.032587717010338430e-03
-3.438228884271417041e+00 -8.440847149985484243e-01 1.082546580195055674e-01 7.925381051295224211e+01 1.032587717010338430e-03
-3.274635882631165451e+00 -8.730888187694637592e-01 1.074696867530732791e-01 8.212621407589095668e+01 9.645345478243379407e-04
-3.463808145617961909e+00 -8.157643115054389327e-01 9.992063166524499385e-02 7.983687216977521928e+01 1.320411286010443261e-03
-3.526409102790858174e+00 -7.351037421515553838e-01 1.304387559091222393e-01 8.597662242796268117e+01 1.401012208050472123e-03
-3.481189264519964688e+00 -6.714956623352897891e-01 1.341288708911358152e-01 8.620236072746178024e+01 1.301034026994894125e-03
-3.481189264519964688e+00 -6.714956623352897891e-01 1.341288708911358152e-01 8.620236072746178024e+01 1.301034026994894125e-03
-3.465421519809480433e+00 -5.785149672657741160e-01 1.420382584820381322e-01 7.216249056939504669e+01 1.248829953551939143e-03
-3.465421519809480433e+00 -5.785149672657741160e-01 1.420382584820381322e-01 7.216249056939504669e+01 1.248829953551939143e-03
-3.465421519809480433e+00 -5.785149672657741160e-01 1.420382584820381322e-01 7.216249056939504669e+01 1.248829953551939143e-03
-3.465421519809480433e+00 -5.785149672657741160e-01 1.420382584820381322e-01 7.216249056939504669e+01 1.248829953551939143e-03
-3.465421519809480433e+00 -5.785149672657741160e-01 1.420382584820381322e-01 7.216249056939504669e+01 1.248829953551939143e-03
-3.465421519809480433e+00 -5.785149672657741160e-01 1.420382584820381322e-01 7.216249056939504669e+01 1.248829953551939143e-03
-3.465421519809480433e+00 -5.785149672657741160e-01 1.420382584820381322e-01 7.216249056939504669e+01 1.248829953551939143e-03
-3.465421519809480433e+00 -5.785149672657741160e-01 1.420382584820381322e-01 7.216249056939504669e+01 1.248829953551939143e-03
-3.592830631341712433e+00 -6.221670081404255814e-01 1.679633779691443174e-01 7.487814116573885315e+01 9.782676309457660150e-04
-3.592830631341712433e+00 -6.221670081404255814e-01 1.679633779691443174e-01 7.487814116573885315e+01 9.782676309457660150e-04
-3.369245144508838941e+00 -7.027618025969387672e-01 1.603877867525824730e-01 7.188033555527889007e+01 8.995120915307889056e-04
-3.386818111425843103e+00 -7.572956576956499930e-01 1.844950944786655223e-01 6.837705788254721995e+01 1.235291863536538189e-03
-3.386818111425843103e+00 -7.572956576956499930e-01 1.844950944786655223e-01 6.837705788254721995e+01 1.235291863536538189e-03
-3.320597363527256540e+00 -8.710992602646645544e-01 1.874827896060409504e-01 7.067367424589583891e+01 1.920689791717803459e-03
-3.320597363527256540e+00 -8.710992602646645544e-01 1.874827896060409504e-01 7.067367424589583891e+01 1.920689791717803459e-03
-3.195305009569247456e+00 -9.070329671179101494e-01 1.878732596251886655e-01 7.091850466108209616e+01 2.271761608274764938e-03
-3.133054466360649215e+00 -8.172218001867117554e-01 1.946121539736364314e-01 6.481311532016479759e+01 1.975537997564236377e-03
-3.079987499598363598e+00 -8.340399276453142052e-01 1.590552120940648406e-01 6.810430045344304517e+01 1.385973467202295493e-03
-3.025297223492403376e+00 -8.593803076049802980e-01 1.748429696606277894e-01 6.043611045829882755e+01 1.725090246441648642e-03
-3.544738609728280920e+00 -8.558249562256783349e-01 1.786162611319266624e-01 6.609507669742714597e+01 1.257842729792592361e-03
-3.544738609728280920e+00 -8.558249562256783349e-01 1.786162611319266624e-01 6.609507669742714597e+01 1.257842729792592361e-03
-3.189890495806996906e+00 -9.202694031041749323e-01 1.877194987985237318e-01 6.808401533095387492e+01 2.020720967544960105e-03
-3.608097668635724009e+00 -7.376940925481800804e-01 1.965297528927979209e-01 7.281841993299300952e+01 2.007760100840684254e-03
-4.051338261093114568e+00 -5.874852211654497669e-01 1.936330975531447562e-01 6.896410084320324074e+01 1.522350944443802249e-03
-3.657634214690329344e+00 -6.307388863786235200e-01 1.764395399047440915e-01 6.906439067138320809e+01 8.893450312377399782e-04
-3.657634214690329344e+00 -6.307388863786235200e-01 1.764395399047440915e-01 6.906439067138320809e+01 8.893450312377399782e-04
-3.657634214690329344e+00 -6.307388863786235200e-01 1.764395399047440915e-01 6.906439067138320809e+01 8.893450312377399782e-04
-3.357206987837670908e+00 -7.493627900556192323e-01 1.786415690395272149e-01 7.015380685692015561e+01 1.196436512465059478e-03
-3.357206987837670908e+00 -7.493627900556192323e-01 1.786415690395272149e-01 7.015380685692015561e+01 1.196436512465059478e-03
-3.357206987837670908e+00 -7.493627900556192323e-01 1.786415690395272149e-01 7.015380685692015561e+01 1.196436512465059478e-03
-3.314679688691993587e+00 -7.120039421286850079e-01 1.791099137292557208e-01 6.108281825828076705e+01 1.271316484510706061e-03
-3.195672921395007027e+00 -8.243423685139772417e-01 1.478164365384796175e-01 6.772957554625375565e+01 1.044373920633410568e-03
-3.195672921395007027e+00 -8.243423685139772417e-01 1.478164365384796175e-01 6.772957554625375565e+01 1.044373920633410568e-03
-3.134938203754994657e+00 -9.296589052230996852e-01 1.706908615440272670e-01 7.160954867439953375e+01 1.933036199529505287e-03
-3.264868647123883250e+00 -7.444942696670675542e-01 1.655170210299480305e-01 8.053914968801389307e+01 1.763083330036542508e-03
-3.041888464322542340e+00 -9.161978617257525714e-01 1.660082687306395077e-01 7.361269948088057902e+01 2.284391955018202740e-03
-3.337974654137242592e+00 -7.849274805778938546e-01 1.958822584155127666e-01 7.241069277103176205e+01 2.032777000418860194e-03
-3.420507177038924151e+00 -6.423748217106112213e-01 1.813684952196688294e-01 7.140122614456768702e+01 1.015573230295412164e-03
-3.420507177038924151e+00 -6.423748217106112213e-01 1.813684952196688294e-01 7.140122614456768702e+01 1.015573230295412164e-03
-3.529038932300653464e+00 -6.883285950847854995e-01 1.737684265798023764e-01 6.371189969878351889e+01 9.773910557456804045e-04
-3.529038932300653464e+00 -6.883285950847854995e-01 1.737684265798023764e-01 6.371189969878351889e+01 9.773910557456804045e-04
-4.211251935527176471e+00 -8.590380794651472085e-01 1.627253544410568464e-01 6.277798250194834395e+01 1.190868746214850636e-03
-4.211251935527176471e+00 -8.590380794651472085e-01 1.627253544410568464e-01 6.277798250194834395e+01 1.190868746214850636e-03
-4.211251935527176471e+00 -8.590380794651472085e-01 1.627253544410568464e-01 6.277798250194834395e+01 1.190868746214850636e-03
-4.211251935527176471e+00 -8.590380794651472085e-01 1.627253544410568464e-01 6.277798250194834395e+01 1.190868746214850636e-03
-4.275748917843215757e+00 -7.249014374664182192e-01 1.534611962798516083e-01 6.612356579097227893e+01 1.067850816101384784e-03
-4.412615958799045224e+00 -6.833478728963791049e-01 1.552063505581431913e-01 6.252288553570226526e+01 1.191681731620577046e-03
