-3.765098578451536504e+00 -8.936977290949562613e-01 1.319672946706894057e-01 7.292672033198827819e+01 8.862808307541435691e-04
-3.533072226753600553e+00 -8.628514083956153602e-01 1.263805224996816523e-01 7.213388274236272935e+01 8.764738878880183257e-04
-3.580612279969217493e+00 -6.718609156115479264e-01 1.260701757062412665e-01 7.702386916521895444e+01 1.017163927221898835e-03
-3.580612279969217493e+00 -6.718609156115479264e-01 1.260701757062412665e-01 7.702386916521895444e+01 1.017163927221898835e-03
-3.580612279969217493e+00 -6.718609156115479264e-01 1.260701757062412665e-01 7.702386916521895444e+01 1.017163927221898835e-03
-3.580612279969217493e+00 -6.718609156115479264e-01 1.260701757062412665e-01 7.702386916521895444e+01 1.017163927221898835e-03
-3.321464463136518219e+00 -6.593914469865762573e-01 1.271590988856576565e-01 7.281580976283088091e+01 1.391614493118096055e-03
-3.189659722982443935e+00 -6.157883335432058347e-01 1.372063340592417080e-01 7.795784450233590235e+01 1.004702239012144824e-03
-3.189659722982443935e+00 -6.157883335432058347e-01 1.372063340592417080e-01 7.795784450233590235e+01 1.004702239012144824e-03
-3.006801606703231045e+00 -6.423193284116581747e-01 1.184073126241135948e-01 7.889329359012981513e+01 9.867372381924207660e-04
-3.231432183321684359e+00 -7.656669101904538532e-01 1.042970630168222751e-01 8.288617631619447934e+01 1.078561611295863771e-03
-3.131362096624958014e+00 -7.925619018288418971e-01 1.162098968495733770e-01 8.067560372554103765e+01 8.679338573410747470e-04
-3.131362096624958014e+00 -7.925619018288418971e-01 1.162098968495733770e-01 8.067560372554103765e+01 8.679338573410747470e-04
-3.142937427392993754e+00 -8.842497578533569103e-01 1.301708970362875362e-01 7.681197755603518829e+01 9.628213402360267332e-04
-3.198476357207518550e+00 -9.615386484531198708e-01 1.293532440402413441e-01 7.382052220849750768e+01 8.768152648379112313e-04
-3.548451999302213888e+00 -9.193371921209132491e-01 1.154519144750304066e-01 6.825438896952351797e+01 1.325039451280127061e-03
-4.297702719773239366e+00 -8.217329553569584499e-01 1.176217540798513150e-01 6.711508371286967645e+01 1.154684226844898774e-03
-3.703887144159997646e+00 -7.542976132085900121e-01 1.182580389596114140e-01 7.049117716608934359e+01 1.329015836128693640e-03
-3.703887144159997646e+00 -7.542976132085900121e-01 1.182580389596114140e-01 7.049117716608934359e+01 1.329015836128693640e-03
-3.703887144159997646e+00 -7.542976132085900121e-01 1.182580389596114140e-01 7.049117716608934359e+01 1.329015836128693640e-03
-4.085564652515480510e+00 -9.527222651860292046e-01 1.243089464808063843e-01 6.897547046351053268e+01 8.768262968963470632e-04
-4.275000515888782715e+00 -9.917849392024919997e-01 1.269924041274902160e-01 6.453836040982621114e+01 1.018214827038400796e-03
-3.944411789818000891e+00 -9.963770098314490564e-01 1.380541372174709236e-01 6.854431483795670488e+01 9.102497350811293401e-04
-3.952296484582394687e+00 -8.638270376986272314e-01 1.376208103568275221e-01 7.275606709678319817e+01 9.875292231614595916e-04
-4.179710048013981272e+00 -7.689482366595302709e-01 1.250477899274651250e-01 7.861129566170183125e+01 1.109301928428569521e-03
-4.179710048013981272e+00 -7.689482366595302709e-01 1.250477899274651250e-01 7.861129566170183125e+01 1.109301928428569521e-03
-4.272541392242770186e+00 -8.466837984161179609e-01 1.282460488298765855e-01 7.299093236485715863e+01 9.435247061945668551e-04
-3.907988887957286828e+00 -8.486708359255126233e-01 1.278526081109330748e-01 7.731372635757790590e+01 1.055598853026123518e-03
-3.792034077627746580e+00 -8.985791328330092753e-01 1.057383476884919127e-01 8.921576737884575437e+01 1.602835868436978083e-03
-4.112170198886072825e+00 -8.992919942064255823e-01 1.225547007660707510e-01 8.584571743986049341e+01 1.992468440122034581e-03
-4.258420570994096543e+00 -9.443164304080401417e-01 1.367844986440413524e-01 8.139090487541955099e+01 2.205155027018416893e-03
-4.258420570994096543e+00 -9.443164304080401417e-01 1.367844986440413524e-01 8.139090487541955099e+01 2.205155027018416893e-03
-4.258420570994096543e+00 -9.443164304080401417e-01 1.367844986440413524e-01 8.139090487541955099e+01 2.205155027018416893e-03
-4.123261019903589286e+00 -8.645725636056591501e-01 1.253005595087225976e-01 7.997555308225332737e+01 1.325768432459820513e-03
-4.123261019903589286e+00 -8.645725636056591501e-01 1.253005595087225976e-01 7.997555308225332737e+01 1.325768432459820513e-03
-3.990159528958603818e+00 -8.778698303384756541e-01 1.322939414400055580e-01 7.024084261567962528e+01 8.626925073756942742e-04
-3.990159528958603818e+00 -8.778698303384756541e-01 1.322939414400055580e-01 7.024084261567962528e+01 8.626925073756942742e-04
-3.990159528958603818e+00 -8.778698303384756541e-01 1.322939414400055580e-01 7.024084261567962528e+01 8.626925073756942742e-04
-3.544735855359571364e+00 -9.443565917831118206e-01 1.444149247781582046e-01 6.590025528081643813e+01 8.939180322412307918e-04
-3.405963268266043009e+00 -8.286204175908109537e-01 1.544020626724849354e-01 7.017332103741802030e+01 9.330812982531351812e-04
-3.549976882475610829e+00 -6.253942944526669212e-01 1.434453999888797016e-01 7.102029603899961785e+01 1.056827660676168271e-03
-3.702940183399857421e+00 -5.638528385478759342e-01 1.637068747899700638e-01 7.032400345952068221e+01 9.035251759454696399e-04
-3.795588111209550419e+00 -5.153278056658626705e-01 1.849353889116488736e-01 6.466126449467009252e+01 9.894023417738118456e-04
-3.947000323548759848e+00 -7.022045696320944330e-01 1.876073980395006058e-01 6.487907608742312959e+01 1.296369880332807860e-03
-3.947000323548759848e+00 -7.022045696320944330e-01 1.876073980395006058e-01 6.487907608742312959e+01 1.296369880332807860e-03
-4.601297315333086502e+00 -7.223385553454905184e-01 1.444527088976788054e-01 7.324192459512853759e+01 1.458717707241858610e-03
-3.882725574452657646e+00 -6.505405023459001068e-01 1.489522583616526008e-01 7.422226649852420621e+01 9.644694310824385424e-04
-4.220775790132803351e+00 -6.811191431358698534e-01 1.351028604070721728e-01 6.891972326665697324e+01 9.357702510504787392e-04
-3.922806160876976644e+00 -6.151655599506304917e-01 1.317423806517886431e-01 7.055660266288901994e+01 1.137100928431195035e-03
-3.993138599105016784e+00 -6.151597778928723503e-01 1.347673012271207171e-01 7.752756081125086496e+01 9.851121172236442132e-04
-3.993138599105016784e+00 -6.151597778928723503e-01 1.347673012271207171e-01 7.752756081125086496e+01 9.851121172236442132e-04
-3.993138599105016784e+00 -6.151597778928723503e-01 1.347673012271207171e-01 7.752756081125086496e+01 9.851121172236442132e-04
-4.117537282059124060e+00 -6.241697183993692999e-01 1.332662384752488216e-01 7.866190866087103473e+01 1.082413114091657080e-03
-4.117537282059124060e+00 -6.241697183993692999e-01 1.332662384752488216e-01 7.866190866087103473e+01 1.082413114091657080e-03
-4.117537282059124060e+00 -6.241697183993692999e-01 1.332662384752488216e-01 7.866190866087103473e+01 1.082413114091657080e-03
-4.496678264147734083e+00 -6.700725776032878667e-01 1.398907505180369826e-01 6.987942278775777538e+01 1.045899625831534039e-03
-4.496678264147734083e+00 -6.700725776032878667e-01 1.398907505180369826e-01 6.987942278775777538e+01 1.045899625831534039e-03
-4.754861232210667588e+00 -6.939910666417113960e-01 1.356319512537382255e-01 7.358497730082181931e+01 1.238324516910967437e-03
-4.300554473496802643e+00 -7.824812825095383007e-01 1.199888062719604159e-01 7.277740521670118312e+01 8.847620615347695592e-04
-4.300554473496802643e+00 -7.824812825095383007e-01 1.199888062719604159e-01 7.277740521670118312e+01 8.847620615347695592e-04
-4.300554473496802643e+00 -7.824812825095383007e-01 1.199888062719604159e-01 7.277740521670118312e+01 8.847620615347695592e-04
-4.300554473496802643e+00 -7.824812825095383007e-01 1.199888062719604159e-01 7.277740521670118312e+01 8.847620615347695592e-04
-4.997865120749210632e+00 -7.039984939732840674e-01 1.107973680824710927e-01 7.710207080431528937e+01 8.970973671721025298e-04
-4.519958043319920904e+00 -6.370686451444385057e-01 1.298534198787895388e-01 7.467916065941614079e+01 1.014272070386920558e-03
-4.519958043319920904e+00 -6.370686451444385057e-01 1.298534198787895388e-01 7.467916065941614079e+01 1.014272070386920558e-03
-4.741827059630927543e+00 -5.053831722883099786e-01 1.083467727468356290e-01 8.217294823753678656e+01 9.407608578111353956e-04
-4.785083123926712645e+00 -5.745264386244208765e-01 1.308792220480150537e-01 7.599440151438048474e+01 1.165201142210105061e-03
-4.955830569411226350e+00 -5.541369104103892607e-01 1.270835383284857900e-01 7.518878228477727532e+01 1.067759445824682232e-03
-4.771260523280687060e+00 -5.207616549226994351e-01 1.353883823972296674e-01 6.189045399811092807e+01 1.648312727513657257e-03
-4.665539909818171793e+00 -5.906778057191489628e-01 1.351244045031824159e-01 6.976692326216827666e+01 1.039393002931069017e-03
-4.258027865119341726e+00 -4.469372013664559828e-01 1.600244005045296791e-01 6.614516010180561523e+01 1.254082896967630492e-03
-4.258027865119341726e+00 -4.469372013664559828e-01 1.600244005045296791e-01 6.614516010180561523e+01 1.254082896967630492e-03
-4.258027865119341726e+00 -4.469372013664559828e-01 1.600244005045296791e-01 6.614516010180561523e+01 1.254082896967630492e-03
-4.258027865119341726e+00 -4.469372013664559828e-01 1.600244005045296791e-01 6.614516010180561523e+01 1.254082896967630492e-03
-4.161329654706065639e+00 -4.203396353649642703e-01 1.423515581058759361e-01 7.890061250080536581e+01 1.126602695386990597e-03
-4.161329654706065639e+00 -4.203396353649642703e-01 1.423515581058759361e-01 7.890061250080536581e+01 1.126602695386990597e-03
-4.161329654706065639e+00 -4.203396353649642703e-01 1.423515581058759361e-01 7.890061250080536581e+01 1.126602695386990597e-03
-3.640844650824529349e+00 -5.249915363546022729e-01 1.285257825606550275e-01 8.066648387492433869e+01 1.408909796799551542e-03
-4.052237312432051652e+00 -5.276350498182860171e-01 1.234330878214495442e-01 7.185248079014525047e+01 1.540769440870911385e-03
-4.052237312432051652e+00 -5.276350498182860171e-01 1.234330878214495442e-01 7.185248079014525047e+01 1.540769440870911385e-03
-4.052237312432051652e+00 -5.276350498182860171e-01 1.234330878214495442e-01 7.185248079014525047e+01 1.540769440870911385e-03
-4.274539397254352835e+00 -5.337003167782226054e-01 1.290444797149372103e-01 7.987345129354636697e+01 1.067575866449468024e-03
-4.653845262049599363e+00 -6.199016822912568614e-01 1.120302315006118932e-01 7.139385389835369722e+01 1.095613939884973725e-03
-4.660573439214510394e+00 -6.177372836037460235e-01 1.096130560360917827e-01 7.293959953851383204e+01 1.049526112880989339e-03
-4.660573439214510394e+00 -6.177372836037460235e-01 1.096130560360917827e-01 7.293959953851383204e+01 1.049526112880989339e-03
-4.806824300542270834e+00 -7.251785229409866140e-01 1.039295217205384730e-01 6.865094208520909547e+01 1.405529471966051507e-03
-4.489880298775471346e+00 -6.971335271438819925e-01 1.179694297883305126e-01 6.952687942734024773e+01 1.052578783682271615e-03
-4.890442722753903126e+00 -5.433492487107417501e-01 1.253916680313139076e-01 7.151865725747845204e+01 9.787091768491801812e-04
-4.987250420089491598e+00 -6.964552562621878495e-01 1.164271412332345684e-01 6.835274088653702051e+01 1.010432927113116440e-03
-4.741504213053581829e+00 -7.364941146613659395e-01 1.130200895944384748e-01 7.308317055308796739e+01 8.808794592967142617e-04
-4.741504213053581829e+00 -7.364941146613659395e-01 1.130200895944384748e-01 7.308317055308796739e+01 8.808794592967142617e-04
-4.320658696590315984e+00 -7.608313710217941006e-01 9.070212693719725827e-02 7.636234412977009356e+01 1.593613491612838346e-03
-4.122136591384769844e+00 -9.582591873638860447e-01 8.806592951697185534e-02 8.165978042127697734e+01 1.281228761141017976e-03
-4.122136591384769844e+00 -9.582591873638860447e-01 8.806592951697185534e-02 8.165978042127697734e+01 1.281228761141017976e-03
-4.142985607620533806e+00 -9.445210478253358577e-01 9.190540557518155074e-02 8.471394532279371958e+01 1.180675349974341561e-03
-4.876378658433493385e+00 -9.302945680012530971e-01 1.033138585515021440e-01 8.408422710120935051e+01 1.257679695727314563e-03
-4.391428483356008883e+00 -9.650849847701726825e-01 1.021457686538278370e-01 8.338570481747404983e+01 1.137792171798069144e-03
-4.005633791285486467e+00 -9.710381294965686472e-01 1.072709322269119192e-01 8.475808564101441789e+01 1.333245812602986465e-03
-4.005633791285486467e+00 -9.710381294965686472e-01 1.072709322269119192e-01 8.475808564101441789e+01 1.333245812602986465e-03
-3.892107734804192365e+00 -9.447175154243133699e-01 1.049997396725827481e-01 7.540945047110446353e+01 1.035898742866621239e-03
-3.892107734804192365e+00 -9.447175154243133699e-01 1.049997396725827481e-01 7.540945047110446353e+01 1.035898742866621239e-03
-4.566280493489813352e+00 -9.787451732228042989e-01 8.697434095121095443e-02 7.589802491552427455e+01 1.429936611082878450e-03
-3.982526346860856492e+00 -9.246817570361914873e-01 8.941045666660109303e-02 7.527605239294247497e+01 1.778067098427080651e-03
-3.982526346860856492e+00 -9.246817570361914873e-01 8.941045666660109303e-02 7.527605239294247497e+01 1.778067098427080651e-03
-4.269822343329049197e+00 -9.210684888806645043e-01 1.015362912287427199e-01 7.795983411774869865e+01 9.599623334326816068e-04
-4.269822343329049197e+00 -9.210684888806645043e-01 1.015362912287427199e-01 7.795983411774869865e+01 9.599623334326816068e-04
-3.904888452627268247e+00 -8.586965337690100064e-01 1.051972757978881651e-01 7.479998460599482257e+01 1.155935460469835951e-03
-3.904888452627268247e+00 -8.586965337690100064e-01 1.051972757978881651e-01 7.479998460599482257e+01 1.155935460469835951e-03
-3.904888452627268247e+00 -8.586965337690100064e-01 1.051972757978881651e-01 7.479998460599482257e+01 1.155935460469835951e-03
-3.975939387640001765e+00 -9.521514621283020396e-01 1.027746439553021696e-01 7.957115723331628487e+01 1.009898552558791650e-03
-3.975939387640001765e+00 -9.521514621283020396e-01 1.027746439553021696e-01 7.957115723331628487e+01 1.009898552558791650e-03
-3.933068220079276145e+00 -9.914414736292459507e-01 8.612859689937002461e-02 8.281242302972184177e+01 1.398337107942936204e-03
-4.171098125971282933e+00 -8.730358487848906002e-01 9.177265431944228724e-02 8.856117973168761637e+01 1.339142743934431182e-03
-3.805413011038391691e+00 -9.549981258334815371e-01 1.109437251605457364e-01 7.932095071859433233e+01 9.860802526528654986e-04
-3.643864226052858424e+00 -9.282423255241118998e-01 1.120276273494639485e-01 7.754348328457926698e+01 9.509374651822475460e-04
-3.643864226052858424e+00 -9.282423255241118998e-01 1.120276273494639485e-01 7.754348328457926698e+01 9.509374651822475460e-04
-3.643864226052858424e+00 -9.282423255241118998e-01 1.120276273494639485e-01 7.754348328457926698e+01 9.509374651822475460e-04
-3.643864226052858424e+00 -9.282423255241118998e-01 1.120276273494639485e-01 7.754348328457926698e+01 9.509374651822475460e-04
-3.958539506541292496e+00 -9.603249772123091388e-01 1.027452879665648744e-01 8.129019846686094297e+01 1.051625412587827227e-03
-3.958539506541292496e+00 -9.603249772123091388e-01 1.027452879665648744e-01 8.129019846686094297e+01 1.051625412587827227e-03
-3.813526838008049147e+00 -8.895432495960806651e-01 1.205534661830522658e-01 7.371909240713574718e+01 8.762961081551789728e-04
-3.501287550710175722e+00 -9.122636281452968232e-01 1.126320631408227191e-01 7.677767421945208071e+01 9.278187136916588983e-04
-3.712577864647145898e+00 -8.035233398893348866e-01 1.452405260239549301e-01 6.693170250435500179e+01 8.724733899053892456e-04
-3.370005884760762793e+00 -8.553297587536127233e-01 1.362511512069832231e-01 6.637648500483086877e+01 1.053648662049532512e-03
-3.853513164079195974e+00 -8.623324488421119094e-01 1.308305531641304476e-01 7.416262077954716858e+01 9.213931381034435632e-04
-3.453156148272814363e+00 -8.194243889941914549e-01 1.153443382636357567e-01 7.653091240872504386e+01 9.772934748743463979e-04
-3.549144625318963797e+00 -6.182496470726931426e-01 1.212481633335964482e-01 7.498273849755112508e+01 1.500924855194711322e-03
-3.088404628918278050e+00 -5.939235303641509089e-01 1.486277171016094911e-01 7.868399147540684169e+01 1.282283599703778771e-03
-3.039708196175729071e+00 -6.197629511038601491e-01 1.418195964765717187e-01 7.651302648798264272e+01 1.259609524810659850e-03
-3.223322449558845282e+00 -6.381418535777301226e-01 1.758553672180759309e-01 6.452795640143011724e+01 1.437402532866422378e-03
-3.316844687796130842e+00 -5.851955374090942463e-01 1.831726800161354307e-01 6.910825156049537554e+01 1.038086121209706898e-03
-3.551440312164825919e+00 -5.912920101844041376e-01 1.966159521030222956e-01 7.748921581308894702e+01 1.616660242503665601e-03
-3.549189952861206088e+00 -5.224905949869859123e-01 1.755129022023577678e-01 7.103520503364823924e+01 9.220058081612556283e-04
-3.385099747479700216e+00 -5.125656072190903911e-01 1.724509055209476338e-01 8.434028411156675986e+01 1.178007509466672854e-03
-3.385099747479700216e+00 -5.125656072190903911e-01 1.724509055209476338e-01 8.434028411156675986e+01 1.178007509466672854e-03
-3.385099747479700216e+00 -5.125656072190903911e-01 1.724509055209476338e-01 8.434028411156675986e+01 1.178007509466672854e-03
-4.021387884068820640e+00 -4.919122366447695738e-01 1.546410217532540599e-01 8.715626945565075800e+01 1.923401882923556679e-03
-3.811380087873222244e+00 -4.049383139823908850e-01 1.643266807939147423e-01 8.377241294141470007e+01 1.256031603723889792e-03
-3.573149075631107507e+00 -4.689152377760681945e-01 1.517579377065323420e-01 8.456171825749011361e+01 1.125043325293338756e-03
-3.908421488430729340e+00 -3.272456723737759976e-01 1.710505950592867419e-01 8.935796336743894130e+01 1.708634481754582948e-03
-4.141901961250503916e+00 -4.231164017922353082e-01 1.571848904158991977e-01 8.841149377905153983e+01 1.999545250165969679e-03
-3.664594164537688492e+00 -3.555374672126777602e-01 1.465031270726107060e-01 8.667218312965880500e+01 2.322317349500014824e-03
-4.006066005187416401e+00 -3.366116795534205286e-01 1.487977294313553300e-01 7.720694939324327777e+01 2.015853570727605109e-03
-4.006066005187416401e+00 -3.366116795534205286e-01 1.487977294313553300e-01 7.720694939324327777e+01 2.015853570727605109e-03
-4.006066005187416401e+00 -3.366116795534205286e-01 1.487977294313553300e-01 7.720694939324327777e+01 2.015853570727605109e-03
-4.006066005187416401e+00 -3.366116795534205286e-01 1.487977294313553300e-01 7.720694939324327777e+01 2.015853570727605109e-03
-4.350194083641556908e+00 -3.634908321698080425e-01 1.444169835938340640e-01 6.985699677436092259e+01 1.664424982929216821e-03
-4.350194083641556908e+00 -3.634908321698080425e-01 1.444169835938340640e-01 6.985699677436092259e+01 1.664424982929216821e-03
-4.350194083641556908e+00 -3.634908321698080425e-01 1.444169835938340640e-01 6.985699677436092259e+01 1.664424982929216821e-03
-4.657505495115914051e+00 -4.568876420361929203e-01 1.442470120152543889e-01 7.419516557326610950e+01 1.242151632929953172e-03
-4.590324014076303527e+00 -3.379879698431234036e-01 1.431339227758080535e-01 8.288517857026108970e+01 1.378282375137132067e-03
-4.873549570853952240e+00 -4.981045605052893399e-01 1.415031824626863666e-01 8.153729020874735056e+01 2.062683953397181132e-03
-4.873549570853952240e+00 -4.981045605052893399e-01 1.415031824626863666e-01 8.153729020874735056e+01 2.062683953397181132e-03
-4.867019922887455330e+00 -4.712031236262564371e-01 1.386314764293312685e-01 8.286666587055802324e+01 1.999763565793843088e-03
-4.809801446847571604e+00 -4.083372715519489882e-01 1.394051978796805036e-01 8.550218918109213462e+01 2.059303577252037144e-03
-4.927049584632260171e+00 -6.509238152740051131e-01 1.221314915646675991e-01 8.090522881443756376e+01 1.419473545937330805e-03
-4.818310042580551844e+00 -6.076962904482929861e-01 1.212025268775845932e-01 8.451960611986905292e+01 1.649370309122222440e-03
-4.383074423303127354e+00 -7.953615696983294958e-01 1.120615851653549710e-01 8.721115027424777111e+01 1.672166944436699956e-03
-4.752225394604014497e+00 -8.751051771843089133e-01 9.996724688667618652e-02 8.789412737162481903e+01 1.457154662151316851e-03
-4.553561313742864769e+00 -9.792528617855745798e-01 8.873189092196819006e-02 7.820893298683151329e+01 1.180010009420887898e-03
-4.384807783317913099e+00 -8.495029575572337066e-01 9.206091991822606957e-02 8.625013651248968927e+01 1.162556958333476730e-03
-4.384807783317913099e+00 -8.495029575572337066e-01 9.206091991822606957e-02 8.625013651248968927e+01 1.162556958333476730e-03
-3.820605036866735027e+00 -7.575361661449951933e-01 9.535243875946579351e-02 8.857496174215077644e+01 1.429093280952682329e-03
-3.725965348390059440e+00 -6.204964890588596793e-01 9.275928400033883747e-02 8.287340193676033095e+01 2.280794359441492680e-03
-3.872779918870544513e+00 -5.905345451722726624e-01 1.049371456583940987e-01 7.039889855862662671e+01 2.838101918754583688e-03
-3.477016177522855411e+00 -5.596378670217223572e-01 1.249967220646595878e-01 6.474366646332639164e+01 3.435481170503094494e-03
-3.336548850586896986e+00 -6.182847301156292330e-01 1.398459310235991571e-01 7.334110580238497334e+01 1.147291871720286169e-03
-3.280248927523684799e+00 -5.863473893925070790e-01 1.310344204239184129e-01 7.362486645326886503e+01 1.652808626960720504e-03
-3.158692358942806866e+00 -6.255202127968543246e-01 1.319262130031609304e-01 7.264967734331712279e+01 1.492592125320818010e-03
-3.158692358942806866e+00 -6.255202127968543246e-01 1.319262130031609304e-01 7.264967734331712279e+01 1.492592125320818010e-03
-3.296334725309513214e+00 -6.170091123294700886e-01 1.560251763487753851e-01 7.268208011133093294e+01 9.752731814388043274e-04
-3.296334725309513214e+00 -6.170091123294700886e-01 1.560251763487753851e-01 7.268208011133093294e+01 9.752731814388043274e-04
-3.296334725309513214e+00 -6.170091123294700886e-01 1.560251763487753851e-01 7.268208011133093294e+01 9.752731814388043274e-04
-3.412855846403891835e+00 -6.845754477204283317e-01 1.532036556201428201e-01 7.789781007261913715e+01 1.037279206375997780e-03
-3.412855846403891835e+00 -6.845754477204283317e-01 1.532036556201428201e-01 7.789781007261913715e+01 1.037279206375997780e-03
-3.439158852729689020e+00 -6.664514896148698853e-01 1.499002141027639956e-01 7.350898142683693948e+01 8.558653749470072859e-04
-3.648589108129167702e+00 -7.168137448514964039e-01 1.656271903688999458e-01 7.348031768629519433e+01 1.152386473705816579e-03
-3.648589108129167702e+00 -7.168137448514964039e-01 1.656271903688999458e-01 7.348031768629519433e+01 1.152386473705816579e-03
-3.635009476093071790e+00 -8.010737873669687703e-01 1.608805470695669482e-01 6.367329448507845058e+01 9.250876500112646499e-04
-3.767725005179101139e+00 -7.327285552765278043e-01 1.550237626783211586e-01 6.507355659232081280e+01 9.118241709718039783e-04
-3.931347695897799532e+00 -7.672286608242385730e-01 1.514463573343512448e-01 7.039630893768533326e+01 9.943791263548145114e-04
-3.560725863773204214e+00 -7.083821775934617815e-01 1.390992705879005864e-01 7.555277606167115323e+01 8.674546517128123302e-04
-3.499453634936425583e+00 -6.843347946517009950e-01 1.490149020589922879e-01 7.832241036993092109e+01 1.014872033378040996e-03
-3.499453634936425583e+00 -6.843347946517009950e-01 1.490149020589922879e-01 7.832241036993092109e+01 1.014872033378040996e-03
-3.499453634936425583e+00 -6.843347946517009950e-01 1.490149020589922879e-01 7.832241036993092109e+01 1.014872033378040996e-03
-3.083523209292147182e+00 -7.014079785493992913e-01 1.444936246470575614e-01 8.145022727341981295e+01 1.502810412914475872e-03
-3.083523209292147182e+00 -7.014079785493992913e-01 1.444936246470575614e-01 8.145022727341981295e+01 1.502810412914475872e-03
-3.562782124110753124e+00 -6.999907454391511852e-01 1.433954903996326191e-01 8.221777074742755076e+01 1.278187761969856425e-03
-3.294214338269449094e+00 -7.355148313564090490e-01 1.230170946414109595e-01 7.431018038681318671e+01 1.106706831163248739e-03
-3.447623859444981065e+00 -7.367478294720362086e-01 1.372745320289332494e-01 6.894431398189129823e+01 1.039250262862742667e-03
-3.190588855225013454e+00 -8.065886781454842946e-01 1.065737934722834762e-01 8.203506427857611527e+01 9.496186226200563699e-04
-3.190588855225013454e+00 -8.065886781454842946e-01 1.065737934722834762e-01 8.203506427857611527e+01 9.496186226200563699e-04
-3.190588855225013454e+00 -8.065886781454842946e-01 1.065737934722834762e-01 8.203506427857611527e+01 9.496186226200563699e-04
-3.190588855225013454e+00 -8.065886781454842946e-01 1.065737934722834762e-01 8.203506427857611527e+01 9.496186226200563699e-04
-3.159692406108963958e+00 -7.462326678418862436e-01 9.136510046109785899e-02 8.278679274900544272e+01 1.597443618840645001e-03
-3.159692406108963958e+00 -7.462326678418862436e-01 9.136510046109785899e-02 8.278679274900544272e+01 1.597443618840645001e-03
-3.159692406108963958e+00 -7.462326678418862436e-01 9.136510046109785899e-02 8.278679274900544272e+01 1.597443618840645001e-03
-3.159692406108963958e+00 -7.462326678418862436e-01 9.136510046109785899e-02 8.278679274900544272e+01 1.597443618840645001e-03
-3.159692406108963958e+00 -7.462326678418862436e-01 9.136510046109785899e-02 8.278679274900544272e+01 1.597443618840645001e-03
-3.046433153705767172e+00 -8.428734265532322745e-01 9.407729697736830210e-02 8.269198860147952246e+01 9.890206294671827648e-04
