-3.482371259956407616e+00 -8.480059991648249973e-01 1.155265326951903926e-01 7.598456685554083379e+01 9.503691235023142315e-04
-3.274346357938706653e+00 -8.642546105640582788e-01 9.789668968609523125e-02 8.960987584429189212e+01 1.209616416690810926e-03
-3.274346357938706653e+00 -8.642546105640582788e-01 9.789668968609523125e-02 8.960987584429189212e+01 1.209616416690810926e-03
-3.153133871685623646e+00 -8.097126531285486761e-01 1.107007478364257363e-01 8.661549479913787764e+01 9.868659052205265396e-04
-3.114843186348743576e+00 -7.729740149091711698e-01 1.083139943080411172e-01 8.053170101098720579e+01 9.350011109252386954e-04
-3.114843186348743576e+00 -7.729740149091711698e-01 1.083139943080411172e-01 8.053170101098720579e+01 9.350011109252386954e-04
-3.249039293443586107e+00 -8.477979600992304743e-01 1.002038239169294187e-01 8.297323825804596709e+01 1.083437662514578599e-03
-3.477313220845869246e+00 -9.229189238768377157e-01 1.172434847019958037e-01 7.362569531424853153e+01 9.134871973282590292e-04
-3.377540989132444604e+00 -9.183527704105240996e-01 1.155706872410589975e-01 7.373199155676645944e+01 9.611053587817171935e-04
-3.762431673605640015e+00 -9.399465061927552156e-01 1.336383423471547982e-01 6.863615254216968253e+01 8.517308086005267922e-04
-3.762431673605640015e+00 -9.399465061927552156e-01 1.336383423471547982e-01 6.863615254216968253e+01 8.517308086005267922e-04
-3.583493007786875850e+00 -8.580791922741761724e-01 1.253258558978472270e-01 6.738295709029807767e+01 1.166593456110930765e-03
-3.564024411135712889e+00 -8.263790760352724973e-01 1.155254480077651247e-01 6.904035916933986528e+01 1.471583486898492710e-03
-3.564024411135712889e+00 -8.263790760352724973e-01 1.155254480077651247e-01 6.904035916933986528e+01 1.471583486898492710e-03
-3.533318812888475158e+00 -7.832207511896582819e-01 9.741480906536288675e-02 7.080507790042501881e+01 2.639788842237437462e-03
-3.825330181991151157e+00 -8.677037585058240410e-01 9.945652137632803036e-02 7.310156378214296069e+01 1.587503499877290260e-03
-3.986683037058702972e+00 -8.489287737930826250e-01 8.449369340768596304e-02 7.708418737484331018e+01 2.153261590304856709e-03
-3.778548283952003040e+00 -8.635728731015248627e-01 8.878632488387026844e-02 7.785862004210426335e+01 1.868940224396056782e-03
-3.647043474978942434e+00 -8.798606952426982764e-01 8.527063612996521602e-02 8.484342061491744857e+01 1.694308821436396606e-03
-3.139421425552137102e+00 -8.761694166134634809e-01 8.978685638047498307e-02 7.482475753252143136e+01 2.175986092613700108e-03
-3.139421425552137102e+00 -8.761694166134634809e-01 8.978685638047498307e-02 7.482475753252143136e+01 2.175986092613700108e-03
-3.308101857503531029e+00 -8.072389768508959618e-01 9.731121239380595422e-02 8.213292713110243426e+01 1.350074422931624336e-03
-3.008289689322462657e+00 -7.641085670142842012e-01 1.025101565473088838e-01 8.109981537211604063e+01 8.981615233287899933e-04
-3.078217656116490453e+00 -6.163047975759650132e-01 1.168045100783789148e-01 7.982051400602482261e+01 1.131723695975775119e-03
-3.464479610450160507e+00 -6.562343537453745324e-01 1.163340741267915729e-01 8.879833530106050432e+01 1.229718564613796125e-03
-3.464479610450160507e+00 -6.562343537453745324e-01 1.163340741267915729e-01 8.879833530106050432e+01 1.229718564613796125e-03
-3.464479610450160507e+00 -6.562343537453745324e-01 1.163340741267915729e-01 8.879833530106050432e+01 1.229718564613796125e-03
-3.206815433548602101e+00 -5.890145885271148574e-01 1.129034105576205566e-01 8.562646770835544885e+01 1.173524582490957386e-03
-3.206815433548602101e+00 -5.890145885271148574e-01 1.129034105576205566e-01 8.562646770835544885e+01 1.173524582490957386e-03
-3.035951520393793679e+00 -6.025213436296134040e-01 1.127044214336699740e-01 7.620144146834050503e+01 1.449627638341146208e-03
-3.289700789869661968e+00 -5.839686942290343019e-01 1.137119566272876553e-01 8.859127304233777522e+01 1.196630055485054227e-03
-4.002135089850265004e+00 -7.091655998280853579e-01 1.031012432326335326e-01 8.374837035352052794e+01 1.197741238167418076e-03
-4.091814107258683109e+00 -7.281997714373230624e-01 1.017604510395372919e-01 8.565395333749346207e+01 1.217898650769911294e-03
-4.286933418668011697e+00 -7.018462466441167669e-01 1.100904338978872798e-01 8.681791919478146724e+01 1.385777958458466168e-03
-3.793411136397518924e+00 -7.554583098703994137e-01 9.910330156474704555e-02 8.693904941666839647e+01 1.332314349439290679e-03
-4.176316724978636152e+00 -7.409207802118117359e-01 1.021400064776825656e-01 8.437351518461761657e+01 1.137607882623585011e-03
-4.894048525765633428e+00 -8.277488587334803638e-01 1.026900689763799168e-01 7.940403288280049310e+01 9.108691238851783977e-04
-4.407811520746540701e+00 -8.950837098410616699e-01 1.107328715290685911e-01 7.865826313097404920e+01 9.700992986947594475e-04
-4.422150668527924822e+00 -8.621381284489084695e-01 9.295354979166858822e-02 7.341961863041440495e+01 1.495808235376245784e-03
-4.485225396655912355e+00 -8.632962289673742351e-01 9.022426142286137096e-02 8.238983707823550162e+01 1.080147837601054973e-03
-4.515565575395110720e+00 -8.740194968008487830e-01 9.884040975049949995e-02 7.749478324314912925e+01 9.548569556477934503e-04
-4.698530005560148659e+00 -8.643648212820947974e-01 9.450676913807901092e-02 7.159968422905504326e+01 1.448759245515937426e-03
-4.759931138496168224e+00 -9.168124831527076912e-01 1.018549981626184348e-01 6.477702326851617443e+01 1.859145156870590718e-03
-4.999106585414351933e+00 -9.613832533448553042e-01 1.001796338801259484e-01 6.207988396508151396e+01 2.331763122365013673e-03
-4.876570129717068269e+00 -9.194025997625280278e-01 9.057355800412486557e-02 6.802199739287935643e+01 2.099136976442505555e-03
-4.296499945858765379e+00 -8.200230158023442684e-01 9.417694124598118000e-02 6.150925353198522316e+01 3.692707208689402932e-03
-4.296499945858765379e+00 -8.200230158023442684e-01 9.417694124598118000e-02 6.150925353198522316e+01 3.692707208689402932e-03
-4.304804261231002904e+00 -9.158326225742542404e-01 9.660050825350093018e-02 6.869265903545117169e+01 1.847966139342321033e-03
-4.305921091582599836e+00 -8.714466012393602412e-01 9.962951979910289468e-02 8.354946572688189121e+01 1.087434490930727030e-03
-4.454024841953076574e+00 -9.345387018052084827e-01 8.588488670414838599e-02 8.970477504190476736e+01 1.327512641670566818e-03
-4.454024841953076574e+00 -9.345387018052084827e-01 8.588488670414838599e-02 8.970477504190476736e+01 1.327512641670566818e-03
-4.026981114196615863e+00 -8.758945374101340109e-01 8.318576214087820830e-02 8.050215007039484760e+01 1.809263682189251026e-03
-4.026981114196615863e+00 -8.758945374101340109e-01 8.318576214087820830e-02 8.050215007039484760e+01 1.809263682189251026e-03
-4.137349371466200409e+00 -8.559248883283169240e-01 8.032719179745993754e-02 8.192890189428268854e+01 1.840427935388369140e-03
-4.694357610143729431e+00 -8.824377877497299183e-01 9.253519647935981585e-02 7.589702966842901333e+01 1.155103111795494075e-03
-4.694357610143729431e+00 -8.824377877497299183e-01 9.253519647935981585e-02 7.589702966842901333e+01 1.155103111795494075e-03
-4.875261887234264790e+00 -8.390653105867437178e-01 8.951550342903770441e-02 8.398245706841532865e+01 1.033366846174495896e-03
-4.819376577886779422e+00 -9.709336615471751974e-01 9.258627499690481877e-02 8.419782058665965963e+01 1.066187986671336338e-03
-4.898057142000874720e+00 -9.276405956990698698e-01 9.091035663369426145e-02 8.252590029488327161e+01 1.007015120939752130e-03
-4.943723296815985435e+00 -9.252379624526325674e-01 8.544899997992008722e-02 7.895386897892464617e+01 1.214495588787502592e-03
-4.988227995630889922e+00 -9.554225823464188583e-01 8.579706728303794494e-02 7.422039047352659225e+01 1.555107454196448698e-03
-4.677009787551885012e+00 -8.939302097541897973e-01 9.371168649008719542e-02 7.327702151003973086e+01 1.304522805942417421e-03
-4.971751850428848485e+00 -9.514793397857623791e-01 9.889620630427949088e-02 6.844612737687947401e+01 1.416363619499796207e-03
-4.811635409817943909e+00 -8.752415940840531094e-01 1.021888116548136938e-01 7.122119406660875995e+01 1.087596670966426435e-03
-4.858662289456031402e+00 -9.105962276667624034e-01 1.030317866693463286e-01 7.132826390532186167e+01 1.025618727674211094e-03
-4.834830875443132392e+00 -9.048693654596703384e-01 1.039870142694117316e-01 7.185048074581320066e+01 9.754111483983905024e-04
-4.834830875443132392e+00 -9.048693654596703384e-01 1.039870142694117316e-01 7.185048074581320066e+01 9.754111483983905024e-04
-4.684815828721684561e+00 -9.181011941523460340e-01 1.063601137787087425e-01 7.314883438031789353e+01 8.939028020886129969e-04
-4.793042882655926817e+00 -7.660999518573422540e-01 1.033685296663630626e-01 7.739494107145411306e+01 8.764195144789763744e-04
-4.793042882655926817e+00 -7.660999518573422540e-01 1.033685296663630626e-01 7.739494107145411306e+01 8.764195144789763744e-04
-4.995355595312236829e+00 -5.948408671016642835e-01 1.040891761381164266e-01 8.216727190144123938e+01 9.585545559087012583e-04
-4.926168644477480818e+00 -7.148240283165639974e-01 9.815958548923152394e-02 7.276566731542887112e+01 1.196469575572054345e-03
-4.452480416508250549e+00 -6.264172718754658087e-01 1.108762318009953174e-01 6.888255157464516287e+01 1.504058456230714623e-03
-4.452480416508250549e+00 -6.264172718754658087e-01 1.108762318009953174e-01 6.888255157464516287e+01 1.504058456230714623e-03
-4.452480416508250549e+00 -6.264172718754658087e-01 1.108762318009953174e-01 6.888255157464516287e+01 1.504058456230714623e-03
-4.452480416508250549e+00 -6.264172718754658087e-01 1.108762318009953174e-01 6.888255157464516287e+01 1.504058456230714623e-03
-4.452480416508250549e+00 -6.264172718754658087e-01 1.108762318009953174e-01 6.888255157464516287e+01 1.504058456230714623e-03
-4.941966865709681578e+00 -6.471254764177524210e-01 1.191048075511293991e-01 7.827837511327409459e+01 1.089982681378380124e-03
-4.504859470430468527e+00 -6.172726461326133451e-01 1.247944926859713005e-01 7.486312277530180381e+01 9.418089043319994007e-04
-4.394778195696341427e+00 -8.359824255917218672e-01 1.035202021297821628e-01 8.019899490699542355e+01 9.586440004754216010e-04
-4.301063546974829954e+00 -8.975520971483292865e-01 1.099471861903848352e-01 8.372106988510826397e+01 1.307454938289912558e-03
-4.301063546974829954e+00 -8.975520971483292865e-01 1.099471861903848352e-01 8.372106988510826397e+01 1.307454938289912558e-03
-3.626984060977729740e+00 -9.854709289978380582e-01 1.292823181858097081e-01 8.300550430553809633e+01 1.724261987737078696e-03
-3.128498263287550873e+00 -9.763180608308091868e-01 1.286511068068924846e-01 8.688506365663005226e+01 2.070485677601778020e-03
-3.750641074380285378e+00 -9.621395337795174418e-01 1.126001261315147661e-01 8.690022207538437726e+01 1.630515327154215093e-03
-3.717968970233588077e+00 -8.444947719468913760e-01 1.201684685933044894e-01 7.976697216705768767e+01 1.039629644504070586e-03
-3.717968970233588077e+00 -8.444947719468913760e-01 1.201684685933044894e-01 7.976697216705768767e+01 1.039629644504070586e-03
-3.717968970233588077e+00 -8.444947719468913760e-01 1.201684685933044894e-01 7.976697216705768767e+01 1.039629644504070586e-03
-3.836326258614323859e+00 -8.096193619443986522e-01 1.284645573321382128e-01 7.295641682784022919e+01 8.673556826481554436e-04
-3.953550704544281036e+00 -7.629115284025073107e-01 1.317903995399569150e-01 6.769570475339382654e+01 9.792776181504680641e-04
-3.887284680075740795e+00 -8.745144737024322934e-01 1.238695610608505637e-01 6.712410418613210084e+01 1.065762365696220097e-03
-4.071466247044250863e+00 -8.955413400595888529e-01 1.338560234912581082e-01 7.377749560446886790e+01 1.052314593861661176e-03
-3.709582284615871028e+00 -9.002765452315499850e-01 1.437330542014145784e-01 7.334488397431337603e+01 1.085929496656022532e-03
-3.709582284615871028e+00 -9.002765452315499850e-01 1.437330542014145784e-01 7.334488397431337603e+01 1.085929496656022532e-03
-3.987011336022724173e+00 -8.151521422629878222e-01 1.487507205732968851e-01 6.805614703311400149e+01 9.402819751262652759e-04
-4.151431462596084643e+00 -9.128670956507838330e-01 1.369313167747101545e-01 7.372379766785051913e+01 1.181359371060129769e-03
-4.151431462596084643e+00 -9.128670956507838330e-01 1.369313167747101545e-01 7.372379766785051913e+01 1.181359371060129769e-03
-3.525529442468597896e+00 -9.547021143913406727e-01 1.431445993654621440e-01 7.779021749007902997e+01 1.487986442884887354e-03
-4.234880232314855775e+00 -8.261337676940350150e-01 1.740638353289988560e-01 6.317117132561624970e+01 1.442292258707239191e-03
-4.575670319240327188e+00 -8.986182468778454169e-01 1.830613144251248547e-01 6.316810299278711227e+01 2.139104424458958612e-03
-4.575670319240327188e+00 -8.986182468778454169e-01 1.830613144251248547e-01 6.316810299278711227e+01 2.139104424458958612e-03
-4.919722117869362421e+00 -7.445849604849212877e-01 1.783509664145395968e-01 6.054837598822071953e+01 1.883732130004109849e-03
-4.871908887274421396e+00 -7.535378000525466691e-01 1.790927656564012260e-01 6.097460312541041816e+01 1.917070258893053148e-03
-4.577402933353567960e+00 -6.894909232178949576e-01 1.738395110236186925e-01 6.805774543253872366e+01 2.023566439304751077e-03
-4.803752886513918519e+00 -6.737701706353962372e-01 1.834729202571815654e-01 6.433305226826088585e+01 2.240869531601352282e-03
-4.150918375599330190e+00 -7.041604374587691062e-01 1.874625385772653030e-01 6.923407437842486445e+01 2.037857242511143235e-03
-4.070643636752873995e+00 -6.746652602798678400e-01 1.710748453522101253e-01 6.942813819386307728e+01 1.307541970556065809e-03
-4.025006221626530767e+00 -7.215728016297062730e-01 1.435012715767967628e-01 6.848100066154817966e+01 8.864455268517927979e-04
-4.025006221626530767e+00 -7.215728016297062730e-01 1.435012715767967628e-01 6.848100066154817966e+01 8.864455268517927979e-04
-4.136522295377363712e+00 -6.728155806120725835e-01 1.495526144850514438e-01 6.998951234222241169e+01 9.791718386821853665e-04
-4.136522295377363712e+00 -6.728155806120725835e-01 1.495526144850514438e-01 6.998951234222241169e+01 9.791718386821853665e-04
-4.402897950547915329e+00 -6.961324195345632848e-01 1.396780355126938655e-01 7.339733974383692328e+01 1.156015288333140387e-03
-4.402897950547915329e+00 -6.961324195345632848e-01 1.396780355126938655e-01 7.339733974383692328e+01 1.156015288333140387e-03
-4.402897950547915329e+00 -6.961324195345632848e-01 1.396780355126938655e-01 7.339733974383692328e+01 1.156015288333140387e-03
-4.193555709257929642e+00 -6.735000805841322435e-01 1.464387059072024266e-01 7.403873941119259428e+01 1.164213224295705153e-03
-4.193555709257929642e+00 -6.735000805841322435e-01 1.464387059072024266e-01 7.403873941119259428e+01 1.164213224295705153e-03
-4.193555709257929642e+00 -6.735000805841322435e-01 1.464387059072024266e-01 7.403873941119259428e+01 1.164213224295705153e-03
-3.984000011693269006e+00 -7.550981940354148936e-01 1.508288886132176376e-01 7.183108389755965106e+01 1.075552246514200130e-03
-3.452320631288444019e+00 -6.664403886437908486e-01 1.401937091003405966e-01 7.467050283597896509e+01 8.858431236255133456e-04
-3.452320631288444019e+00 -6.664403886437908486e-01 1.401937091003405966e-01 7.467050283597896509e+01 8.858431236255133456e-04
-3.452320631288444019e+00 -6.664403886437908486e-01 1.401937091003405966e-01 7.467050283597896509e+01 8.858431236255133456e-04
-3.468999449114102074e+00 -7.533235607722323923e-01 1.443932381869486026e-01 6.834607563044019685e+01 9.233646526425316834e-04
-3.468999449114102074e+00 -7.533235607722323923e-01 1.443932381869486026e-01 6.834607563044019685e+01 9.233646526425316834e-04
-3.468999449114102074e+00 -7.533235607722323923e-01 1.443932381869486026e-01 6.834607563044019685e+01 9.233646526425316834e-04
-3.468999449114102074e+00 -7.533235607722323923e-01 1.443932381869486026e-01 6.834607563044019685e+01 9.233646526425316834e-04
-3.407926438470364694e+00 -7.629892070619368472e-01 1.160013285045424086e-01 7.088702090615690565e+01 1.518168457472694136e-03
-3.238546981585999962e+00 -7.400363802438199023e-01 1.138077419262100015e-01 7.952392398226199077e+01 1.023645612434806755e-03
-4.268119366089480060e+00 -6.654813762096101204e-01 1.050637460640881926e-01 7.523865276838080263e+01 1.228641232150685329e-03
-4.322837680682859229e+00 -6.392667193035064255e-01 1.141622636761154969e-01 8.015307132454030636e+01 9.909809920551665603e-04
-4.799699347345580236e+00 -6.164995269995735550e-01 1.038111777080820003e-01 7.816260821348538457e+01 8.998598012194459648e-04
-4.825758908154089255e+00 -4.300262396192774395e-01 1.113286333524586003e-01 7.524177068110479638e+01 1.130124426704675212e-03
-4.632581052193383897e+00 -4.306315541075815267e-01 1.022151640271047601e-01 7.949452400640005578e+01 1.290647428946990576e-03
-4.632581052193383897e+00 -4.306315541075815267e-01 1.022151640271047601e-01 7.949452400640005578e+01 1.290647428946990576e-03
-4.280590808312927820e+00 -4.828021264520548916e-01 1.011763624029953235e-01 8.630657243562701808e+01 1.385194564296345944e-03
-4.599731650647758130e+00 -3.974448642541559829e-01 1.105916711545124054e-01 8.713399074614144979e+01 1.073592696605448187e-03
-4.533752670729998435e+00 -3.962988122156941850e-01 1.152290081463471505e-01 8.947858826362146090e+01 1.233139203102803956e-03
-4.641693667274445545e+00 -4.416433421041014440e-01 1.241287483852747814e-01 8.684712553402607682e+01 1.453192753099001849e-03
-4.620255767995392837e+00 -5.554125653702028931e-01 1.016824651000645674e-01 8.421124840802737310e+01 9.797575989608927564e-04
-4.625974927072082465e+00 -5.240335891336282970e-01 1.126278012540765927e-01 8.405120535662852888e+01 1.069373425682313816e-03
-4.122561255018132087e+00 -7.089669314418871604e-01 1.003965802232875543e-01 8.219226323100511422e+01 1.163048655274925760e-03
-4.122561255018132087e+00 -7.089669314418871604e-01 1.003965802232875543e-01 8.219226323100511422e+01 1.163048655274925760e-03
-4.190355932369103087e+00 -6.861878026191644553e-01 1.180169089982152364e-01 8.473556599018978375e+01 1.347241986822012450e-03
-3.910568282061264611e+00 -6.915099985014411255e-01 1.118654840273482359e-01 8.750734740856637472e+01 1.399141644259578425e-03
-3.827376634586645565e+00 -6.166978373720950479e-01 1.012587286732507946e-01 8.359097681868547625e+01 1.597583338559634830e-03
-3.827376634586645565e+00 -6.166978373720950479e-01 1.012587286732507946e-01 8.359097681868547625e+01 1.597583338559634830e-03
-4.255405544956497366e+00 -5.660696945065190056e-01 8.969926708176757801e-02 8.457882301677416592e+01 1.673767141208715344e-03
-4.255405544956497366e+00 -5.660696945065190056e-01 8.969926708176757801e-02 8.457882301677416592e+01 1.673767141208715344e-03
-4.385906282145056068e+00 -6.041898032171498789e-01 9.141300208067579258e-02 7.935922975953862135e+01 1.587399400597733126e-03
-4.385906282145056068e+00 -6.041898032171498789e-01 9.141300208067579258e-02 7.935922975953862135e+01 1.587399400597733126e-03
-4.322604716589344420e+00 -6.729024732767947548e-01 8.393904261535929667e-02 8.426486286776038526e+01 1.597915849363540537e-03
-4.243826358344099603e+00 -7.974499222701065815e-01 8.366144152516534482e-02 8.647065516143916852e+01 1.427376830792323123e-03
-4.370854546747603209e+00 -5.977689348593495655e-01 8.379293883144767197e-02 8.654232261155819117e+01 1.589184192840969751e-03
-4.643993605487517939e+00 -5.789620752450609364e-01 9.761090630064389595e-02 8.332266625510422386e+01 9.825064082205714564e-04
-4.498819526765652554e+00 -5.123589028716420968e-01 1.020892775791028967e-01 8.365727977590340458e+01 1.061000414909526535e-03
-4.063323758685950082e+00 -6.533812172274573449e-01 1.208819668602549025e-01 8.840361892796147458e+01 1.692517685114034234e-03
-4.828221339898684406e+00 -6.933233611082790793e-01 1.111321262005945248e-01 8.321493215683250355e+01 1.234468570566746044e-03
-4.604057726162385400e+00 -6.660302871175752815e-01 1.018476494743003891e-01 6.686595994641990615e+01 2.050266291137383106e-03
-4.604057726162385400e+00 -6.660302871175752815e-01 1.018476494743003891e-01 6.686595994641990615e+01 2.050266291137383106e-03
-4.604057726162385400e+00 -6.660302871175752815e-01 1.018476494743003891e-01 6.686595994641990615e+01 2.050266291137383106e-03
-4.604057726162385400e+00 -6.660302871175752815e-01 1.018476494743003891e-01 6.686595994641990615e+01 2.050266291137383106e-03
-4.246934093572193980e+00 -6.792310986006214746e-01 9.497032658088402912e-02 7.962316460704425936e+01 1.368647440757515300e-03
-4.306295745664297847e+00 -7.211222566259249955e-01 1.036329164868699387e-01 7.750727629178021516e+01 1.042205860416718166e-03
-4.306295745664297847e+00 -7.211222566259249955e-01 1.036329164868699387e-01 7.750727629178021516e+01 1.042205860416718166e-03
-4.988650932890127621e+00 -6.963629180714470124e-01 1.011863057939723504e-01 6.847427200996222041e+01 1.507792091192060834e-03
-4.760297050954796383e+00 -6.861039110364479665e-01 1.044731514624911983e-01 7.915130263948171319e+01 8.888652710106484606e-04
-4.760297050954796383e+00 -6.861039110364479665e-01 1.044731514624911983e-01 7.915130263948171319e+01 8.888652710106484606e-04
-4.760297050954796383e+00 -6.861039110364479665e-01 1.044731514624911983e-01 7.915130263948171319e+01 8.888652710106484606e-04
-4.760297050954796383e+00 -6.861039110364479665e-01 1.044731514624911983e-01 7.915130263948171319e+01 8.888652710106484606e-04
-4.371537585174571916e+00 -7.592282216028851671e-01 1.004818697922967435e-01 7.910126734178574281e+01 1.005232909265254019e-03
-4.377160400528453010e+00 -7.626671482687665815e-01 9.429659005255879023e-02 8.409247500836703182e+01 1.093996115817791846e-03
-4.189688243268778756e+00 -7.645208910789913492e-01 1.177208780942172184e-01 7.480910563378463962e+01 8.996958979410463316e-04
-4.932007492288427386e+00 -7.410313217224242521e-01 1.239213003037724081e-01 6.840174099935444474e+01 9.397551561319929855e-04
-4.932007492288427386e+00 -7.410313217224242521e-01 1.239213003037724081e-01 6.840174099935444474e+01 9.397551561319929855e-04
-4.932007492288427386e+00 -7.410313217224242521e-01 1.239213003037724081e-01 6.840174099935444474e+01 9.397551561319929855e-04
-4.932007492288427386e+00 -7.410313217224242521e-01 1.239213003037724081e-01 6.840174099935444474e+01 9.397551561319929855e-04
-4.344344288729425685e+00 -6.989499047993511516e-01 1.195729810446273661e-01 7.583806177741554677e+01 9.154450694920143305e-04
-4.557785429741835870e+00 -6.646300046214497215e-01 1.172708406535017123e-01 6.905048369376775952e+01 1.120427858814671083e-03
-4.710039610096349527e+00 -7.569579174925993303e-01 1.108094277161435354e-01 6.826620045424442651e+01 1.182346216993900630e-03
-4.924354961176533152e+00 -7.910947613612346885e-01 9.561652411354086556e-02 7.583785806698223553e+01 1.029226940989194823e-03
-4.833689904930211334e+00 -8.516977955322238003e-01 1.141080742703742962e-01 7.540277779464287278e+01 9.030303268904520770e-04
-4.833689904930211334e+00 -8.516977955322238003e-01 1.141080742703742962e-01 7.540277779464287278e+01 9.030303268904520770e-04
-4.509305526107511675e+00 -8.638541923376549247e-01 9.514843917443033261e-02 7.998321443116381602e+01 9.918613178907461931e-04
-4.830622678269626213e+00 -9.479541677222813600e-01 1.066216053293664590e-01 6.862593267215959258e+01 1.105267272954698829e-03
-4.830622678269626213e+00 -9.479541677222813600e-01 1.066216053293664590e-01 6.862593267215959258e+01 1.105267272954698829e-03
-4.340504803679487544e+00 -8.886186868157762708e-01 1.097635133380651662e-01 7.339330143600399481e+01 9.100198160597015602e-04
-4.340504803679487544e+00 -8.886186868157762708e-01 1.097635133380651662e-01 7.339330143600399481e+01 9.100198160597015602e-04
-4.486581753478414925e+00 -9.073555635613592685e-01 9.873975797853393188e-02 8.325456484894179709e+01 1.053179762449003029e-03
-4.486581753478414925e+00 -9.073555635613592685e-01 9.873975797853393188e-02 8.325456484894179709e+01 1.053179762449003029e-03
-4.323733229646444798e+00 -9.752681787871672059e-01 9.604769080372273227e-02 7.927294354752282857e+01 1.007569274713036650e-03
-4.114834835904576771e+00 -8.810005257355850716e-01 9.825425757049137399e-02 7.317574682309081879e+01 1.406885555471313557e-03
-3.824961133432045468e+00 -8.288909535009982843e-01 1.034883606655550708e-01 7.923790962646448577e+01 1.120002354867615912e-03
-3.296270238517050810e+00 -8.735408829838645639e-01 1.010493027476298683e-01 8.288209417859368955e+01 1.079233088232105404e-03
-3.557349854550629242e+00 -8.595780877241396833e-01 1.210255285855964258e-01 8.167390232181209342e+01 1.093507237352701802e-03
-3.616774713964951538e+00 -7.909219623985428438e-01 1.146249088926032111e-01 7.844707541825260932e+01 1.014371532092827937e-03
-3.616774713964951538e+00 -7.909219623985428438e-01 1.146249088926032111e-01 7.844707541825260932e+01 1.014371532092827937e-03
-3.616774713964951538e+00 -7.909219623985428438e-01 1.146249088926032111e-01 7.844707541825260932e+01 1.014371532092827937e-03
-3.330740178969361143e+00 -9.318854887415288779e-01 1.405172951889070432e-01 7.432792813414135935e+01 1.011132433502472724e-03
-3.295301945478438910e+00 -7.912086144187736592e-01 1.253432115517125467e-01 7.271134214076658964e+01 1.013489021917895246e-03
-3.636904510271580460e+00 -7.935225554013785043e-01 1.236067083817808249e-01 7.676982389176228594e+01 9.229147884495182870e-04
-3.700071079526701112e+00 -7.391557423446497577e-01 1.290791844632756258e-01 7.853978738018554395e+01 9.937217725642494802e-04
