-3.619321834344853883e+00 -9.126765262754634733e-01 1.083038606099492596e-01 7.613028070625742316e+01 1.039150629784422282e-03
-3.353148463087991082e+00 -7.760333760877888842e-01 1.100975713519308091e-01 8.080679470203681092e+01 1.063084707739944072e-03
-3.275106452934188894e+00 -8.112542686054875496e-01 1.090481420408589280e-01 8.645783251583516460e+01 1.057560223366026987e-03
-3.158890750899336020e+00 -8.154678526297768348e-01 1.155299270737246559e-01 7.663321953033353395e+01 9.433676575047387743e-04
-3.295284312178038189e+00 -8.640922567068163307e-01 1.133913080961028580e-01 7.104517466579227403e+01 1.351165475241562774e-03
-4.222161299182624283e+00 -8.175838256528794590e-01 1.245535437453659522e-01 7.732892930906233175e+01 1.072526851435366083e-03
-4.222161299182624283e+00 -8.175838256528794590e-01 1.245535437453659522e-01 7.732892930906233175e+01 1.072526851435366083e-03
-4.713112169980868238e+00 -7.293877359741886002e-01 1.262794036310688761e-01 7.371342790118322341e+01 1.004087439685071850e-03
-4.821213303615710544e+00 -6.085363293837928733e-01 1.278024652972545583e-01 6.653387411095819459e+01 1.120484088297601152e-03
-4.377880152575927220e+00 -7.978532310987560550e-01 1.415420530961765122e-01 6.944466926677489482e+01 1.060112488666114291e-03
-4.408672948989054596e+00 -7.838272502673565567e-01 1.366513335474040525e-01 6.973849671856237364e+01 9.910196610379050711e-04
-4.932699159490691265e+00 -9.212721603565774409e-01 1.341106218708109921e-01 6.637774329588958722e+01 1.001418053432194880e-03
-4.105638982366422773e+00 -9.590154582050858245e-01 1.462593646468642317e-01 7.066299130253470651e+01 1.234127622127352032e-03
-4.381098298390469381e+00 -9.200491031301961664e-01 1.432582006046866363e-01 7.600167553640598328e+01 1.809850902588454498e-03
-3.353487311120878278e+00 -9.391260049011500577e-01 1.292008662219697179e-01 7.197372962286331699e+01 8.425308216977179772e-04
-3.216141789078851954e+00 -9.840239973617396219e-01 1.084281452645170368e-01 7.945983305015457177e+01 8.872038433325431586e-04
-3.216141789078851954e+00 -9.840239973617396219e-01 1.084281452645170368e-01 7.945983305015457177e+01 8.872038433325431586e-04
-3.216141789078851954e+00 -9.840239973617396219e-01 1.084281452645170368e-01 7.945983305015457177e+01 8.872038433325431586e-04
-3.149014790264242247e+00 -9.854787788810608351e-01 1.145349633698036357e-01 7.867909142723812010e+01 8.700944329945057773e-04
-3.165143247890428668e+00 -9.585862242951980194e-01 1.080897646281551994e-01 8.111420663379145424e+01 8.850418812725219025e-04
-3.165143247890428668e+00 -9.585862242951980194e-01 1.080897646281551994e-01 8.111420663379145424e+01 8.850418812725219025e-04
-3.049894962711446667e+00 -9.113712175163189988e-01 1.071240306917162349e-01 7.697448998294818523e+01 8.884952100257036394e-04
-3.049894962711446667e+00 -9.113712175163189988e-01 1.071240306917162349e-01 7.697448998294818523e+01 8.884952100257036394e-04
-3.223595788844122012e+00 -9.805320122616828504e-01 1.198353526019162868e-01 7.785462216623209031e+01 8.875313668941699902e-04
-3.259823662408591893e+00 -9.374600584869051678e-01 1.184885230472786377e-01 7.145775282708618192e+01 1.004362423151218455e-03
-3.191958037226012124e+00 -8.629249057322674332e-01 1.131684820889242021e-01 8.447171616333238831e+01 9.838653834165138161e-04
-3.703714588285169640e+00 -8.698762527719429150e-01 1.139647058709426508e-01 7.854496533561922433e+01 9.761212446753864385e-04
-3.901652253274231708e+00 -8.672969805270189791e-01 1.147073958461333198e-01 8.472554434870019691e+01 1.399075675775650340e-03
-3.984839930761242766e+00 -8.452349349234512532e-01 1.222657068555652732e-01 7.828562382310046530e+01 1.038284264020424008e-03
-3.984839930761242766e+00 -8.452349349234512532e-01 1.222657068555652732e-01 7.828562382310046530e+01 1.038284264020424008e-03
-4.151984005099067510e+00 -7.923695230758838193e-01 1.315815000097513565e-01 7.834808782349041678e+01 1.277027524166699868e-03
-4.026180480724526944e+00 -7.621459634468483735e-01 1.174283079119246287e-01 7.785490679879762865e+01 9.548634073790027328e-04
-4.636204344706045255e+00 -7.962660489348951653e-01 1.036203480762377532e-01 7.578935553021503324e+01 9.095953457228066327e-04
-4.636204344706045255e+00 -7.962660489348951653e-01 1.036203480762377532e-01 7.578935553021503324e+01 9.095953457228066327e-04
-4.636204344706045255e+00 -7.962660489348951653e-01 1.036203480762377532e-01 7.578935553021503324e+01 9.095953457228066327e-04
-4.974958768388956010e+00 -7.987182383924998907e-01 1.050625269936536349e-01 8.047662855325192766e+01 9.856091168961166223e-04
-4.974958768388956010e+00 -7.987182383924998907e-01 1.050625269936536349e-01 8.047662855325192766e+01 9.856091168961166223e-04
-4.974958768388956010e+00 -7.987182383924998907e-01 1.050625269936536349e-01 8.047662855325192766e+01 9.856091168961166223e-04
-4.585080740580269598e+00 -7.649761442395218713e-01 1.233051383277950219e-01 7.620936279432999072e+01 1.048623291241680341e-03
-4.857735371375457412e+00 -7.345227025455388636e-01 1.307632299094121930e-01 7.186785446227449370e+01 1.057378435774681408e-03
-4.404919713652390101e+00 -8.620681773305773898e-01 1.261072415917202927e-01 7.110021718361647913e+01 9.011626318447259025e-04
-4.248682895603873355e+00 -8.832998014168145229e-01 1.388713489437859994e-01 6.667564043067329749e+01 9.424816636261002575e-04
-3.981835006032666158e+00 -8.585299802697545779e-01 1.454201686201203603e-01 6.831019581065051227e+01 9.330640041765329764e-04
-4.046803297988487813e+00 -9.146274141104354660e-01 1.396221260721357549e-01 7.225683982005152473e+01 1.091343019838777583e-03
-4.653171701012473349e+00 -9.984424240088949354e-01 1.330835149760466185e-01 6.161368726416964847e+01 1.138460458430929929e-03
-4.835862177143013696e+00 -7.974919341183183130e-01 1.076623091979697633e-01 6.525308565387693704e+01 1.558815723154359815e-03
-4.848288094747462473e+00 -8.061118387270673757e-01 1.010660504723878278e-01 6.882398945744131424e+01 1.409175121266914837e-03
-4.784640352067700775e+00 -7.133109788805195306e-01 1.264270423901140417e-01 7.697869248899075956e+01 1.221087406300664160e-03
-4.508792477595737758e+00 -7.080255253162851536e-01 1.226315170114403302e-01 8.000343991323364889e+01 1.226720316821191398e-03
-4.946085345012384948e+00 -7.196695757691763395e-01 1.299644818199113261e-01 7.448885233534491590e+01 1.204209285238653582e-03
-4.933134410528796643e+00 -8.021329253779035939e-01 1.454471867220973880e-01 7.299394138845477187e+01 1.719737150624969790e-03
-4.831015247444041094e+00 -8.074199950941270965e-01 1.494856986317087688e-01 6.671321368515427253e+01 1.321022652977440603e-03
-4.428258345555326159e+00 -7.213278944941905468e-01 1.468533481750891045e-01 6.772877684912359086e+01 1.094619132597222499e-03
-3.825463512200536265e+00 -7.262587580985430114e-01 1.497941898103143654e-01 7.129602801303383330e+01 9.127608784637780475e-04
-3.825463512200536265e+00 -7.262587580985430114e-01 1.497941898103143654e-01 7.129602801303383330e+01 9.127608784637780475e-04
-3.238535032321920415e+00 -7.901545386775707946e-01 1.573926055496519261e-01 7.117653501342144295e+01 1.028865039702592460e-03
-3.163171880857564400e+00 -8.232711303348864140e-01 1.304201651362822956e-01 7.263426078104309624e+01 9.381623352891269550e-04
-3.798616900535449314e+00 -8.841977024057046108e-01 1.295663096208594378e-01 7.604345992220768835e+01 9.975262984542217215e-04
-3.931580191333182039e+00 -8.148404880824022811e-01 1.335261068097666759e-01 7.446562985023081183e+01 9.608198407212726732e-04
-3.814535895187635806e+00 -9.149337579715161040e-01 1.131525094657173935e-01 7.382727998647639822e+01 9.453353677275548421e-04
-3.814535895187635806e+00 -9.149337579715161040e-01 1.131525094657173935e-01 7.382727998647639822e+01 9.453353677275548421e-04
-3.211198632105995543e+00 -7.759778299549739966e-01 1.182527980804329304e-01 7.718652417454313763e+01 9.512312763697960537e-04
-3.904682479502176840e+00 -7.241037995995165399e-01 1.027840934407816126e-01 8.294134638638958279e+01 1.233351398212998752e-03
-4.143587061676450745e+00 -7.170010370877470951e-01 9.701269448005522822e-02 8.865374856787505564e+01 1.339132204766578082e-03
-4.143587061676450745e+00 -7.170010370877470951e-01 9.701269448005522822e-02 8.865374856787505564e+01 1.339132204766578082e-03
-4.143587061676450745e+00 -7.170010370877470951e-01 9.701269448005522822e-02 8.865374856787505564e+01 1.339132204766578082e-03
-3.437107747351642928e+00 -6.956543485766576440e-01 9.090884085643630153e-02 8.426238163397569281e+01 1.975430189757495548e-03
-3.953802704680431823e+00 -6.327063181839150952e-01 1.081561498271337296e-01 8.792936687431416942e+01 1.377256763613248468e-03
-3.953802704680431823e+00 -6.327063181839150952e-01 1.081561498271337296e-01 8.792936687431416942e+01 1.377256763613248468e-03
-4.015708871484299891e+00 -5.529712811219419377e-01 1.123732900881423691e-01 8.579721676043156720e+01 1.308153085939665373e-03
-4.529722419478118489e+00 -6.678947273201735202e-01 1.175402687906959009e-01 8.073332446217179381e+01 1.102200711067520197e-03
-3.827755316413223419e+00 -6.002835503388048721e-01 1.143335082877557224e-01 7.198003188838859501e+01 1.933945165724713314e-03
-3.827755316413223419e+00 -6.002835503388048721e-01 1.143335082877557224e-01 7.198003188838859501e+01 1.933945165724713314e-03
-3.827755316413223419e+00 -6.002835503388048721e-01 1.143335082877557224e-01 7.198003188838859501e+01 1.933945165724713314e-03
-3.506099975842903227e+00 -6.192382256228489146e-01 1.036691791084537045e-01 7.712037390277916415e+01 2.288665063321823970e-03
-3.357685571575431016e+00 -7.645080817456872957e-01 1.057155279999918707e-01 7.750148158066458848e+01 1.405156295394416896e-03
-3.357685571575431016e+00 -7.645080817456872957e-01 1.057155279999918707e-01 7.750148158066458848e+01 1.405156295394416896e-03
-3.357685571575431016e+00 -7.645080817456872957e-01 1.057155279999918707e-01 7.750148158066458848e+01 1.405156295394416896e-03
-3.357685571575431016e+00 -7.645080817456872957e-01 1.057155279999918707e-01 7.750148158066458848e+01 1.405156295394416896e-03
-3.804566478330123402e+00 -8.390933563988507427e-01 1.185592128225394920e-01 7.311207972440578828e+01 9.401632986732490465e-04
-3.804566478330123402e+00 -8.390933563988507427e-01 1.185592128225394920e-01 7.311207972440578828e+01 9.401632986732490465e-04
-3.804566478330123402e+00 -8.390933563988507427e-01 1.185592128225394920e-01 7.311207972440578828e+01 9.401632986732490465e-04
-3.659287631393799423e+00 -8.457076028312884297e-01 1.233011628479575156e-01 7.249007891810997251e+01 9.170443374478948195e-04
-3.259645466495188604e+00 -9.982105108098418000e-01 1.272707980312653420e-01 7.163341533529143135e+01 8.505132314044587527e-04
-3.076209334529037331e+00 -8.732168117963368115e-01 1.180144632473399957e-01 6.841600517426641659e+01 1.334212878927760419e-03
-3.123349589678976912e+00 -8.074588124676503886e-01 1.543073136865885375e-01 6.375980380982980478e+01 1.382466841922547901e-03
-3.895696123697017565e+00 -8.440726189008166402e-01 1.463533745077557902e-01 7.640800376572424568e+01 1.462828025844321910e-03
-3.611566657275427694e+00 -7.574355487304053058e-01 1.536829403557898044e-01 7.629374021980203224e+01 1.196849760454639193e-03
-3.626123383734240591e+00 -7.140327760160121162e-01 1.486014630375959433e-01 7.566294024428023590e+01 9.736212917494148095e-04
-3.626123383734240591e+00 -7.140327760160121162e-01 1.486014630375959433e-01 7.566294024428023590e+01 9.736212917494148095e-04
-3.358215336613009416e+00 -7.674994559194345811e-01 1.509719284810777662e-01 7.174659450026892671e+01 8.788970371181442903e-04
-3.215618831881327466e+00 -7.357770524830619108e-01 1.495755776898659295e-01 6.661208370686668445e+01 1.226528514421687706e-03
-3.399026652628042378e+00 -7.421617699358342701e-01 1.280371894545167533e-01 6.996352985827674331e+01 1.216598377251912159e-03
-3.214513813061838476e+00 -7.384119373978746959e-01 1.079297362556039391e-01 8.225264036523552136e+01 1.037045366397371538e-03
-3.122591312158990107e+00 -6.441949692863099264e-01 1.123366253397630049e-01 8.049223615026184575e+01 1.168874860299766189e-03
-3.282052113834883489e+00 -6.872713185968044591e-01 1.108165825583549424e-01 7.803017728917969009e+01 1.439052601882613320e-03
-3.282052113834883489e+00 -6.872713185968044591e-01 1.108165825583549424e-01 7.803017728917969009e+01 1.439052601882613320e-03
-3.282052113834883489e+00 -6.872713185968044591e-01 1.108165825583549424e-01 7.803017728917969009e+01 1.439052601882613320e-03
-3.462029399204597624e+00 -6.771026246065366960e-01 9.749218680903759537e-02 7.504979528593324289e+01 2.636965382325725561e-03
-3.462029399204597624e+00 -6.771026246065366960e-01 9.749218680903759537e-02 7.504979528593324289e+01 2.636965382325725561e-03
-3.308412770294589134e+00 -7.129619328106187037e-01 1.071244328565354037e-01 6.925007842203342534e+01 2.726564136240871780e-03
-3.010625182032628189e+00 -7.272552156936821222e-01 1.115484127225374045e-01 6.574606063493327213e+01 2.256585975648039977e-03
-3.184344226570070990e+00 -7.185888307692445132e-01 1.009740400115271969e-01 7.355834488748133992e+01 2.369008888125112653e-03
-3.353950924981340620e+00 -6.372617576924878291e-01 1.024903819623369794e-01 7.403135583120304375e+01 2.830518378171909769e-03
-3.350632172250719965e+00 -6.254805332798065720e-01 1.082607173989348637e-01 7.121826835419207669e+01 2.959007891035593876e-03
-3.314878991308749523e+00 -8.451396960956980564e-01 1.144314922170181353e-01 7.102212262673943144e+01 1.356037198830689367e-03
-3.168969309329825013e+00 -8.114625500634973232e-01 1.236614598391917313e-01 7.117162735792545902e+01 1.138725692122631280e-03
-3.027680514944864676e+00 -8.259053991674779605e-01 1.182931198546744028e-01 7.631094199066387773e+01 9.028224527863595774e-04
-3.233950065462110501e+00 -8.458544491227331097e-01 1.164714396463357587e-01 7.486869079689569162e+01 9.892576532975851968e-04
-3.517176376965990947e+00 -9.833056760199665458e-01 1.219278238303689865e-01 8.066637265594026474e+01 1.167943021878666693e-03
-3.517176376965990947e+00 -9.833056760199665458e-01 1.219278238303689865e-01 8.066637265594026474e+01 1.167943021878666693e-03
-3.517176376965990947e+00 -9.833056760199665458e-01 1.219278238303689865e-01 8.066637265594026474e+01 1.167943021878666693e-03
-3.786245092979782179e+00 -9.402992296907247693e-01 1.127343263404393670e-01 8.714085535303428287e+01 1.641320638178388538e-03
-4.235776499755203872e+00 -8.762302983146770252e-01 1.185896467291608497e-01 8.859705121822058516e+01 2.242257525569109605e-03
-3.715576325836695393e+00 -8.339672932662290927e-01 1.307894014056413257e-01 8.827342981533487887e+01 2.262879480337500002e-03
-3.433462147234362494e+00 -7.358848315132054951e-01 1.334367496782652984e-01 7.954276481398005672e+01 9.597644081435045566e-04
-3.433462147234362494e+00 -7.358848315132054951e-01 1.334367496782652984e-01 7.954276481398005672e+01 9.597644081435045566e-04
-3.433462147234362494e+00 -7.358848315132054951e-01 1.334367496782652984e-01 7.954276481398005672e+01 9.597644081435045566e-04
-3.427030260284961383e+00 -6.149857499140075623e-01 1.278251393325661733e-01 7.807191333606226635e+01 1.115339420887578609e-03
-3.574236136770136962e+00 -6.977712410147514088e-01 1.207532082627974512e-01 7.179727446886204234e+01 1.415044002726522200e-03
-3.661260232506354129e+00 -7.074479915913193251e-01 1.246896581802970916e-01 6.224511687342751287e+01 2.403238590053511075e-03
-3.173256382157567668e+00 -7.341148825972465541e-01 1.174502971345431357e-01 6.525818006280115924e+01 2.651287977250379145e-03
-3.161993969455262121e+00 -7.057992784789798302e-01 1.067710802514764967e-01 7.461782750564157141e+01 1.841597818532189233e-03
-3.769391901254762534e+00 -7.665660848473048183e-01 1.237136410557787974e-01 7.677045508567742615e+01 9.281531989837408635e-04
-3.769391901254762534e+00 -7.665660848473048183e-01 1.237136410557787974e-01 7.677045508567742615e+01 9.281531989837408635e-04
-4.350468307904999499e+00 -8.844348849383448785e-01 1.267981447992958810e-01 7.410968779733778433e+01 1.011707792633094070e-03
-3.650889975645297270e+00 -8.956896508643610311e-01 1.366724705982385879e-01 7.216694227337355017e+01 8.798753742559749669e-04
-3.179637217834821783e+00 -8.022519997269641490e-01 1.317424034655421128e-01 7.006240249623202487e+01 1.085822751949426079e-03
-3.170839864957911036e+00 -9.269764120742126634e-01 1.297906742975170058e-01 6.294803300108917199e+01 1.584388481856146939e-03
-3.261272198237090247e+00 -9.369590636159824681e-01 1.371180554396519702e-01 6.869212401011751012e+01 9.050085319296399897e-04
-3.338082739189146331e+00 -9.633173151724584438e-01 1.441691005245409885e-01 6.585655443610053794e+01 9.263540743307536844e-04
-3.611767363999867531e+00 -8.396874790221436902e-01 1.371934524934455835e-01 6.668385825955157031e+01 9.608630985205894245e-04
-3.611767363999867531e+00 -8.396874790221436902e-01 1.371934524934455835e-01 6.668385825955157031e+01 9.608630985205894245e-04
-3.611767363999867531e+00 -8.396874790221436902e-01 1.371934524934455835e-01 6.668385825955157031e+01 9.608630985205894245e-04
-3.611767363999867531e+00 -8.396874790221436902e-01 1.371934524934455835e-01 6.668385825955157031e+01 9.608630985205894245e-04
-3.259833127777933548e+00 -7.712965184228230964e-01 1.433837222410271062e-01 7.697393237554939560e+01 9.627854786906981559e-04
-3.259833127777933548e+00 -7.712965184228230964e-01 1.433837222410271062e-01 7.697393237554939560e+01 9.627854786906981559e-04
-3.034590891260555257e+00 -7.790992455496256186e-01 1.367811976535216467e-01 8.145921409793675139e+01 1.623604576037993626e-03
-3.255266486869230924e+00 -7.173925859436098840e-01 1.493192920629727305e-01 8.165451299864172086e+01 1.253773446195334497e-03
-3.691207116950560696e+00 -6.741981592665912126e-01 1.509455199916652779e-01 8.315075358950971918e+01 1.677169688372675323e-03
-3.208337603437325214e+00 -5.966817212538872983e-01 1.795576056000375564e-01 7.874517013361571571e+01 1.417958163762053810e-03
-3.208337603437325214e+00 -5.966817212538872983e-01 1.795576056000375564e-01 7.874517013361571571e+01 1.417958163762053810e-03
-3.208337603437325214e+00 -5.966817212538872983e-01 1.795576056000375564e-01 7.874517013361571571e+01 1.417958163762053810e-03
-3.208337603437325214e+00 -5.966817212538872983e-01 1.795576056000375564e-01 7.874517013361571571e+01 1.417958163762053810e-03
-3.157923660815224132e+00 -5.393665356986682147e-01 1.677325342794633856e-01 8.892877501950785302e+01 1.816342904477143659e-03
-3.470478426835533536e+00 -5.997527753770722780e-01 1.695837312666742536e-01 8.445804975332789866e+01 1.705748585913843254e-03
-3.423941667310850701e+00 -6.030241406749059507e-01 1.629063712871398617e-01 8.559555895977111106e+01 1.628262508864603995e-03
-3.496166486542482854e+00 -5.966289578316495978e-01 1.596396279551056119e-01 8.538065563624846277e+01 1.521986319608538332e-03
-3.496166486542482854e+00 -5.966289578316495978e-01 1.596396279551056119e-01 8.538065563624846277e+01 1.521986319608538332e-03
-3.597087256051386017e+00 -5.610019330080129318e-01 1.648585309189937731e-01 8.137719854661250451e+01 1.182758275762465497e-03
-3.752230888078760263e+00 -4.939819003030907485e-01 1.793453732597635464e-01 8.491081412055829958e+01 1.820544321658538675e-03
-3.377583279931673399e+00 -4.885290784445642798e-01 1.658443481625015425e-01 8.404358742575850272e+01 1.037364608253484510e-03
-3.592351429632925086e+00 -5.043405662037784287e-01 1.579633607541044982e-01 8.896922897900164173e+01 1.483885265314909257e-03
-4.371470193649881431e+00 -5.088452596475386835e-01 1.525321198547243684e-01 7.322492433997906858e+01 1.182051703202599818e-03
-4.291627138288745869e+00 -4.889955793649901072e-01 1.723081341135969391e-01 7.458605492724932162e+01 1.579700004412316287e-03
-3.784282956671810805e+00 -3.741983197507645076e-01 1.691180945192631013e-01 6.824894183509090340e+01 2.329183898100750747e-03
-3.784282956671810805e+00 -3.741983197507645076e-01 1.691180945192631013e-01 6.824894183509090340e+01 2.329183898100750747e-03
-3.784282956671810805e+00 -3.741983197507645076e-01 1.691180945192631013e-01 6.824894183509090340e+01 2.329183898100750747e-03
-3.868521424356785587e+00 -4.704294238504214132e-01 1.618405276105469304e-01 7.312203939296087185e+01 1.019650463889726962e-03
-3.599391880344262162e+00 -4.819051712697882128e-01 1.555486277383680005e-01 7.777040781160955873e+01 1.111468800541316401e-03
-3.521827190083849146e+00 -5.218942966833525210e-01 1.701380747504910584e-01 7.102029810582928349e+01 9.974154382491086379e-04
-3.305352038111518009e+00 -5.541328208800883059e-01 1.679924043555031943e-01 7.650609721481976067e+01 9.389979246529310541e-04
-3.305352038111518009e+00 -5.541328208800883059e-01 1.679924043555031943e-01 7.650609721481976067e+01 9.389979246529310541e-04
-3.305352038111518009e+00 -5.541328208800883059e-01 1.679924043555031943e-01 7.650609721481976067e+01 9.389979246529310541e-04
-3.305352038111518009e+00 -5.541328208800883059e-01 1.679924043555031943e-01 7.650609721481976067e+01 9.389979246529310541e-04
-3.548158059560362787e+00 -4.394812047691797341e-01 1.608715329364261704e-01 7.666827589472494253e+01 1.361068130458572330e-03
-3.548158059560362787e+00 -4.394812047691797341e-01 1.608715329364261704e-01 7.666827589472494253e+01 1.361068130458572330e-03
-3.548158059560362787e+00 -4.394812047691797341e-01 1.608715329364261704e-01 7.666827589472494253e+01 1.361068130458572330e-03
-4.358671365597228231e+00 -4.458836257046417950e-01 1.739657999803769228e-01 6.282226280376069383e+01 1.406694509047858119e-03
-3.975764298799052465e+00 -4.303908982314618714e-01 1.900103751897093685e-01 6.358608023225657035e+01 1.184459569134826409e-03
-4.282104595687054704e+00 -3.912350086497632939e-01 1.743017572477308097e-01 6.638874131025028191e+01 1.319645030904552504e-03
-4.287715733126772122e+00 -3.991175975084839123e-01 1.666376522616897227e-01 7.417063644091165031e+01 1.200886705114592766e-03
-4.287715733126772122e+00 -3.991175975084839123e-01 1.666376522616897227e-01 7.417063644091165031e+01 1.200886705114592766e-03
-4.499500200402092531e+00 -4.521382936827178511e-01 1.635535512575212735e-01 7.500654144855339212e+01 1.630792234084671617e-03
-4.293772662482584934e+00 -4.746137595715846924e-01 1.559246388475771516e-01 8.641320502097093481e+01 2.361251625295394865e-03
-4.189405718403142131e+00 -5.927037088613453797e-01 1.579298237789306669e-01 8.728538059319839704e+01 3.056263796698460277e-03
-4.173457579462686695e+00 -7.468844641118972394e-01 1.569677941513880903e-01 8.979902432377440391e+01 4.193035892783308557e-03
-4.050986140193610474e+00 -6.658913899124236924e-01 1.373937061372140778e-01 7.829863265234355652e+01 1.151266356075846290e-03
-4.050986140193610474e+00 -6.658913899124236924e-01 1.373937061372140778e-01 7.829863265234355652e+01 1.151266356075846290e-03
-3.800504078635639438e+00 -7.237179741648500642e-01 1.272649856306061200e-01 7.686645190546963136e+01 9.309711176999496685e-04
-3.063965969645265019e+00 -6.945538600113240202e-01 1.416168079313663286e-01 8.261853575778394543e+01 1.576502817753061038e-03
-4.055171160105962791e+00 -6.440943201543174457e-01 1.558062125498544392e-01 7.834495578599404553e+01 1.619386655708290618e-03
-3.752538672729369029e+00 -6.142067185738869783e-01 1.418577167577650677e-01 7.262996837575596487e+01 9.508116859255290234e-04
-4.126071446275846988e+00 -6.037938251765160302e-01 1.320957519873617592e-01 8.083899648304085872e+01 1.182332601639587890e-03
-4.018192465046048767e+00 -7.477828226297817960e-01 1.368911836071744770e-01 7.916203496214798463e+01 1.341974870586972422e-03
-4.018192465046048767e+00 -7.477828226297817960e-01 1.368911836071744770e-01 7.916203496214798463e+01 1.341974870586972422e-03
-4.018192465046048767e+00 -7.477828226297817960e-01 1.368911836071744770e-01 7.916203496214798463e+01 1.341974870586972422e-03
-4.018192465046048767e+00 -7.477828226297817960e-01 1.368911836071744770e-01 7.916203496214798463e+01 1.341974870586972422e-03
-4.018192465046048767e+00 -7.477828226297817960e-01 1.368911836071744770e-01 7.916203496214798463e+01 1.341974870586972422e-03
-4.018192465046048767e+00 -7.477828226297817960e-01 1.368911836071744770e-01 7.916203496214798463e+01 1.341974870586972422e-03
-3.924497786437801228e+00 -7.690781994580684344e-01 1.184585664786404063e-01 7.461302424905174746e+01 9.520636059678095221e-04
-4.101938249619181853e+00 -8.010647452046767425e-01 1.167804105062909825e-01 7.483039379684555570e+01 9.047338595091225250e-04
-4.465021446723195453e+00 -8.558906611530961994e-01 1.267381154281915223e-01 6.457208188859523545e+01 1.091035809934280199e-03
-4.080569503548590937e+00 -9.121235401651436314e-01 1.241636580509039994e-01 6.959946332945759195e+01 8.762641455216393059e-04
-4.080569503548590937e+00 -9.121235401651436314e-01 1.241636580509039994e-01 6.959946332945759195e+01 8.762641455216393059e-04
-3.514149544718431883e+00 -8.406108944329283572e-01 1.054194120822214975e-01 7.325490253640420235e+01 1.492536810442566825e-03
-3.444148984523747181e+00 -7.491753137875518664e-01 1.167174849471444703e-01 7.425938383384838914e+01 1.202401874345920395e-03
-3.444148984523747181e+00 -7.491753137875518664e-01 1.167174849471444703e-01 7.425938383384838914e+01 1.202401874345920395e-03
-3.686315987011901107e+00 -7.944746088679199847e-01 1.272577109945191021e-01 8.349700559567112634e+01 1.385473712317300977e-03
-3.995412920440609028e+00 -7.378741602488064766e-01 1.252150871796968434e-01 8.452613021196764009e+01 1.518984913864922237e-03
