-3.783711738393203738e+00 -8.298162534748916297e-01 1.169096553775804681e-01 7.957946770235129463e+01 1.000060900287648132e-03
-4.122099336140376380e+00 -8.254600245157349692e-01 1.088762162524397059e-01 7.886943375140502610e+01 9.666859061282515389e-04
-3.581633500778425461e+00 -8.782804931601662091e-01 1.129653350471320900e-01 7.846109004668610964e+01 9.573468294856884477e-04
-3.581633500778425461e+00 -8.782804931601662091e-01 1.129653350471320900e-01 7.846109004668610964e+01 9.573468294856884477e-04
-3.946521564523362446e+00 -9.291970625560050934e-01 1.018154787641310788e-01 8.527337571434824781e+01 1.246633749787809994e-03
-3.544378648429673095e+00 -8.861613918115147648e-01 8.991089474162425321e-02 8.616204102224162398e+01 1.404080368908189845e-03
-3.544378648429673095e+00 -8.861613918115147648e-01 8.991089474162425321e-02 8.616204102224162398e+01 1.404080368908189845e-03
-3.172521198643515561e+00 -9.921355058683495320e-01 1.031964725462515831e-01 8.117956135444222809e+01 9.066515493878052855e-04
-3.110055928629747335e+00 -9.413089430206097452e-01 1.037186107175881722e-01 7.853550023470624808e+01 9.160759305975182346e-04
-3.457506581924031597e+00 -9.023287032009763564e-01 1.159047788706374510e-01 7.483118688655549988e+01 9.220501469131012554e-04
-3.457506581924031597e+00 -9.023287032009763564e-01 1.159047788706374510e-01 7.483118688655549988e+01 9.220501469131012554e-04
-3.457506581924031597e+00 -9.023287032009763564e-01 1.159047788706374510e-01 7.483118688655549988e+01 9.220501469131012554e-04
-3.101772149805686052e+00 -8.973808550716508847e-01 1.191047667221224182e-01 8.389938305054756995e+01 1.196538305086785291e-03
-3.399485856440634279e+00 -8.740884484990201209e-01 9.482737108626615452e-02 7.800015880231755716e+01 1.580367883159766512e-03
-3.399485856440634279e+00 -8.740884484990201209e-01 9.482737108626615452e-02 7.800015880231755716e+01 1.580367883159766512e-03
-3.881619858890194674e+00 -9.442335775655413821e-01 1.017100113143628165e-01 7.928513358603981942e+01 1.044706539336180164e-03
-3.881619858890194674e+00 -9.442335775655413821e-01 1.017100113143628165e-01 7.928513358603981942e+01 1.044706539336180164e-03
-3.708163438903278486e+00 -9.678082850226076284e-01 9.537616518536931598e-02 8.538620709843310408e+01 1.247040873410831547e-03
-3.882906977555982575e+00 -9.374432264254592972e-01 1.169847396518487181e-01 8.244820743461583845e+01 1.307232712000710746e-03
-3.393167250738001073e+00 -8.378447629898394533e-01 9.904350516180272790e-02 8.554321045593255235e+01 1.203057216941102667e-03
-3.397255799754177019e+00 -7.581298650424733720e-01 8.795717589184172402e-02 8.605439790214414586e+01 1.800879444127811806e-03
-3.742575129445500526e+00 -7.581686365234753255e-01 9.982693486131659355e-02 8.830955579127564192e+01 1.392292194050513340e-03
-3.742575129445500526e+00 -7.581686365234753255e-01 9.982693486131659355e-02 8.830955579127564192e+01 1.392292194050513340e-03
-3.123779212933135430e+00 -8.795101874365359729e-01 1.317671728241692208e-01 8.985001593188108870e+01 2.364962251345982189e-03
-3.430379120855214126e+00 -7.949016287646855083e-01 1.218248137317713420e-01 8.935941075822071866e+01 1.665953870614231280e-03
-3.280536977445705826e+00 -7.596927833544255826e-01 1.244112215104648950e-01 8.371461427357142782e+01 1.003224568056069674e-03
-3.326155792089889207e+00 -7.627133170109700044e-01 1.241741210352150931e-01 8.313396058980714542e+01 1.014466136709590805e-03
-3.370290880158555158e+00 -8.110533518278373322e-01 1.271268568996901938e-01 7.617659893490841228e+01 8.693962077695776202e-04
-3.347521792797039542e+00 -8.389724090648678079e-01 1.219616801068369172e-01 7.266905748522569297e+01 9.874675723679680276e-04
-3.347521792797039542e+00 -8.389724090648678079e-01 1.219616801068369172e-01 7.266905748522569297e+01 9.874675723679680276e-04
-3.433223513710463859e+00 -7.636672438935503404e-01 1.277669590518264453e-01 7.977237262760748138e+01 9.492103038172456948e-04
-3.433223513710463859e+00 -7.636672438935503404e-01 1.277669590518264453e-01 7.977237262760748138e+01 9.492103038172456948e-04
-3.433223513710463859e+00 -7.636672438935503404e-01 1.277669590518264453e-01 7.977237262760748138e+01 9.492103038172456948e-04
-3.433223513710463859e+00 -7.636672438935503404e-01 1.277669590518264453e-01 7.977237262760748138e+01 9.492103038172456948e-04
-3.181308363032223419e+00 -8.049015467247022659e-01 1.296267850356973284e-01 8.447314112471111969e+01 1.252602269150406185e-03
-3.181308363032223419e+00 -8.049015467247022659e-01 1.296267850356973284e-01 8.447314112471111969e+01 1.252602269150406185e-03
-3.603589825207924147e+00 -7.931234702041092266e-01 1.348112028586909150e-01 7.278622624803222152e+01 8.506924775325554969e-04
-3.968498830309998837e+00 -7.262490676565060976e-01 1.512053566628429602e-01 6.982466261283936149e+01 9.389277181962914914e-04
-4.137841512230371777e+00 -6.068598642096146856e-01 1.648088202385468160e-01 6.980591647729488614e+01 1.131444525457017854e-03
-3.965625785568342554e+00 -7.047776443304160088e-01 1.677037798087663845e-01 6.819371763845126111e+01 1.098514611188795625e-03
-3.979255463000691329e+00 -6.173621306312078172e-01 1.716831267570406439e-01 6.607442006938528323e+01 9.582808975179427178e-04
-3.979255463000691329e+00 -6.173621306312078172e-01 1.716831267570406439e-01 6.607442006938528323e+01 9.582808975179427178e-04
-3.838819586120398863e+00 -5.547802443287470631e-01 1.447249207398911275e-01 7.088192426049894834e+01 1.086873923851060242e-03
-3.838819586120398863e+00 -5.547802443287470631e-01 1.447249207398911275e-01 7.088192426049894834e+01 1.086873923851060242e-03
-3.838819586120398863e+00 -5.547802443287470631e-01 1.447249207398911275e-01 7.088192426049894834e+01 1.086873923851060242e-03
-4.183075366692690977e+00 -6.294584108658606292e-01 1.333286655982933167e-01 7.233694479547172307e+01 9.181824277146274135e-04
-4.372708439421493232e+00 -5.521730675902756236e-01 1.377198574731567371e-01 6.823283578646770309e+01 1.099129718154534443e-03
-4.372708439421493232e+00 -5.521730675902756236e-01 1.377198574731567371e-01 6.823283578646770309e+01 1.099129718154534443e-03
-4.280151937493078762e+00 -6.463172633868382588e-01 1.759590312020242464e-01 6.410625725770030670e+01 1.339288481997986772e-03
-4.303402149970796842e+00 -7.591810450086863282e-01 1.820778200719591622e-01 6.564204415170885909e+01 1.848657553326903905e-03
-4.303402149970796842e+00 -7.591810450086863282e-01 1.820778200719591622e-01 6.564204415170885909e+01 1.848657553326903905e-03
-4.174037876576330852e+00 -6.985897343814184701e-01 1.786280228500087830e-01 6.449309165096985907e+01 1.364439989783150032e-03
-4.174037876576330852e+00 -6.985897343814184701e-01 1.786280228500087830e-01 6.449309165096985907e+01 1.364439989783150032e-03
-4.174037876576330852e+00 -6.985897343814184701e-01 1.786280228500087830e-01 6.449309165096985907e+01 1.364439989783150032e-03
-3.983999671308021018e+00 -6.691504792404575630e-01 1.675169855412053099e-01 6.503915260111392627e+01 9.653812029725718745e-04
-3.585831868154869984e+00 -7.893177755140124985e-01 1.611611272617707591e-01 6.689920003638792423e+01 8.995216477542366650e-04
-3.585831868154869984e+00 -7.893177755140124985e-01 1.611611272617707591e-01 6.689920003638792423e+01 8.995216477542366650e-04
-4.408151912475665846e+00 -7.672578240502834213e-01 1.565770269865647824e-01 6.149872970409032291e+01 1.205827323195258344e-03
-4.408151912475665846e+00 -7.672578240502834213e-01 1.565770269865647824e-01 6.149872970409032291e+01 1.205827323195258344e-03
-4.740219182112528351e+00 -8.875726135722598054e-01 1.655171071623934287e-01 6.273321450855557657e+01 1.582128600214280974e-03
-4.740219182112528351e+00 -8.875726135722598054e-01 1.655171071623934287e-01 6.273321450855557657e+01 1.582128600214280974e-03
-4.672900444449886059e+00 -9.728412641178028064e-01 1.594784346799117125e-01 6.933710937971397925e+01 1.937082816553387316e-03
-4.823456833271020372e+00 -9.451975165395506417e-01 1.662346185486247574e-01 7.387027706920990511e+01 2.946332957243933716e-03
-4.729520352332092337e+00 -8.968752498506074033e-01 1.736240286637268093e-01 6.216653831811225217e+01 1.805971385403922717e-03
-4.728881582912464410e+00 -7.530433621925463061e-01 1.892706335210105340e-01 6.362802652071551535e+01 2.419932888421104118e-03
-4.728881582912464410e+00 -7.530433621925463061e-01 1.892706335210105340e-01 6.362802652071551535e+01 2.419932888421104118e-03
-4.728881582912464410e+00 -7.530433621925463061e-01 1.892706335210105340e-01 6.362802652071551535e+01 2.419932888421104118e-03
-4.723886969909599109e+00 -8.181239813490625012e-01 1.821816446150845981e-01 6.167741903878454934e+01 2.024412962261161117e-03
-4.409285376837998705e+00 -7.236362688080536509e-01 1.659767983826608839e-01 6.861245140174310109e+01 1.643687926190252327e-03
-4.409285376837998705e+00 -7.236362688080536509e-01 1.659767983826608839e-01 6.861245140174310109e+01 1.643687926190252327e-03
-4.409285376837998705e+00 -7.236362688080536509e-01 1.659767983826608839e-01 6.861245140174310109e+01 1.643687926190252327e-03
-4.553463932029587546e+00 -7.589156862512099755e-01 1.767453068345944123e-01 6.364180192291654947e+01 1.808070854454365932e-03
-4.086002276876314454e+00 -7.395814841297553288e-01 1.630090491113240503e-01 6.109264949330555794e+01 1.081052048235542611e-03
-3.994740647349345863e+00 -7.259054868985442832e-01 1.381890134832309547e-01 7.558609101249406592e+01 1.030134296297804692e-03
-3.616059702136331211e+00 -6.553111559951326770e-01 1.553305519192948458e-01 7.333527641327026458e+01 8.687518199728893557e-04
-3.350140145325046337e+00 -7.341701088609312587e-01 1.613482030256037647e-01 6.985090722814619824e+01 9.123612151139096375e-04
-3.325675543521600108e+00 -7.924998873924172793e-01 1.495840896299714118e-01 6.194387007261502731e+01 1.379945708597751482e-03
-3.348886271517858670e+00 -7.765897263507869352e-01 1.823687938652963914e-01 6.508711937309048778e+01 1.124660567488077346e-03
-3.348886271517858670e+00 -7.765897263507869352e-01 1.823687938652963914e-01 6.508711937309048778e+01 1.124660567488077346e-03
-3.562922440876274965e+00 -8.316333349832896182e-01 1.708574947518823883e-01 7.803070354426624533e+01 2.214486014586273914e-03
-4.114320668376342027e+00 -8.168417284878122242e-01 1.696264282330321727e-01 7.920987510351999106e+01 3.079175501350841886e-03
-4.748974946510330142e+00 -8.703136450347184194e-01 1.854071425034182208e-01 7.773261350701147876e+01 4.524876595707245409e-03
-4.646365034799118554e+00 -9.209981925023992266e-01 1.819863042216520732e-01 7.345711989136299280e+01 3.585093076082061792e-03
-4.682177261551621505e+00 -8.823375182454542554e-01 1.657200630188100376e-01 7.067272544455062189e+01 2.317781580040682680e-03
-3.976963645889135535e+00 -8.272137770361120968e-01 1.747205650900846008e-01 6.602784282290204487e+01 1.386558635037202702e-03
-3.651665588019160413e+00 -8.253832195303426600e-01 1.802186523009044472e-01 6.280698364436950953e+01 1.088618938981188340e-03
-3.651665588019160413e+00 -8.253832195303426600e-01 1.802186523009044472e-01 6.280698364436950953e+01 1.088618938981188340e-03
-3.526933620500026123e+00 -5.768171449493569858e-01 1.788835399268614290e-01 6.194951018300900358e+01 1.326030456777263326e-03
-3.719248310170965244e+00 -5.905656069770561789e-01 1.925085003102254277e-01 7.443526808039577247e+01 1.448864139122047010e-03
-3.719248310170965244e+00 -5.905656069770561789e-01 1.925085003102254277e-01 7.443526808039577247e+01 1.448864139122047010e-03
-3.719248310170965244e+00 -5.905656069770561789e-01 1.925085003102254277e-01 7.443526808039577247e+01 1.448864139122047010e-03
-3.384949437817927009e+00 -4.710202620415639974e-01 1.745385662867539878e-01 7.022441760509005348e+01 1.513834364545255454e-03
-3.384949437817927009e+00 -4.710202620415639974e-01 1.745385662867539878e-01 7.022441760509005348e+01 1.513834364545255454e-03
-3.842043604469630669e+00 -3.939511415737980693e-01 1.796213525381985532e-01 7.185914647422140433e+01 1.248862013497849862e-03
-4.071362630469888444e+00 -4.132745635952791430e-01 1.688240047352118911e-01 6.930565845922167512e+01 1.154495256226260218e-03
-4.071362630469888444e+00 -4.132745635952791430e-01 1.688240047352118911e-01 6.930565845922167512e+01 1.154495256226260218e-03
-4.500749860232792443e+00 -3.536957380816218022e-01 1.773959230168663248e-01 7.126933456950308710e+01 1.549323414423262220e-03
-4.398709202780465510e+00 -3.603097596670902791e-01 1.506217685680594498e-01 8.070365021038091413e+01 1.306555367074583663e-03
-4.398709202780465510e+00 -3.603097596670902791e-01 1.506217685680594498e-01 8.070365021038091413e+01 1.306555367074583663e-03
-4.746093223154332463e+00 -3.975272939253037818e-01 1.680992373404794626e-01 7.213523960409224856e+01 1.816208923953384000e-03
-4.750156662284228837e+00 -2.852106939063140389e-01 1.754271050520055941e-01 7.956187608289449997e+01 2.233089623994768784e-03
-4.543949248908512040e+00 -2.761589471389176431e-01 1.743565209597326138e-01 7.935131063082089042e+01 1.693061848060231460e-03
-4.679759992307381822e+00 -2.915516048190016085e-01 1.684910709812906526e-01 7.456118277436429764e+01 1.662073183057770354e-03
-4.679759992307381822e+00 -2.915516048190016085e-01 1.684910709812906526e-01 7.456118277436429764e+01 1.662073183057770354e-03
-4.595615804602914523e+00 -4.394607474207652409e-01 1.719084547662310392e-01 7.957008729036091665e+01 2.613045332572575419e-03
-4.979625103961221377e+00 -4.812164685409612286e-01 1.696333165351812944e-01 7.321314122109279765e+01 2.464778821321903651e-03
-4.834356775143143103e+00 -4.323531311915442821e-01 1.760883247524574202e-01 6.560504098009768370e+01 1.873678498893691265e-03
-4.450096153536414967e+00 -2.380217523103402844e-01 1.648368364177709433e-01 8.074065523283805135e+01 1.625671568446988456e-03
-4.388523603025418218e+00 -3.049354901465716194e-01 1.596210972935789285e-01 8.481521184333244889e+01 1.556321670031720478e-03
-4.202535223045376966e+00 -2.915335202505690559e-01 1.470650978100153106e-01 8.793626243724146718e+01 1.662521160760981921e-03
-4.140446894105106246e+00 -2.975716064162130525e-01 1.391508518082886503e-01 8.662950955582729762e+01 1.909402431106987062e-03
-4.298814769336979147e+00 -2.322332165654092950e-01 1.432798666544778665e-01 8.955484944507797707e+01 2.127678655145614009e-03
-4.298814769336979147e+00 -2.322332165654092950e-01 1.432798666544778665e-01 8.955484944507797707e+01 2.127678655145614009e-03
-4.298814769336979147e+00 -2.322332165654092950e-01 1.432798666544778665e-01 8.955484944507797707e+01 2.127678655145614009e-03
-4.330107570884184298e+00 -2.889691105808673832e-01 1.566832921938190182e-01 8.876081473273421807e+01 1.664927350609963878e-03
-4.330107570884184298e+00 -2.889691105808673832e-01 1.566832921938190182e-01 8.876081473273421807e+01 1.664927350609963878e-03
-4.330107570884184298e+00 -2.889691105808673832e-01 1.566832921938190182e-01 8.876081473273421807e+01 1.664927350609963878e-03
-4.214369065783477808e+00 -3.264455661056777092e-01 1.568308503826647271e-01 7.343027450315850047e+01 1.601271210634897142e-03
-4.214369065783477808e+00 -3.264455661056777092e-01 1.568308503826647271e-01 7.343027450315850047e+01 1.601271210634897142e-03
-4.302097102076488433e+00 -2.978555660106257941e-01 1.552972851166803669e-01 6.804718046965660960e+01 2.434964754596580065e-03
-4.824054177166806845e+00 -1.713191809020137013e-01 1.554649575719356525e-01 6.619795250473345050e+01 3.932642054347528296e-03
-4.971762708237136508e+00 -2.303392155442337552e-01 1.631139956784328771e-01 6.153562738508259855e+01 2.826503429440710598e-03
-4.956620608272383599e+00 -2.628955872624985646e-01 1.593840849457066611e-01 6.319817136856904938e+01 2.290704791319891735e-03
-4.099399115170337282e+00 -3.344491941713398919e-01 1.635154729346179614e-01 6.486648720298731519e+01 2.590452913505083242e-03
-4.061727380231014983e+00 -3.496280692244484456e-01 1.585081403032274072e-01 6.761794936829404890e+01 2.263990205798356234e-03
-4.061727380231014983e+00 -3.496280692244484456e-01 1.585081403032274072e-01 6.761794936829404890e+01 2.263990205798356234e-03
-4.061727380231014983e+00 -3.496280692244484456e-01 1.585081403032274072e-01 6.761794936829404890e+01 2.263990205798356234e-03
-4.061727380231014983e+00 -3.496280692244484456e-01 1.585081403032274072e-01 6.761794936829404890e+01 2.263990205798356234e-03
-4.061727380231014983e+00 -3.496280692244484456e-01 1.585081403032274072e-01 6.761794936829404890e+01 2.263990205798356234e-03
-4.061727380231014983e+00 -3.496280692244484456e-01 1.585081403032274072e-01 6.761794936829404890e+01 2.263990205798356234e-03
-3.917346133881742798e+00 -4.620409184417628157e-01 1.521928616352760666e-01 7.994456434092519714e+01 1.119292008057715115e-03
-3.917346133881742798e+00 -4.620409184417628157e-01 1.521928616352760666e-01 7.994456434092519714e+01 1.119292008057715115e-03
-3.741635360355028528e+00 -4.657025191680406739e-01 1.545001720568852377e-01 7.485285880310469508e+01 1.228535943106436479e-03
-4.443033971685282246e+00 -4.272179810738838124e-01 1.368979028167874590e-01 7.663595966546115790e+01 1.083960684358447647e-03
-4.721358303124259415e+00 -4.643803011847153495e-01 1.276051540581875643e-01 7.896104510753508521e+01 1.103427031002539218e-03
-4.721358303124259415e+00 -4.643803011847153495e-01 1.276051540581875643e-01 7.896104510753508521e+01 1.103427031002539218e-03
-4.721358303124259415e+00 -4.643803011847153495e-01 1.276051540581875643e-01 7.896104510753508521e+01 1.103427031002539218e-03
-4.649607137494000675e+00 -4.237110909682126336e-01 1.307740120028038078e-01 7.657085706259991298e+01 1.064473837673196241e-03
-4.649607137494000675e+00 -4.237110909682126336e-01 1.307740120028038078e-01 7.657085706259991298e+01 1.064473837673196241e-03
-4.649607137494000675e+00 -4.237110909682126336e-01 1.307740120028038078e-01 7.657085706259991298e+01 1.064473837673196241e-03
-4.706090484808079566e+00 -3.320876956686588666e-01 1.470183493696823052e-01 7.618048355416468098e+01 1.325226040156711818e-03
-4.706090484808079566e+00 -3.320876956686588666e-01 1.470183493696823052e-01 7.618048355416468098e+01 1.325226040156711818e-03
-4.706090484808079566e+00 -3.320876956686588666e-01 1.470183493696823052e-01 7.618048355416468098e+01 1.325226040156711818e-03
-4.841777762387992290e+00 -3.969200733517448954e-01 1.450899570794730031e-01 7.591317808606108031e+01 1.409757628268626991e-03
-4.604309596239049895e+00 -3.576517956977456336e-01 1.441726453889321802e-01 7.410995118994412678e+01 1.253694371748313198e-03
-4.604309596239049895e+00 -3.576517956977456336e-01 1.441726453889321802e-01 7.410995118994412678e+01 1.253694371748313198e-03
-4.604309596239049895e+00 -3.576517956977456336e-01 1.441726453889321802e-01 7.410995118994412678e+01 1.253694371748313198e-03
-4.591736699382593656e+00 -3.831403968679922278e-01 1.418155839324457268e-01 8.000432406573257538e+01 1.293054486845676698e-03
-4.808888696468264001e+00 -3.957931952878709914e-01 1.323070328628134784e-01 7.095927008736082087e+01 1.230107213277579006e-03
-4.808888696468264001e+00 -3.957931952878709914e-01 1.323070328628134784e-01 7.095927008736082087e+01 1.230107213277579006e-03
-4.586500994213094096e+00 -4.739592210283076201e-01 1.258994542738663402e-01 8.068706092899518012e+01 1.097072611225429796e-03
-4.586500994213094096e+00 -4.739592210283076201e-01 1.258994542738663402e-01 8.068706092899518012e+01 1.097072611225429796e-03
-4.583448267922926256e+00 -4.352312765600707678e-01 1.239619173423406606e-01 7.591493750031557397e+01 1.062155193954346030e-03
-4.583448267922926256e+00 -4.352312765600707678e-01 1.239619173423406606e-01 7.591493750031557397e+01 1.062155193954346030e-03
-4.583448267922926256e+00 -4.352312765600707678e-01 1.239619173423406606e-01 7.591493750031557397e+01 1.062155193954346030e-03
-4.806873356882342740e+00 -3.985521844111984402e-01 1.194166693067655743e-01 8.023502574745042182e+01 1.002300030430505577e-03
-4.921433466497736831e+00 -4.718646521128542770e-01 1.210880762952855350e-01 7.678346976944402513e+01 9.718763891468152390e-04
-4.867576595340950441e+00 -4.308781167284758129e-01 1.235406482366964848e-01 7.072076583249105397e+01 1.191998722989725049e-03
-4.867576595340950441e+00 -4.308781167284758129e-01 1.235406482366964848e-01 7.072076583249105397e+01 1.191998722989725049e-03
-4.892560012339523645e+00 -3.136259512205948896e-01 1.308888872360889633e-01 6.827234703861137177e+01 1.817497089158060658e-03
-4.779941707391206052e+00 -3.267829555282497633e-01 1.589069355236704117e-01 7.556170659981363258e+01 1.624029358787653157e-03
-4.663803554860841416e+00 -2.795281011105510971e-01 1.548410852060151943e-01 8.183885932813390696e+01 1.548774651041698791e-03
-4.688360757560023018e+00 -3.571581625991600561e-01 1.622513981958084162e-01 8.598969973423555757e+01 2.744068006196067212e-03
-4.314670678310656093e+00 -3.925352095821253440e-01 1.742257039671930297e-01 7.066976496806927344e+01 1.242419442529247003e-03
-4.386132365415503109e+00 -3.981573271561292260e-01 1.699693444270859166e-01 6.679442350260180206e+01 1.359720159966556954e-03
-4.386132365415503109e+00 -3.981573271561292260e-01 1.699693444270859166e-01 6.679442350260180206e+01 1.359720159966556954e-03
-4.521530553434913280e+00 -4.990028314138686416e-01 1.700773001602052525e-01 6.952384462900904794e+01 1.589256900111082720e-03
-4.060739220980924991e+00 -3.917784713908112892e-01 1.584754790006671077e-01 6.231741247444073650e+01 2.464155905408256172e-03
-4.318800764629206590e+00 -3.533845803675959574e-01 1.630419663914166040e-01 6.029117378340252742e+01 2.547212910938931579e-03
-3.743738323465914508e+00 -3.784478673415202499e-01 1.630495494218040520e-01 6.929333622492281108e+01 2.536735541407157853e-03
-3.743738323465914508e+00 -3.784478673415202499e-01 1.630495494218040520e-01 6.929333622492281108e+01 2.536735541407157853e-03
-4.132706998632327711e+00 -3.764409766774771127e-01 1.555623743570566098e-01 6.088190506085751963e+01 2.881296496590526283e-03
-4.132706998632327711e+00 -3.764409766774771127e-01 1.555623743570566098e-01 6.088190506085751963e+01 2.881296496590526283e-03
-4.444173072917698697e+00 -3.762165020412897021e-01 1.454694891869159346e-01 6.865922183466555850e+01 1.550749036428103727e-03
-4.271355005753130207e+00 -4.618507648909667695e-01 1.488665517744660327e-01 6.886291448596881537e+01 1.173841110336380344e-03
-4.271355005753130207e+00 -4.618507648909667695e-01 1.488665517744660327e-01 6.886291448596881537e+01 1.173841110336380344e-03
-4.373148065869200352e+00 -5.229425154436382339e-01 1.590950904736221638e-01 6.144365480330304052e+01 1.414274488023904795e-03
-4.254875822937153274e+00 -5.084892779167161647e-01 1.717090481413724723e-01 6.373802575886558941e+01 1.181921847407105697e-03
-4.254875822937153274e+00 -5.084892779167161647e-01 1.717090481413724723e-01 6.373802575886558941e+01 1.181921847407105697e-03
-4.230101783601015519e+00 -6.597893530594338696e-01 1.572716608077460443e-01 7.507010862374031035e+01 1.597596762232251014e-03
-4.167935695430262655e+00 -7.458220025347636062e-01 1.398866102962851021e-01 6.254240758920663978e+01 1.173508633502107299e-03
-4.423594725502046465e+00 -7.893938576365484572e-01 1.349262570587334287e-01 6.229832914310357950e+01 1.209589310270979112e-03
-4.607462949779588257e+00 -8.192626135925595854e-01 1.481689713298860456e-01 6.116791145021664988e+01 1.213208272396583062e-03
-4.300911392628814056e+00 -7.740702006923884104e-01 1.583628567122821185e-01 6.217445142958730742e+01 1.148064444506201450e-03
-4.412768991297367549e+00 -8.173516096991795266e-01 1.697514095441182425e-01 6.645217803593961037e+01 1.722021590139078675e-03
-4.346649082609071790e+00 -7.576858270618563873e-01 1.772736202104712999e-01 7.188867143367960466e+01 2.462807767153751999e-03
-4.141062509217934284e+00 -7.239828852981970986e-01 1.683949128674067652e-01 6.345535288628207127e+01 1.135846561488296864e-03
-3.444884167465022351e+00 -7.066505490685534019e-01 1.549677827063249413e-01 6.789687946411913799e+01 9.101444358895741018e-04
-3.477324685022906703e+00 -6.467459192372418952e-01 1.491000214956006986e-01 7.184981117909178749e+01 8.939297249243175272e-04
-3.477324685022906703e+00 -6.467459192372418952e-01 1.491000214956006986e-01 7.184981117909178749e+01 8.939297249243175272e-04
-3.354578172672378233e+00 -7.056318486944376245e-01 1.536768578309237743e-01 7.053494757445866981e+01 8.865095086575526615e-04
-3.378211778793068554e+00 -6.870256097788556282e-01 1.684130852196787376e-01 6.852070132379606093e+01 9.154359403182143855e-04
-3.378211778793068554e+00 -6.870256097788556282e-01 1.684130852196787376e-01 6.852070132379606093e+01 9.154359403182143855e-04
-3.378211778793068554e+00 -6.870256097788556282e-01 1.684130852196787376e-01 6.852070132379606093e+01 9.154359403182143855e-04
-3.701316006899478595e+00 -7.163655715880513641e-01 1.487541203266502798e-01 6.385885425967725837e+01 1.102717482174294869e-03
-3.526369883037684616e+00 -7.273283002005995757e-01 1.580094181692060229e-01 7.151829055544321534e+01 8.990911987306596156e-04
-3.399359973980803584e+00 -6.306384004027860701e-01 1.644119184274921430e-01 6.906377986262282320e+01 9.311561364384554097e-04
-3.399359973980803584e+00 -6.306384004027860701e-01 1.644119184274921430e-01 6.906377986262282320e+01 9.311561364384554097e-04
-3.399359973980803584e+00 -6.306384004027860701e-01 1.644119184274921430e-01 6.906377986262282320e+01 9.311561364384554097e-04
-3.546909475053934280e+00 -7.405851525979214589e-01 1.756792964639309063e-01 7.210469478532159826e+01 1.293991267299748286e-03
