-3.506733252279525370e+00 -7.659637151894402862e-01 1.107542602346556354e-01 7.716570603663279826e+01 1.170181406851592953e-03
-3.506733252279525370e+00 -7.659637151894402862e-01 1.107542602346556354e-01 7.716570603663279826e+01 1.170181406851592953e-03
-3.506733252279525370e+00 -7.659637151894402862e-01 1.107542602346556354e-01 7.716570603663279826e+01 1.170181406851592953e-03
-3.769051964582150305e+00 -7.091883395363427489e-01 1.396780199952354640e-01 7.054277665091524341e+01 8.827575764443194341e-04
-3.769051964582150305e+00 -7.091883395363427489e-01 1.396780199952354640e-01 7.054277665091524341e+01 8.827575764443194341e-04
-3.769051964582150305e+00 -7.091883395363427489e-01 1.396780199952354640e-01 7.054277665091524341e+01 8.827575764443194341e-04
-3.133890226119408595e+00 -6.877489844009764264e-01 1.345820748678374368e-01 7.366493989114836438e+01 1.100591696729191424e-03
-3.613766044376092168e+00 -5.615123609404626404e-01 1.298034633635156976e-01 7.061123296745449807e+01 1.946071881434646147e-03
-3.613766044376092168e+00 -5.615123609404626404e-01 1.298034633635156976e-01 7.061123296745449807e+01 1.946071881434646147e-03
-4.092896454881474355e+00 -5.983209106558307067e-01 1.269561696739176515e-01 8.057260123092591186e+01 1.079788244286936962e-03
-3.896168803999982444e+00 -6.037239086372453434e-01 1.473138111358730795e-01 6.702544629890766714e+01 1.069572574236242295e-03
-4.004189973525686952e+00 -8.041916358690129885e-01 1.520762953353777258e-01 7.374517624084523959e+01 1.373779253758212679e-03
-3.939895875698185890e+00 -5.719487325751261286e-01 1.533518024970388638e-01 6.596145285165749783e+01 1.086186625701553773e-03
-3.939895875698185890e+00 -5.719487325751261286e-01 1.533518024970388638e-01 6.596145285165749783e+01 1.086186625701553773e-03
-3.939895875698185890e+00 -5.719487325751261286e-01 1.533518024970388638e-01 6.596145285165749783e+01 1.086186625701553773e-03
-3.939895875698185890e+00 -5.719487325751261286e-01 1.533518024970388638e-01 6.596145285165749783e+01 1.086186625701553773e-03
-3.388330774050094085e+00 -5.817196121571828193e-01 1.597415968799585917e-01 6.475080071598755183e+01 1.606874601574497354e-03
-3.488089448865646869e+00 -6.217654105835574985e-01 1.710541653595962497e-01 6.594328087700731089e+01 9.865724426371970911e-04
-3.488089448865646869e+00 -6.217654105835574985e-01 1.710541653595962497e-01 6.594328087700731089e+01 9.865724426371970911e-04
-3.854826604398118306e+00 -6.356409593003153891e-01 1.551433199878992641e-01 7.511106915586299237e+01 1.055881977877920399e-03
-3.854826604398118306e+00 -6.356409593003153891e-01 1.551433199878992641e-01 7.511106915586299237e+01 1.055881977877920399e-03
-4.004817374196505853e+00 -7.581853403179443784e-01 1.490506914929166371e-01 7.211836153911814051e+01 1.076119671709049874e-03
-3.826634802147582004e+00 -8.156012252138280516e-01 1.549197838097171598e-01 6.313819786824405611e+01 9.586657452759475475e-04
-3.702003904652499955e+00 -8.085225182928389431e-01 1.610727036091954001e-01 6.501835418924444809e+01 9.086444649183061202e-04
-3.991599647438687004e+00 -7.373090152083110471e-01 1.505452763088840351e-01 6.541293535259950431e+01 9.209876149379216115e-04
-3.991599647438687004e+00 -7.373090152083110471e-01 1.505452763088840351e-01 6.541293535259950431e+01 9.209876149379216115e-04
-3.549876126336957149e+00 -6.700474640077884736e-01 1.526037071897409503e-01 6.590612589999055615e+01 1.093803146056487180e-03
-3.683706201046045070e+00 -7.431801317137365359e-01 1.638721648520858054e-01 6.517359358107091793e+01 8.871040192311533410e-04
-3.683706201046045070e+00 -7.431801317137365359e-01 1.638721648520858054e-01 6.517359358107091793e+01 8.871040192311533410e-04
-4.046916121092536400e+00 -6.634115297421729895e-01 1.585715741948977020e-01 6.538856279274831707e+01 9.501616016657751839e-04
-4.071979160267874320e+00 -6.702203777722728351e-01 1.524235049457462465e-01 6.568733308917055069e+01 9.510141534014820812e-04
-3.831360647164790745e+00 -6.053182745391476605e-01 1.614301977195380378e-01 6.058451481398038396e+01 1.390711404493918599e-03
-3.831360647164790745e+00 -6.053182745391476605e-01 1.614301977195380378e-01 6.058451481398038396e+01 1.390711404493918599e-03
-4.035945721434640809e+00 -6.123286113932185915e-01 1.416007712883672331e-01 6.862850893905432770e+01 9.819886875894801893e-04
-3.425962650708666235e+00 -6.035145925486918861e-01 1.388560744974720040e-01 7.560418498918598118e+01 1.026345477543827520e-03
-3.425962650708666235e+00 -6.035145925486918861e-01 1.388560744974720040e-01 7.560418498918598118e+01 1.026345477543827520e-03
-3.146253848849234203e+00 -6.211676551327025564e-01 1.217197406392568210e-01 7.905961448108837430e+01 1.162763404161804969e-03
-3.146253848849234203e+00 -6.211676551327025564e-01 1.217197406392568210e-01 7.905961448108837430e+01 1.162763404161804969e-03
-3.733582441678051644e+00 -7.622840035844796747e-01 1.031156627641610507e-01 7.463796483004996674e+01 1.620010922114783038e-03
-3.733582441678051644e+00 -7.622840035844796747e-01 1.031156627641610507e-01 7.463796483004996674e+01 1.620010922114783038e-03
-3.733582441678051644e+00 -7.622840035844796747e-01 1.031156627641610507e-01 7.463796483004996674e+01 1.620010922114783038e-03
-3.356668459093933521e+00 -8.212153974438815007e-01 1.089489680036176411e-01 7.139659361689267314e+01 1.640091372487011276e-03
-3.267107476680927824e+00 -8.525669892241898307e-01 1.133354949615431179e-01 7.543811064299465841e+01 1.030902489882669793e-03
-3.267107476680927824e+00 -8.525669892241898307e-01 1.133354949615431179e-01 7.543811064299465841e+01 1.030902489882669793e-03
-3.301103076236146627e+00 -9.881544159880997213e-01 1.047411253134715031e-01 8.034941073242141840e+01 9.623219129998570633e-04
-3.301103076236146627e+00 -9.881544159880997213e-01 1.047411253134715031e-01 8.034941073242141840e+01 9.623219129998570633e-04
-3.258040432832488342e+00 -9.265564462853944638e-01 1.044152923518706227e-01 7.564294521378693048e+01 1.172040509000474642e-03
-3.258040432832488342e+00 -9.265564462853944638e-01 1.044152923518706227e-01 7.564294521378693048e+01 1.172040509000474642e-03
-3.258040432832488342e+00 -9.265564462853944638e-01 1.044152923518706227e-01 7.564294521378693048e+01 1.172040509000474642e-03
-3.258040432832488342e+00 -9.265564462853944638e-01 1.044152923518706227e-01 7.564294521378693048e+01 1.172040509000474642e-03
-3.108372704827114585e+00 -8.559641981730181648e-01 1.138201571126848805e-01 8.692024438361494276e+01 1.193545477063083764e-03
-3.086675426767617303e+00 -9.283048662821413721e-01 1.088534109284807205e-01 7.945679778548377215e+01 8.563185947112622338e-04
-3.383793149079988627e+00 -8.883105786652643054e-01 1.181622805724575342e-01 8.077027924688046312e+01 9.917351545263169716e-04
-3.320646183507627747e+00 -9.125410870778321026e-01 1.208453669666421371e-01 7.610149652159157085e+01 8.608410283267147736e-04
-3.320646183507627747e+00 -9.125410870778321026e-01 1.208453669666421371e-01 7.610149652159157085e+01 8.608410283267147736e-04
-3.320646183507627747e+00 -9.125410870778321026e-01 1.208453669666421371e-01 7.610149652159157085e+01 8.608410283267147736e-04
-3.798461705578167535e+00 -9.785932643374273265e-01 1.151947001841919366e-01 8.249447094062981023e+01 1.272004745237891987e-03
-3.501401763655159982e+00 -9.723845328276805589e-01 1.162763854414995690e-01 7.342601644776775061e+01 8.973181791059075445e-04
-3.501401763655159982e+00 -9.723845328276805589e-01 1.162763854414995690e-01 7.342601644776775061e+01 8.973181791059075445e-04
-3.501401763655159982e+00 -9.723845328276805589e-01 1.162763854414995690e-01 7.342601644776775061e+01 8.973181791059075445e-04
-3.501401763655159982e+00 -9.723845328276805589e-01 1.162763854414995690e-01 7.342601644776775061e+01 8.973181791059075445e-04
-3.501401763655159982e+00 -9.723845328276805589e-01 1.162763854414995690e-01 7.342601644776775061e+01 8.973181791059075445e-04
-3.501401763655159982e+00 -9.723845328276805589e-01 1.162763854414995690e-01 7.342601644776775061e+01 8.973181791059075445e-04
-3.541546971380541198e+00 -9.258608394240217532e-01 1.180528839244292666e-01 7.649948508278352222e+01 8.860314800902447004e-04
-3.541546971380541198e+00 -9.258608394240217532e-01 1.180528839244292666e-01 7.649948508278352222e+01 8.860314800902447004e-04
-3.541546971380541198e+00 -9.258608394240217532e-01 1.180528839244292666e-01 7.649948508278352222e+01 8.860314800902447004e-04
-3.665458261639078508e+00 -8.085355154068506467e-01 1.159698684831636378e-01 7.398837559393476226e+01 1.065703889057706020e-03
-3.585693598154274575e+00 -8.807163605500957226e-01 1.187287602062874065e-01 6.870412332510446163e+01 1.222480404175162270e-03
-3.175590225610492645e+00 -9.986604825665462704e-01 1.075973484291880000e-01 6.888654347095400965e+01 1.527120579451642784e-03
-3.175590225610492645e+00 -9.986604825665462704e-01 1.075973484291880000e-01 6.888654347095400965e+01 1.527120579451642784e-03
-3.175590225610492645e+00 -9.986604825665462704e-01 1.075973484291880000e-01 6.888654347095400965e+01 1.527120579451642784e-03
-3.559924011123897447e+00 -9.474768991834902065e-01 1.299068523328487101e-01 6.986069883994638019e+01 8.525507390996956043e-04
-3.102291145397995553e+00 -9.330864518016056541e-01 1.312560973819048571e-01 7.049440759683582769e+01 9.596775627209170982e-04
-3.653069813595902104e+00 -8.239945115895250805e-01 1.464778281436897311e-01 6.915888067420054597e+01 8.523928231751339533e-04
-4.145550652725391139e+00 -7.976729162994503630e-01 1.331708770739682968e-01 7.264994016106814456e+01 9.381909012086376513e-04
-4.145550652725391139e+00 -7.976729162994503630e-01 1.331708770739682968e-01 7.264994016106814456e+01 9.381909012086376513e-04
-4.090079271959624840e+00 -8.520133547692825271e-01 1.285632536167990447e-01 7.734118441809667388e+01 1.152163328973652891e-03
-4.037765471029179487e+00 -8.659453283305145188e-01 1.102350313513100338e-01 8.154684850142450614e+01 1.087407214510055422e-03
-4.016424542565802724e+00 -8.603108708950019112e-01 1.100407156098439504e-01 7.783097073121214748e+01 9.539692024780484746e-04
-3.599154078097533738e+00 -8.675525415967343390e-01 1.118444766133988022e-01 8.497993986931157906e+01 1.228770437939482978e-03
-3.885860457499098697e+00 -8.745947638729755225e-01 1.165489881687198914e-01 8.785643975420735785e+01 1.825822365507046453e-03
-3.949406254534175265e+00 -8.756744625399744963e-01 1.080843861570027625e-01 7.118460770045680874e+01 1.235569604507556372e-03
-3.547119838601690667e+00 -7.883624568452620718e-01 1.048323999086123587e-01 7.872668670615020403e+01 1.256019319628748528e-03
-3.836321122645490966e+00 -6.982911626236126823e-01 1.108134660862258314e-01 8.573149469836681646e+01 1.248689969752252767e-03
-3.632769232076543897e+00 -8.042532696855446694e-01 1.042069228632791916e-01 8.522847877964532870e+01 1.228334279752151762e-03
-3.761855241221285340e+00 -7.409867622260931652e-01 9.445900615675473233e-02 7.759904959332550334e+01 1.934005219308150125e-03
-3.829092192497042468e+00 -6.942798063926366448e-01 8.665528589567303430e-02 8.164550667679175433e+01 2.286320113164099291e-03
-3.958133561626312247e+00 -8.214871430717507472e-01 8.622420782889797519e-02 7.835789185528980738e+01 1.982971783410667106e-03
-4.253107032673101529e+00 -8.110677132397932088e-01 8.937052357900239496e-02 7.826773333935102528e+01 1.484202796534456019e-03
-4.106623585136443211e+00 -8.762679914128768122e-01 8.734171766507463353e-02 8.048194384663609924e+01 1.470777993033943638e-03
-4.106623585136443211e+00 -8.762679914128768122e-01 8.734171766507463353e-02 8.048194384663609924e+01 1.470777993033943638e-03
-3.807368720983255628e+00 -9.156228123233031146e-01 1.103945709146310489e-01 8.576467189400273128e+01 1.397520922109445410e-03
-3.807368720983255628e+00 -9.156228123233031146e-01 1.103945709146310489e-01 8.576467189400273128e+01 1.397520922109445410e-03
-3.796045151495096803e+00 -9.459279890670010404e-01 1.129269546875700386e-01 8.124963513348004085e+01 1.101545045265800871e-03
-3.293593328221976257e+00 -9.814860935168795431e-01 1.119632016027513888e-01 8.330559636931481293e+01 1.081254932083523888e-03
-3.293593328221976257e+00 -9.814860935168795431e-01 1.119632016027513888e-01 8.330559636931481293e+01 1.081254932083523888e-03
-3.717597329740541579e+00 -9.706171674832730911e-01 1.235417648011991054e-01 8.254928332278049652e+01 1.497915037842162400e-03
-3.164334607705146851e+00 -9.075919295366593476e-01 1.448520708691088676e-01 8.370435436261185203e+01 2.135968290148581184e-03
-3.390448150004248262e+00 -8.600536747238831659e-01 1.491423223749654414e-01 8.430294007399173495e+01 2.240532988021673097e-03
-3.423844631186262255e+00 -9.132666019703901128e-01 1.559905703688647116e-01 8.036081877524837580e+01 2.184240150520096006e-03
-3.423844631186262255e+00 -9.132666019703901128e-01 1.559905703688647116e-01 8.036081877524837580e+01 2.184240150520096006e-03
-3.242023277541846493e+00 -9.489409612119302784e-01 1.637836443909910511e-01 6.788911405529405840e+01 1.241471441705995632e-03
-3.460761358429757184e+00 -9.098513922445258251e-01 1.650793346129171002e-01 6.533008181662044933e+01 1.049328184614039964e-03
-3.496935169170184654e+00 -8.089986018193330297e-01 1.856957873199019116e-01 6.168607601015806807e+01 1.143241646677123011e-03
-3.574597817076796691e+00 -7.617107842659954775e-01 1.928307015696361926e-01 6.970013364170941372e+01 1.627371265166042405e-03
-3.574597817076796691e+00 -7.617107842659954775e-01 1.928307015696361926e-01 6.970013364170941372e+01 1.627371265166042405e-03
-3.574597817076796691e+00 -7.617107842659954775e-01 1.928307015696361926e-01 6.970013364170941372e+01 1.627371265166042405e-03
-3.818615620730490434e+00 -6.344272059731312918e-01 1.839401510347737911e-01 7.118861921109562729e+01 1.307392926220444195e-03
-3.746518019066480409e+00 -5.302408846536873499e-01 1.773550590456751119e-01 7.793823408769567607e+01 1.230188503527475039e-03
-3.746518019066480409e+00 -5.302408846536873499e-01 1.773550590456751119e-01 7.793823408769567607e+01 1.230188503527475039e-03
-3.746518019066480409e+00 -5.302408846536873499e-01 1.773550590456751119e-01 7.793823408769567607e+01 1.230188503527475039e-03
-3.708224089157088788e+00 -4.951506661702562151e-01 1.707602871278330325e-01 6.893645251337071045e+01 1.093479104018227474e-03
-3.708224089157088788e+00 -4.951506661702562151e-01 1.707602871278330325e-01 6.893645251337071045e+01 1.093479104018227474e-03
-3.810462262178683002e+00 -5.079105595741152390e-01 1.595620841191812134e-01 7.300139094930958095e+01 9.573731055139748057e-04
-3.356531505179290775e+00 -5.648660479903111487e-01 1.578439121576672710e-01 8.022641789581140870e+01 9.437746171582818162e-04
-3.362768201010482461e+00 -5.084373627560834219e-01 1.499877193091656014e-01 7.947754798306075941e+01 1.102349990944763609e-03
-3.319531254625958550e+00 -6.594028795994528735e-01 1.495759565699430749e-01 8.625357991285194714e+01 1.479187031097300596e-03
-3.484935123184197181e+00 -6.519324498986652783e-01 1.357438992534222011e-01 8.495139497356453262e+01 1.175901658552547160e-03
-3.376134115308050632e+00 -5.782792531478638809e-01 1.367048114361494315e-01 8.087122706081206047e+01 1.009299615746357291e-03
-3.274629689269278554e+00 -6.125127174983044931e-01 1.295308591953969746e-01 8.884920732655496067e+01 1.062686409179716771e-03
-3.094701669402443844e+00 -5.569185046973870179e-01 1.330543263716170432e-01 8.159797556336658886e+01 1.121897797509403740e-03
-3.805209690578251092e+00 -5.494605399862571016e-01 1.191562027867149043e-01 8.716035400488053142e+01 1.350294346206031004e-03
-4.074404887661853714e+00 -5.390046782804981396e-01 1.208092818750051423e-01 8.580602296253917416e+01 1.282075715519320151e-03
-4.074404887661853714e+00 -5.390046782804981396e-01 1.208092818750051423e-01 8.580602296253917416e+01 1.282075715519320151e-03
-4.156439183281852578e+00 -6.026183097831945279e-01 1.109815394368104807e-01 7.963495045135780970e+01 1.104421327674272660e-03
-3.892282138530459346e+00 -6.028879312709403138e-01 1.265584332900479003e-01 8.485669239109920170e+01 1.285552638783189674e-03
-3.892282138530459346e+00 -6.028879312709403138e-01 1.265584332900479003e-01 8.485669239109920170e+01 1.285552638783189674e-03
-3.797426219735343889e+00 -5.452732688515294912e-01 1.303804321114137577e-01 7.978065398372409334e+01 1.133609491959461282e-03
-3.503463583837147954e+00 -5.044074080535428939e-01 1.305270072993265085e-01 7.658309051294907022e+01 1.810200868840437837e-03
-3.833296652001046301e+00 -5.160927260014702700e-01 1.374579223170114273e-01 7.847079158322689807e+01 1.106703836638160340e-03
-4.072998183907165171e+00 -4.207198012512135543e-01 1.406689320775053598e-01 8.226742654065884608e+01 1.230056497450556646e-03
-3.561307225490347506e+00 -5.464396114646061786e-01 1.248932543302352927e-01 8.162367304557768932e+01 1.332002788482062727e-03
-3.651735215708701965e+00 -6.252016116177582239e-01 1.180968120335612465e-01 7.465664206914473766e+01 1.583814968788004257e-03
-3.298878930252407748e+00 -6.974300032902368551e-01 1.353335510306997169e-01 7.046667692462217758e+01 1.203229617155215925e-03
-3.285934941718983815e+00 -7.098824622484555258e-01 1.357150859493038986e-01 7.768922735251098288e+01 8.686309019062303733e-04
-3.285934941718983815e+00 -7.098824622484555258e-01 1.357150859493038986e-01 7.768922735251098288e+01 8.686309019062303733e-04
-3.285934941718983815e+00 -7.098824622484555258e-01 1.357150859493038986e-01 7.768922735251098288e+01 8.686309019062303733e-04
-3.285934941718983815e+00 -7.098824622484555258e-01 1.357150859493038986e-01 7.768922735251098288e+01 8.686309019062303733e-04
-3.285934941718983815e+00 -7.098824622484555258e-01 1.357150859493038986e-01 7.768922735251098288e+01 8.686309019062303733e-04
-3.100912770957471309e+00 -7.815525047844954498e-01 1.340991651743285440e-01 7.610396114167845383e+01 1.007281388823947493e-03
-3.100912770957471309e+00 -7.815525047844954498e-01 1.340991651743285440e-01 7.610396114167845383e+01 1.007281388823947493e-03
-3.031032430663854083e+00 -7.337596671665186365e-01 1.277876971674719586e-01 7.302875704557825998e+01 1.050163653579864066e-03
-3.061462775517506341e+00 -7.780406741690303329e-01 1.201971008322487988e-01 7.205403208195356513e+01 1.129430365362448473e-03
-3.577927921867401828e+00 -8.778433107272943792e-01 1.216094836323292766e-01 7.483100000576632738e+01 8.786750979414086581e-04
-3.348695290273579150e+00 -8.797898476445651372e-01 1.307501159746573549e-01 6.874580119352667396e+01 9.725728243133517333e-04
-3.348695290273579150e+00 -8.797898476445651372e-01 1.307501159746573549e-01 6.874580119352667396e+01 9.725728243133517333e-04
-3.888161964994907294e+00 -8.980688403764485184e-01 1.168786838512752280e-01 7.460437325816656084e+01 8.938548215463059440e-04
-3.384219634371625762e+00 -9.030744559615262457e-01 1.110703252203646962e-01 8.028072042032360400e+01 9.631988063033458843e-04
-3.617569320595309001e+00 -8.279453581965604547e-01 1.253251275793792474e-01 8.328038630869328074e+01 1.310163789319045060e-03
-4.113336566006950079e+00 -7.993876890290921855e-01 1.335720210775650785e-01 8.077822659781341486e+01 1.597284201060868505e-03
-4.459302269165129395e+00 -8.070195989035439110e-01 1.309818615987985158e-01 6.973981404618248803e+01 9.363491272352156931e-04
-4.236278305947927869e+00 -7.826168214906952247e-01 1.424092699404878593e-01 7.148893698337431601e+01 1.081971301067490314e-03
-4.227328185031383967e+00 -7.978067689896986003e-01 1.430128826325370583e-01 7.299116545573686210e+01 1.208931921960016906e-03
-4.227328185031383967e+00 -7.978067689896986003e-01 1.430128826325370583e-01 7.299116545573686210e+01 1.208931921960016906e-03
-4.227328185031383967e+00 -7.978067689896986003e-01 1.430128826325370583e-01 7.299116545573686210e+01 1.208931921960016906e-03
-4.309242648767042105e+00 -8.731821085106125091e-01 1.467981981017562054e-01 6.114379615663197853e+01 1.120596144978925745e-03
-4.376062765010918731e+00 -8.954249451778114599e-01 1.360006871245878213e-01 6.258431691985867218e+01 1.092059239694609689e-03
-3.972963453973039183e+00 -9.113180552846428251e-01 1.428700751806431801e-01 7.669043321254157775e+01 1.561251178373295996e-03
-3.972963453973039183e+00 -9.113180552846428251e-01 1.428700751806431801e-01 7.669043321254157775e+01 1.561251178373295996e-03
-3.458494683626130772e+00 -9.172870032529109041e-01 1.546408809559651210e-01 7.176262890514497883e+01 1.177328333987840911e-03
-3.864252970659345365e+00 -8.094632554893442800e-01 1.486231366491003181e-01 7.459832907403036018e+01 1.253163364147051768e-03
-4.006092963357112069e+00 -8.968892433234447736e-01 1.394215082107136683e-01 7.760371979108047924e+01 1.535429152948042299e-03
-4.364725313933063511e+00 -9.413295151389328153e-01 1.463174269228641744e-01 6.819253674758191153e+01 1.188880481074535258e-03
-4.364725313933063511e+00 -9.413295151389328153e-01 1.463174269228641744e-01 6.819253674758191153e+01 1.188880481074535258e-03
-4.736609590631153388e+00 -8.697429947834989239e-01 1.461739993162470830e-01 6.604349286321742341e+01 1.197280989385464400e-03
-4.670231083137673878e+00 -8.803632427524096249e-01 1.304485774654639829e-01 6.857038282822044550e+01 9.555656795175722189e-04
-4.020965538884640367e+00 -8.658715687096114610e-01 1.334697783918194769e-01 6.059907093865172101e+01 1.396611720104723540e-03
-4.485277937423363781e+00 -7.831779134305338896e-01 1.220943901175143287e-01 6.877940391432538547e+01 9.552128163946725561e-04
-3.767550060518429333e+00 -7.388391346487682698e-01 1.295115218332630602e-01 7.285948075464112605e+01 9.071864072406879333e-04
-3.767550060518429333e+00 -7.388391346487682698e-01 1.295115218332630602e-01 7.285948075464112605e+01 9.071864072406879333e-04
-3.767550060518429333e+00 -7.388391346487682698e-01 1.295115218332630602e-01 7.285948075464112605e+01 9.071864072406879333e-04
-3.902796207228463210e+00 -8.930871762122843949e-01 1.270598860129417973e-01 6.656491553129197314e+01 1.005397661773071993e-03
-3.988718955953041601e+00 -8.740972591791690283e-01 1.331039946319531597e-01 7.490440543366956661e+01 1.052198859439338555e-03
-3.996238959601164709e+00 -8.642454750721667578e-01 1.205747475000669144e-01 7.757861316579408140e+01 9.874253290446971965e-04
-4.107477681589347895e+00 -9.862731687804098257e-01 1.197479502347009589e-01 7.270091976746446960e+01 8.625761486420354101e-04
-4.107477681589347895e+00 -9.862731687804098257e-01 1.197479502347009589e-01 7.270091976746446960e+01 8.625761486420354101e-04
-4.107477681589347895e+00 -9.862731687804098257e-01 1.197479502347009589e-01 7.270091976746446960e+01 8.625761486420354101e-04
-4.510952261510871253e+00 -9.146099005765772061e-01 1.175127526940116240e-01 7.056916022687892109e+01 8.773073277438675488e-04
-3.912848146348225864e+00 -9.177605882771397994e-01 1.279138922660972566e-01 7.319978875001956453e+01 8.946271786290102904e-04
-4.015678313605740790e+00 -9.670225455874481568e-01 1.172983198435800373e-01 7.361809055043383410e+01 8.672328229123899305e-04
-3.635107646846168272e+00 -9.140007558541639598e-01 1.388382857982461971e-01 7.095005810876975261e+01 8.717902367508440810e-04
-3.448752194093314571e+00 -8.227283047786636550e-01 1.368955661555023295e-01 7.945243622714667708e+01 1.155582987416024863e-03
-3.463804854906299635e+00 -7.577125157059754201e-01 1.239163907360048000e-01 7.893906757929433127e+01 9.171064339110470646e-04
-3.463804854906299635e+00 -7.577125157059754201e-01 1.239163907360048000e-01 7.893906757929433127e+01 9.171064339110470646e-04
-3.305738863981596776e+00 -9.001525200356979006e-01 1.345595514107773838e-01 7.768577529289814265e+01 1.044909716528256115e-03
-3.386533251498568653e+00 -9.312699807574420507e-01 1.291665377807325599e-01 6.874612530574312075e+01 9.261713011816152851e-04
-3.629306826976706368e+00 -8.658417611470083930e-01 1.247890900347949639e-01 6.622013643619391132e+01 1.255892000450415519e-03
-3.621018466888327403e+00 -9.747526290290163820e-01 1.304643603472942781e-01 6.730343023964559279e+01 9.063699292286577468e-04
-3.434540046903850730e+00 -9.579885560390980492e-01 1.241754264528523999e-01 7.077504672075514236e+01 8.815788884604738602e-04
-3.434540046903850730e+00 -9.579885560390980492e-01 1.241754264528523999e-01 7.077504672075514236e+01 8.815788884604738602e-04
-3.434540046903850730e+00 -9.579885560390980492e-01 1.241754264528523999e-01 7.077504672075514236e+01 8.815788884604738602e-04
-3.691570197502708872e+00 -9.140843597092669359e-01 1.240971544767459633e-01 6.883328534363205620e+01 9.669890464319864237e-04
-4.041948895109423567e+00 -9.115616820182578239e-01 1.362463559068656516e-01 7.322385050394670714e+01 1.070679294671578533e-03
-4.041948895109423567e+00 -9.115616820182578239e-01 1.362463559068656516e-01 7.322385050394670714e+01 1.070679294671578533e-03
-4.608572454718172118e+00 -9.205942031203251386e-01 1.284388832352629517e-01 6.875044890403765407e+01 9.286038853958866659e-04
-4.375837805232975164e+00 -9.100855269488453692e-01 1.339143288884511174e-01 6.485077873679749416e+01 9.837500537915116420e-04
-4.375837805232975164e+00 -9.100855269488453692e-01 1.339143288884511174e-01 6.485077873679749416e+01 9.837500537915116420e-04
-4.269592213876121534e+00 -9.265302423618195782e-01 1.339377164076562821e-01 7.381408980936453190e+01 1.170453407922120896e-03
-4.269592213876121534e+00 -9.265302423618195782e-01 1.339377164076562821e-01 7.381408980936453190e+01 1.170453407922120896e-03
-3.807772102498097055e+00 -9.296489890796789668e-01 1.374128385893137738e-01 7.902822426676813450e+01 1.557691340360513798e-03
