-3.919029424311696541e+00 -7.353075584730617287e-01 1.297753140968791463e-01 7.228455765547626299e+01 8.929771400462119171e-04
-4.073833077233260269e+00 -6.210025528565999986e-01 1.297749554916809989e-01 6.761175659510428204e+01 1.271760529836822671e-03
-4.101056949057495515e+00 -6.313712776773441337e-01 1.429783028655622346e-01 6.680974147154961429e+01 1.009610301297851663e-03
-4.290898893375412193e+00 -6.240806238415317342e-01 1.301257407819859657e-01 7.192246046808337212e+01 9.395137132139875450e-04
-4.769634268704328051e+00 -5.443747829568955643e-01 1.292782574122951500e-01 6.653711765370759679e+01 1.221463239244620965e-03
-4.994192634825595611e+00 -5.547809083966545041e-01 1.064860968453385515e-01 6.686194385973054466e+01 1.708781628249040827e-03
-4.994192634825595611e+00 -5.547809083966545041e-01 1.064860968453385515e-01 6.686194385973054466e+01 1.708781628249040827e-03
-4.750225789267179088e+00 -5.390775967412289038e-01 1.013786542950945169e-01 7.467819611847311023e+01 1.264423109817811725e-03
-4.986436349223135167e+00 -5.085486791408496687e-01 1.042495455054458231e-01 7.812086425330612371e+01 9.135223233016505871e-04
-4.899029640465135671e+00 -5.248016230377828828e-01 1.040304048314407148e-01 6.867028584687621162e+01 1.748190233652749869e-03
-4.681617910603139698e+00 -5.732253200598267373e-01 1.017109713436288865e-01 7.340051272867687260e+01 1.351401134404607140e-03
-4.681617910603139698e+00 -5.732253200598267373e-01 1.017109713436288865e-01 7.340051272867687260e+01 1.351401134404607140e-03
-4.681617910603139698e+00 -5.732253200598267373e-01 1.017109713436288865e-01 7.340051272867687260e+01 1.351401134404607140e-03
-4.251510119264874987e+00 -6.191923760007951305e-01 1.067094923556934083e-01 7.414009002792249703e+01 1.384680162279810795e-03
-4.081413762807857282e+00 -5.878865332711937786e-01 9.995183497144996543e-02 7.720779818479213930e+01 1.861055989979558747e-03
-4.223816740975424366e+00 -5.614889793363574411e-01 1.053508153200329450e-01 8.181447526147491089e+01 1.219612084641446756e-03
-4.223816740975424366e+00 -5.614889793363574411e-01 1.053508153200329450e-01 8.181447526147491089e+01 1.219612084641446756e-03
-4.351224608113605896e+00 -6.316751431221807600e-01 9.530240423022881546e-02 8.404893895767560252e+01 1.178820961368376094e-03
-4.351224608113605896e+00 -6.316751431221807600e-01 9.530240423022881546e-02 8.404893895767560252e+01 1.178820961368376094e-03
-4.425349376145377711e+00 -5.695675806857023460e-01 1.005491037845606950e-01 7.953228400411806831e+01 1.189903441677489472e-03
-4.817403269359809670e+00 -6.143905496040756864e-01 1.362900534935189423e-01 7.825953962090953553e+01 1.626140802849021082e-03
-4.794124863561235905e+00 -6.361385553332573606e-01 1.261023891963392041e-01 7.722937727941287278e+01 1.165119523779776546e-03
-4.794124863561235905e+00 -6.361385553332573606e-01 1.261023891963392041e-01 7.722937727941287278e+01 1.165119523779776546e-03
-4.794124863561235905e+00 -6.361385553332573606e-01 1.261023891963392041e-01 7.722937727941287278e+01 1.165119523779776546e-03
-4.963954145079343405e+00 -6.865306810694316031e-01 1.229502317520545090e-01 7.500851262958688892e+01 1.024513715241160468e-03
-4.861995150254450948e+00 -6.857119601728951519e-01 1.191138022653180917e-01 6.481345831147548608e+01 1.309236806060067732e-03
-4.861995150254450948e+00 -6.857119601728951519e-01 1.191138022653180917e-01 6.481345831147548608e+01 1.309236806060067732e-03
-4.145711004623911400e+00 -7.227827465492148162e-01 1.193081834586006001e-01 6.987585668424333107e+01 1.104145534592521245e-03
-4.145711004623911400e+00 -7.227827465492148162e-01 1.193081834586006001e-01 6.987585668424333107e+01 1.104145534592521245e-03
-3.939258692238692294e+00 -7.240011110013477857e-01 1.282094836187439857e-01 7.269589109920245562e+01 9.052213523576540122e-04
-3.329536374159048684e+00 -6.938360959081937285e-01 1.463431585642366861e-01 7.107841214905286620e+01 9.453480182869366784e-04
-3.412397977312780828e+00 -6.653711956582168963e-01 1.451183050555696352e-01 7.352726546476881708e+01 8.821434008136626965e-04
-3.412397977312780828e+00 -6.653711956582168963e-01 1.451183050555696352e-01 7.352726546476881708e+01 8.821434008136626965e-04
-3.105301663824400205e+00 -6.936271426136478846e-01 1.308704886108065790e-01 7.712134089999467790e+01 9.918176278792627774e-04
-3.117806453035017356e+00 -8.341256432214906313e-01 1.381898611505293639e-01 7.816401280111750793e+01 1.205796694102682746e-03
-3.117515440356613876e+00 -9.179792803162157844e-01 1.424370139729253248e-01 7.280713932662554555e+01 1.125489976256614311e-03
-3.186612538146265550e+00 -9.686432635322762552e-01 1.407001457581917025e-01 6.948208202269769629e+01 9.546386535380876372e-04
-3.274173245126267506e+00 -9.720378257902093644e-01 1.470403281045242483e-01 7.173624780240118071e+01 1.062692899294351290e-03
-3.554544413726055119e+00 -9.327695538367335448e-01 1.493151454017928870e-01 6.260523726915955933e+01 1.000606462720871623e-03
-4.033750147494407301e+00 -9.937978892090267857e-01 1.454675005278843192e-01 6.530130245525040777e+01 9.631619869154080422e-04
-3.940462459389179273e+00 -8.827787547541238178e-01 1.394950003166021690e-01 6.381203279526803840e+01 9.820505979019331956e-04
-3.729110888837025239e+00 -9.255532344676584700e-01 1.590525848236388762e-01 6.304476599243199075e+01 9.718633387355718207e-04
-3.646111329398750378e+00 -8.795982168580904759e-01 1.574486181038357024e-01 6.471667636172476534e+01 9.198904525671471998e-04
-3.660692193778731784e+00 -7.809976697671847656e-01 1.557729251427595329e-01 6.277408409035540160e+01 9.932768986517907534e-04
-3.187384757375815614e+00 -7.583781319027829149e-01 1.587456163998389735e-01 7.259899902651110892e+01 1.140134009043943658e-03
-3.057823143375726360e+00 -7.750599342712015671e-01 1.559689301647998183e-01 6.527986124179162175e+01 1.409949560890454492e-03
-3.057823143375726360e+00 -7.750599342712015671e-01 1.559689301647998183e-01 6.527986124179162175e+01 1.409949560890454492e-03
-3.314334550481400132e+00 -8.716666384677054236e-01 1.617183969548080524e-01 7.451763769023790474e+01 1.465229105081945933e-03
-3.538486642712155739e+00 -7.713401990495825089e-01 1.653800492415282986e-01 6.569764325087852797e+01 9.224472210082909455e-04
-3.226005524056394069e+00 -7.898215835444565291e-01 1.714856286446345135e-01 7.007648856468591703e+01 1.273071183171313805e-03
-3.251084886439369992e+00 -8.097670340552098889e-01 1.770998649970446093e-01 6.285819447877756971e+01 1.235727885526574643e-03
-3.330742875673708525e+00 -8.784195863656847347e-01 1.606590847498426122e-01 7.170333849350083710e+01 1.212099800287731385e-03
-3.330742875673708525e+00 -8.784195863656847347e-01 1.606590847498426122e-01 7.170333849350083710e+01 1.212099800287731385e-03
-3.330742875673708525e+00 -8.784195863656847347e-01 1.606590847498426122e-01 7.170333849350083710e+01 1.212099800287731385e-03
-3.309488321431952595e+00 -8.499922514583131417e-01 1.647022258267920591e-01 7.087936605566981996e+01 1.197838983067561281e-03
-3.309488321431952595e+00 -8.499922514583131417e-01 1.647022258267920591e-01 7.087936605566981996e+01 1.197838983067561281e-03
-3.056682725365646114e+00 -8.729660558121351555e-01 1.565884929554227367e-01 6.923583273559003715e+01 1.440526692747415988e-03
-3.090663355253317590e+00 -9.650221579181068599e-01 1.478161151772200421e-01 7.588908978037565589e+01 1.663880869069474331e-03
-3.125524134246639552e+00 -9.755048917899047378e-01 1.359016151123477734e-01 8.617340390358415902e+01 2.350778556136947674e-03
-3.473044353747855695e+00 -8.966290481963459236e-01 1.457713376086716972e-01 7.577725844688904999e+01 1.230816324225112498e-03
-3.116997102463888503e+00 -9.318314222254756585e-01 1.620246232439318534e-01 7.260039567572482611e+01 1.755457333602898976e-03
-3.502615109515151204e+00 -9.819007284574976513e-01 1.654927934188112904e-01 6.484762623286178496e+01 1.134107728702120213e-03
-3.502615109515151204e+00 -9.819007284574976513e-01 1.654927934188112904e-01 6.484762623286178496e+01 1.134107728702120213e-03
-3.648772076930243191e+00 -9.184617728510996448e-01 1.556460637189278351e-01 7.274566199846255188e+01 1.345233102315145004e-03
-3.539611294818569398e+00 -7.323500538846926533e-01 1.632870267446163426e-01 6.940540170837286382e+01 9.039970837566592941e-04
-3.539611294818569398e+00 -7.323500538846926533e-01 1.632870267446163426e-01 6.940540170837286382e+01 9.039970837566592941e-04
-3.539611294818569398e+00 -7.323500538846926533e-01 1.632870267446163426e-01 6.940540170837286382e+01 9.039970837566592941e-04
-3.539611294818569398e+00 -7.323500538846926533e-01 1.632870267446163426e-01 6.940540170837286382e+01 9.039970837566592941e-04
-3.539611294818569398e+00 -7.323500538846926533e-01 1.632870267446163426e-01 6.940540170837286382e+01 9.039970837566592941e-04
-3.583490568370323981e+00 -7.134664035782866121e-01 1.706350268187095953e-01 6.845072399242208405e+01 9.281680326948279049e-04
-3.300525675672915327e+00 -7.217640754986659468e-01 1.548282925254042541e-01 6.645007566423790024e+01 1.088979404647711724e-03
-3.726024098250117600e+00 -8.203332452181266721e-01 1.617276777968161550e-01 6.027304161982195296e+01 1.044475658051039445e-03
-3.726024098250117600e+00 -8.203332452181266721e-01 1.617276777968161550e-01 6.027304161982195296e+01 1.044475658051039445e-03
-3.726024098250117600e+00 -8.203332452181266721e-01 1.617276777968161550e-01 6.027304161982195296e+01 1.044475658051039445e-03
-4.075804979106020021e+00 -7.194513737105959761e-01 1.537056003161358098e-01 6.906331248193052375e+01 1.008054868205098507e-03
-4.075804979106020021e+00 -7.194513737105959761e-01 1.537056003161358098e-01 6.906331248193052375e+01 1.008054868205098507e-03
-3.916932773342672647e+00 -8.214884439327305721e-01 1.587487495267719262e-01 6.750707683253578750e+01 1.051773979877321848e-03
-4.041726467758613772e+00 -8.700192656128801216e-01 1.547645402625125455e-01 6.449522655292076934e+01 1.008243894210985887e-03
-4.050413235594646721e+00 -7.093265391963461397e-01 1.598017093459030424e-01 7.377571313714287271e+01 1.442098200139885298e-03
-3.088072592673560823e+00 -6.142894855211882277e-01 1.670042082528548355e-01 7.895321884538329016e+01 1.824949959664295268e-03
-3.385882679818982499e+00 -6.963268429997828690e-01 1.758383227040204444e-01 8.679188069338337641e+01 2.834485275806546307e-03
-3.395395612081606451e+00 -7.365598917261928502e-01 1.682380383346825936e-01 8.719900706676206426e+01 2.889450818178544017e-03
-3.886818494611675945e+00 -6.785678220138833261e-01 1.694124345767444861e-01 8.640300869109010762e+01 3.293403249468529470e-03
-4.139778482954782568e+00 -7.132876144799126239e-01 1.702726311599077613e-01 8.402363099574347416e+01 3.614405526937839504e-03
-4.139778482954782568e+00 -7.132876144799126239e-01 1.702726311599077613e-01 8.402363099574347416e+01 3.614405526937839504e-03
-4.859374919176479679e+00 -7.283154096913880826e-01 1.909193652767860461e-01 7.857453380373640073e+01 4.838061250839340022e-03
-4.159809664345990754e+00 -8.261762842765835169e-01 1.866577692061940907e-01 7.297723661919383176e+01 2.956549915499646734e-03
-4.397896184984490198e+00 -8.127191156580891862e-01 1.833293347822581576e-01 7.809176219830754917e+01 4.005296158137707993e-03
-3.994730925250647768e+00 -9.564067661936538345e-01 1.699883424049896119e-01 8.503807929744544936e+01 4.428092298559158091e-03
-3.664078114109566187e+00 -8.695450811455462947e-01 1.499370653661032393e-01 7.986200209673887684e+01 1.874572801193262472e-03
-3.820101061168755585e+00 -9.014822773330668504e-01 1.420417260209720089e-01 8.162451169871094692e+01 2.041509340900449308e-03
-3.605247848696305990e+00 -8.162082772333879577e-01 1.215430196587359291e-01 7.550174151252318211e+01 9.164175709792485736e-04
-3.626645900302265524e+00 -7.916837373192224803e-01 1.429104649762317769e-01 7.637694708815357103e+01 1.058847136937348960e-03
-4.090701084232748030e+00 -6.777222445593200639e-01 1.459598860934491205e-01 7.159203239739287028e+01 9.616413568156220292e-04
-4.090701084232748030e+00 -6.777222445593200639e-01 1.459598860934491205e-01 7.159203239739287028e+01 9.616413568156220292e-04
-4.090701084232748030e+00 -6.777222445593200639e-01 1.459598860934491205e-01 7.159203239739287028e+01 9.616413568156220292e-04
-3.653969336913040600e+00 -8.157311156078146386e-01 1.335358781492329561e-01 7.685926475154919046e+01 9.871169809461187265e-04
-3.653969336913040600e+00 -8.157311156078146386e-01 1.335358781492329561e-01 7.685926475154919046e+01 9.871169809461187265e-04
-3.418564747995144870e+00 -8.102176586736939967e-01 1.343158283455484214e-01 6.476159143964470388e+01 1.319227215665856340e-03
-3.546198218744887054e+00 -9.060181192663437910e-01 1.353742612714692872e-01 6.979388731420840486e+01 8.437803914813574516e-04
-3.546198218744887054e+00 -9.060181192663437910e-01 1.353742612714692872e-01 6.979388731420840486e+01 8.437803914813574516e-04
-3.546198218744887054e+00 -9.060181192663437910e-01 1.353742612714692872e-01 6.979388731420840486e+01 8.437803914813574516e-04
-3.546198218744887054e+00 -9.060181192663437910e-01 1.353742612714692872e-01 6.979388731420840486e+01 8.437803914813574516e-04
-3.870637917642460568e+00 -8.295816783934000238e-01 1.391808453668594014e-01 7.086953280438572733e+01 8.849373583433917719e-04
-3.870637917642460568e+00 -8.295816783934000238e-01 1.391808453668594014e-01 7.086953280438572733e+01 8.849373583433917719e-04
-4.199375858941253092e+00 -6.998366418634320851e-01 1.277734142487096103e-01 6.958349490563340112e+01 9.622137473702986350e-04
-4.440162101813521112e+00 -7.128467107224260024e-01 1.133584846539206076e-01 7.234198308669665778e+01 9.820152179194291744e-04
-4.440162101813521112e+00 -7.128467107224260024e-01 1.133584846539206076e-01 7.234198308669665778e+01 9.820152179194291744e-04
-4.440162101813521112e+00 -7.128467107224260024e-01 1.133584846539206076e-01 7.234198308669665778e+01 9.820152179194291744e-04
-4.612096962908214692e+00 -6.827604425053754866e-01 1.052268738107652313e-01 8.211912793903769625e+01 9.743422459923785969e-04
-4.612096962908214692e+00 -6.827604425053754866e-01 1.052268738107652313e-01 8.211912793903769625e+01 9.743422459923785969e-04
-4.715433378325299074e+00 -7.037222675246491699e-01 1.149310735164831981e-01 7.366314990933459228e+01 8.803885070177675746e-04
-4.770042311555638292e+00 -6.332630015517857203e-01 1.284894949850339529e-01 6.367391624828474761e+01 1.329349119277485960e-03
-4.907283998573806372e+00 -6.469522992652511073e-01 1.395227504759108395e-01 6.565722316193688357e+01 1.118307170759816685e-03
-4.559557091451772237e+00 -6.327526077592006137e-01 1.655955490576788425e-01 6.311002746476118119e+01 1.413693579631608490e-03
-4.722033189367505379e+00 -6.220603773002985060e-01 1.458959517840811848e-01 7.101732912226296435e+01 1.316925061421366731e-03
-4.722033189367505379e+00 -6.220603773002985060e-01 1.458959517840811848e-01 7.101732912226296435e+01 1.316925061421366731e-03
-4.251097776567567266e+00 -6.716213486948295897e-01 1.492011917765713180e-01 7.412785178840113076e+01 1.302645815949075511e-03
-4.251097776567567266e+00 -6.716213486948295897e-01 1.492011917765713180e-01 7.412785178840113076e+01 1.302645815949075511e-03
-3.917529794156548562e+00 -6.923477006019672642e-01 1.627982920273984002e-01 7.631731608939051625e+01 1.595706510298432537e-03
-3.611083072342005984e+00 -7.605422476181954439e-01 1.538295040393115876e-01 7.659237028640258416e+01 1.235167963023129679e-03
-3.319476629571139981e+00 -7.557210787296800847e-01 1.434460883399522046e-01 7.558323706467001557e+01 8.909444307940771277e-04
-3.691507342357213783e+00 -8.006697284541105519e-01 1.256125066532070012e-01 6.750672591883294160e+01 1.208596213215259400e-03
-3.358924892539565832e+00 -7.161084837829355676e-01 1.285456141775473682e-01 6.800729202165203446e+01 1.557303752291376662e-03
-3.375996545390240300e+00 -7.734729126434255475e-01 1.141987400185558721e-01 7.737573503291052646e+01 1.072677320139417108e-03
-3.286045121107953992e+00 -8.678482739529641554e-01 1.134428137182451890e-01 6.890598882719888252e+01 1.593155198321662223e-03
-3.490603994342615479e+00 -8.061215786208520973e-01 1.116617508286377874e-01 6.629909241695540345e+01 2.189278527151880104e-03
-3.361117073739555927e+00 -8.810680925727427670e-01 1.173776595269450940e-01 7.181842985294457549e+01 1.077204824334224154e-03
-3.131439616440491847e+00 -9.024782635320207635e-01 1.342071822764968891e-01 6.749709068465435280e+01 1.085255057849577372e-03
-3.413343289343904630e+00 -8.731529877348059854e-01 1.283725686146577338e-01 6.927026610049892952e+01 9.667925582310639768e-04
-3.310925648498983520e+00 -8.668130388753541027e-01 1.317281222311113553e-01 7.458281123903955745e+01 8.531353977807567754e-04
-3.615148237972404477e+00 -9.032849113882065462e-01 1.483214629331846557e-01 6.887459526022192335e+01 9.055548416060167942e-04
-3.615148237972404477e+00 -9.032849113882065462e-01 1.483214629331846557e-01 6.887459526022192335e+01 9.055548416060167942e-04
-3.726070896694610557e+00 -9.107973360676484553e-01 1.299249434450926999e-01 6.912000281744572305e+01 8.686488850371568106e-04
-3.999313424170504394e+00 -8.305406772528916015e-01 1.416570371096639025e-01 6.896133855759632070e+01 8.973243012133069177e-04
-3.999313424170504394e+00 -8.305406772528916015e-01 1.416570371096639025e-01 6.896133855759632070e+01 8.973243012133069177e-04
-3.634097147046778442e+00 -7.312284461635282229e-01 1.391630786040399248e-01 6.729181418716743224e+01 1.058669299896897176e-03
-3.532215113967075215e+00 -6.885138340274301605e-01 1.642525116373759198e-01 6.866146224371495066e+01 8.690413258717579392e-04
-3.301026981621862699e+00 -6.521487366959901610e-01 1.684754625158804142e-01 6.791301543661910500e+01 1.040366378942373174e-03
-3.139744995276524175e+00 -5.270791412781022922e-01 1.700837672973851411e-01 7.638790086880253227e+01 1.415861638880216988e-03
-3.098696532104137535e+00 -4.683167808954299405e-01 1.648769697295176528e-01 8.424676042104697160e+01 1.615101401634936110e-03
-3.166877412370212586e+00 -5.600412427072006816e-01 1.795338065982461928e-01 8.418684230283675163e+01 1.852999780084420376e-03
-3.430397542059528959e+00 -5.791496993635342205e-01 1.765716663066886627e-01 8.164719420988272702e+01 1.419836884753977822e-03
-3.481711775767485584e+00 -5.071680693359911229e-01 1.556964356614511658e-01 7.795848119693954459e+01 9.873093182183895894e-04
-3.433695610218011840e+00 -5.120252371217886012e-01 1.642048414817352808e-01 8.531517507155943747e+01 1.177333832265706681e-03
-3.433695610218011840e+00 -5.120252371217886012e-01 1.642048414817352808e-01 8.531517507155943747e+01 1.177333832265706681e-03
-3.433695610218011840e+00 -5.120252371217886012e-01 1.642048414817352808e-01 8.531517507155943747e+01 1.177333832265706681e-03
-3.349803643603707748e+00 -5.059552764330665919e-01 1.649817898436320984e-01 8.954032511035848074e+01 1.361475703109015032e-03
-3.793763068900947388e+00 -4.681627974708436613e-01 1.680592557221697314e-01 7.571436869713021167e+01 9.799438777986996599e-04
-3.957016812241344716e+00 -4.621699218908855711e-01 1.632221211552474516e-01 7.730392201609967628e+01 1.053236038889999657e-03
-3.957016812241344716e+00 -4.621699218908855711e-01 1.632221211552474516e-01 7.730392201609967628e+01 1.053236038889999657e-03
-4.058978106817908937e+00 -3.672719703681503467e-01 1.876593949570376507e-01 7.313428712536251908e+01 1.087447883449480304e-03
-4.058978106817908937e+00 -3.672719703681503467e-01 1.876593949570376507e-01 7.313428712536251908e+01 1.087447883449480304e-03
-4.058978106817908937e+00 -3.672719703681503467e-01 1.876593949570376507e-01 7.313428712536251908e+01 1.087447883449480304e-03
-4.058978106817908937e+00 -3.672719703681503467e-01 1.876593949570376507e-01 7.313428712536251908e+01 1.087447883449480304e-03
-4.058978106817908937e+00 -3.672719703681503467e-01 1.876593949570376507e-01 7.313428712536251908e+01 1.087447883449480304e-03
-4.079181148016449043e+00 -3.617646380990597321e-01 1.757079287776085186e-01 7.176334618544498767e+01 1.234544219385279654e-03
-4.079181148016449043e+00 -3.617646380990597321e-01 1.757079287776085186e-01 7.176334618544498767e+01 1.234544219385279654e-03
-4.313103435954195319e+00 -3.852237541720275327e-01 1.830915291578809057e-01 6.824553426150721691e+01 1.303583872402787466e-03
-4.190595837379751387e+00 -4.043130943979222902e-01 1.761096638146822380e-01 6.318714971383104029e+01 1.467038700857906152e-03
-4.752552272784105192e+00 -4.474574435048744858e-01 1.722779866358987444e-01 6.246822055842073240e+01 1.714252241108474642e-03
-4.977047317344257316e+00 -4.847892654682620650e-01 1.763987656943726279e-01 6.250395473851840222e+01 1.878029157476330396e-03
-4.528709342495480072e+00 -4.655706846439650048e-01 1.815902544084606607e-01 6.103026127606428730e+01 1.665758135779299084e-03
-4.070752083880374350e+00 -4.665112951704420419e-01 1.898479224323877390e-01 7.141312104777557579e+01 1.181372356798102543e-03
-4.070752083880374350e+00 -4.665112951704420419e-01 1.898479224323877390e-01 7.141312104777557579e+01 1.181372356798102543e-03
-4.070752083880374350e+00 -4.665112951704420419e-01 1.898479224323877390e-01 7.141312104777557579e+01 1.181372356798102543e-03
-3.525687294639205938e+00 -5.140341126830120233e-01 1.714881979357306963e-01 7.771659752986595038e+01 8.970626877030128199e-04
-3.432399064776455067e+00 -5.240339889389655781e-01 1.576957750769064914e-01 7.658484034983527522e+01 9.780156678280489853e-04
-3.432399064776455067e+00 -5.240339889389655781e-01 1.576957750769064914e-01 7.658484034983527522e+01 9.780156678280489853e-04
-3.530200860689893805e+00 -6.892506786283728593e-01 1.526605748217243208e-01 7.449922294723403127e+01 8.918004085995438410e-04
-3.135735957197823609e+00 -6.448909881435955782e-01 1.525931420255574600e-01 8.300328333010509141e+01 1.462682284278720227e-03
-3.163544223262024779e+00 -6.211996700450252984e-01 1.471914810852288646e-01 8.077003001578560770e+01 1.055405363950750759e-03
-3.483418264823873400e+00 -6.096133102449773356e-01 1.369602305572141521e-01 7.844112292575252354e+01 9.385208428508418337e-04
-3.483418264823873400e+00 -6.096133102449773356e-01 1.369602305572141521e-01 7.844112292575252354e+01 9.385208428508418337e-04
-3.483418264823873400e+00 -6.096133102449773356e-01 1.369602305572141521e-01 7.844112292575252354e+01 9.385208428508418337e-04
-3.022303148500184555e+00 -6.414176961258154508e-01 1.439529009265082260e-01 8.094569454732237546e+01 1.616125750177105271e-03
-3.175401228955662791e+00 -6.490035062130761201e-01 1.588588344997303725e-01 8.027352874879571232e+01 1.307129571849537531e-03
-3.464703440928003531e+00 -5.916790346181866056e-01 1.690101391367253014e-01 8.643978383483657524e+01 1.870584869817394982e-03
-3.464703440928003531e+00 -5.916790346181866056e-01 1.690101391367253014e-01 8.643978383483657524e+01 1.870584869817394982e-03
-3.464703440928003531e+00 -5.916790346181866056e-01 1.690101391367253014e-01 8.643978383483657524e+01 1.870584869817394982e-03
-3.221440929023604127e+00 -5.929961055935601966e-01 1.690796207817344965e-01 7.938063482444138685e+01 1.170816221209327636e-03
-3.548993644088812793e+00 -5.188023622501978238e-01 1.554458996716444885e-01 7.433310556517997725e+01 1.065000825387279549e-03
-3.263166204699184281e+00 -5.588199378257414640e-01 1.360060519055809602e-01 7.770906161546064084e+01 1.265692178914101969e-03
-3.653182007541522225e+00 -6.280605390691706980e-01 1.578174256693498645e-01 7.734428484740821830e+01 1.059220058846101209e-03
-4.184607544462920714e+00 -6.040394584596019412e-01 1.485592610624825449e-01 7.051573977573502816e+01 9.625269014870386705e-04
-4.840768074272367549e+00 -6.719724301381372333e-01 1.392180559692773323e-01 7.525420308893946242e+01 1.529951852990566082e-03
-4.540739775053055816e+00 -7.606103373313088944e-01 1.453305937202293008e-01 7.232570281416185765e+01 1.411024337651158207e-03
-4.806772537513146482e+00 -7.275617754709587937e-01 1.282176979464180466e-01 7.646348594702769219e+01 1.259975203110656750e-03
-4.806772537513146482e+00 -7.275617754709587937e-01 1.282176979464180466e-01 7.646348594702769219e+01 1.259975203110656750e-03
-4.126499329302644625e+00 -7.519481113347989965e-01 1.505949487564676725e-01 7.701111868950818007e+01 1.698913692102384330e-03
-4.126499329302644625e+00 -7.519481113347989965e-01 1.505949487564676725e-01 7.701111868950818007e+01 1.698913692102384330e-03
-3.654599252886760574e+00 -7.141057209663218552e-01 1.430676590899178369e-01 7.821260548359269649e+01 1.074391820375991593e-03
-3.078960072110490831e+00 -6.463242770509456392e-01 1.583386036788906603e-01 7.250982175807658336e+01 1.419390830907113488e-03
-3.383635068437807369e+00 -6.222613708871864713e-01 1.646983789256162012e-01 7.407327785769179229e+01 8.946587930716341872e-04
-3.585900075445537460e+00 -5.405381225353682595e-01 1.589308676834168266e-01 6.626971458364644718e+01 1.493063459019507936e-03
-3.695955392464710609e+00 -5.039049750461398469e-01 1.526361528316869942e-01 7.102704859941432858e+01 1.329322965556341881e-03
-4.186429534294533461e+00 -5.701928376201349513e-01 1.496190979220842210e-01 6.831215173894750592e+01 9.809303977685892000e-04
-4.251783948632771093e+00 -5.033929540831201255e-01 1.569886394437179922e-01 7.715373292221465817e+01 1.359826979909076368e-03
-4.674065450073335626e+00 -5.066347194480915750e-01 1.631477245956943212e-01 7.351116712129655184e+01 1.906043163726101313e-03
-4.638045464308398813e+00 -5.722047512997312513e-01 1.685572440815529260e-01 6.552202935286193508e+01 1.583389010476085861e-03
