-4.211850704955297786e+00 -9.302419636644887468e-01 1.296566427505978225e-01 7.671691166584874111e+01 1.263632940770531565e-03
-4.211850704955297786e+00 -9.302419636644887468e-01 1.296566427505978225e-01 7.671691166584874111e+01 1.263632940770531565e-03
-4.371142892897528220e+00 -9.756935174315071180e-01 1.318471578762902552e-01 8.019388838604831449e+01 1.895809280314035474e-03
-4.371142892897528220e+00 -9.756935174315071180e-01 1.318471578762902552e-01 8.019388838604831449e+01 1.895809280314035474e-03
-4.371142892897528220e+00 -9.756935174315071180e-01 1.318471578762902552e-01 8.019388838604831449e+01 1.895809280314035474e-03
-4.465023167141382920e+00 -9.428494752793613598e-01 1.250404937640466618e-01 7.683742528890375922e+01 1.231671962560312861e-03
-4.645713999368983771e+00 -7.930319408079365973e-01 1.268507153687235545e-01 7.417948648054122884e+01 1.050999970046726916e-03
-4.102439675037399702e+00 -9.287192202263594432e-01 9.910166823823932103e-02 7.476721147194629680e+01 1.186650272584954639e-03
-4.299768127557623387e+00 -8.540213769896262130e-01 1.157126270843953364e-01 7.386605265271873577e+01 8.752276367168701065e-04
-3.981481594208111208e+00 -7.432355270322930085e-01 1.066822897043770146e-01 7.493543140906351141e+01 1.262005228039909076e-03
-4.115854743122570270e+00 -6.384815872382094692e-01 1.014997464436783597e-01 7.739183730752534984e+01 1.478394944922990176e-03
-4.115854743122570270e+00 -6.384815872382094692e-01 1.014997464436783597e-01 7.739183730752534984e+01 1.478394944922990176e-03
-4.476397233349219462e+00 -7.027999099562060037e-01 8.828082197353598337e-02 7.427588041624180448e+01 1.967746841586575854e-03
-4.643411362222734873e+00 -8.178040708999053665e-01 9.099321045005837050e-02 7.555947305452437490e+01 1.322533657791083840e-03
-4.507615755852731887e+00 -7.641893533745678369e-01 9.440048976451376195e-02 7.681471852763888819e+01 1.197778869772209587e-03
-4.861584184278798126e+00 -7.820483520300449687e-01 9.089239233790874506e-02 7.576646185340840134e+01 1.248700974870558568e-03
-4.515692625947697714e+00 -7.548658840669807413e-01 8.160468809442128491e-02 8.015962671533654316e+01 1.671862824006610645e-03
-4.909623170911896928e+00 -6.328549962013348962e-01 8.681095393376987712e-02 8.188349607508483530e+01 1.149003139036065867e-03
-4.819001175638136125e+00 -5.955378376153153130e-01 1.007412675431127863e-01 8.811015648494452535e+01 1.210541833902359582e-03
-4.747419400812490586e+00 -6.187082116989733871e-01 1.167144018545986650e-01 7.517104532301527797e+01 8.976140251567782738e-04
-4.747419400812490586e+00 -6.187082116989733871e-01 1.167144018545986650e-01 7.517104532301527797e+01 8.976140251567782738e-04
-4.747419400812490586e+00 -6.187082116989733871e-01 1.167144018545986650e-01 7.517104532301527797e+01 8.976140251567782738e-04
-4.944032540173576074e+00 -5.930458871208728056e-01 1.194286910957497866e-01 7.925970695093882057e+01 1.122999423473437265e-03
-4.849134763544469706e+00 -5.950261739049356180e-01 1.124384757001861829e-01 7.722235908828724860e+01 8.906535350635595791e-04
-4.849134763544469706e+00 -5.950261739049356180e-01 1.124384757001861829e-01 7.722235908828724860e+01 8.906535350635595791e-04
-4.245994259882175825e+00 -6.466589587039722753e-01 9.965535765780764166e-02 8.367580124677898823e+01 1.162047187121160834e-03
-3.774117341025683192e+00 -6.998634242409328410e-01 1.202844012112766203e-01 7.363448291047474470e+01 1.127874033685098178e-03
-3.774117341025683192e+00 -6.998634242409328410e-01 1.202844012112766203e-01 7.363448291047474470e+01 1.127874033685098178e-03
-3.758307392131382763e+00 -7.699355503866336381e-01 1.083882043622137331e-01 7.252207103511764785e+01 1.483600226712191187e-03
-3.758307392131382763e+00 -7.699355503866336381e-01 1.083882043622137331e-01 7.252207103511764785e+01 1.483600226712191187e-03
-4.296857183177820616e+00 -7.445632729260653893e-01 1.133429411723896468e-01 7.127216745501162620e+01 1.063211469742515822e-03
-4.703972317490770827e+00 -7.283359120994274960e-01 1.163214294946257610e-01 7.462333497303829688e+01 8.840767094240222640e-04
-4.490623224284711945e+00 -7.526832058756622867e-01 1.069603620468913552e-01 7.247407045625959654e+01 1.060837958225784115e-03
-3.887902513689644124e+00 -8.129715636874483842e-01 1.058580765157118575e-01 7.389112164861440135e+01 1.281368530267791008e-03
-3.421880975098558597e+00 -7.451384971782025746e-01 9.913772519781971493e-02 8.125306366348374354e+01 1.498658184118312978e-03
-3.678704706879647013e+00 -6.761507869569957085e-01 1.201793723393101976e-01 8.827005373529827637e+01 1.473262314743025835e-03
-3.459260326762409576e+00 -5.121708374908920947e-01 1.248086975788768871e-01 8.804767679091126809e+01 1.299563739797127311e-03
-3.597254600436637695e+00 -4.869540161602529116e-01 1.448850801029603619e-01 8.286370606844394615e+01 1.169296635633254155e-03
-3.597254600436637695e+00 -4.869540161602529116e-01 1.448850801029603619e-01 8.286370606844394615e+01 1.169296635633254155e-03
-3.446380049539397472e+00 -5.013279574850808551e-01 1.398027661216697803e-01 8.738324206596054466e+01 1.147588627534087361e-03
-3.446380049539397472e+00 -5.013279574850808551e-01 1.398027661216697803e-01 8.738324206596054466e+01 1.147588627534087361e-03
-3.003243304055828400e+00 -3.296866016316549741e-01 1.417198563779406284e-01 8.519988478209023697e+01 2.082783116666961191e-03
-3.230990177354188919e+00 -4.566211986124442679e-01 1.233446279859466560e-01 8.397005585164454544e+01 2.087675063648291272e-03
-4.109200870017421181e+00 -5.228638941737774326e-01 1.357887894683812990e-01 8.742588388872611915e+01 1.681184551098542299e-03
-3.747207129804385861e+00 -6.912437562265152380e-01 1.149912748950766561e-01 7.591206694240261754e+01 1.219919722480599517e-03
-3.698711002250389956e+00 -8.331648811150036416e-01 1.299985150226891650e-01 7.943084508442908032e+01 1.151524982516910186e-03
-3.523342728869438556e+00 -8.015529050721380555e-01 1.430733588016001590e-01 8.665372710523182320e+01 2.178438667046644905e-03
-3.523342728869438556e+00 -8.015529050721380555e-01 1.430733588016001590e-01 8.665372710523182320e+01 2.178438667046644905e-03
-4.044975951866329744e+00 -7.952920566585075512e-01 1.527689286295240700e-01 8.671423393863953777e+01 3.358193058414189053e-03
-4.192031196427186579e+00 -8.482565953850608187e-01 1.524009035265754264e-01 8.287906448117115588e+01 3.012087525921555535e-03
-3.924709276643254530e+00 -9.483924402016215005e-01 1.567892799765865097e-01 7.412494493479216828e+01 1.830730653837580463e-03
-4.611663388142657638e+00 -9.063582346479188701e-01 1.379755283515845810e-01 7.352714799566726356e+01 1.417358815234073680e-03
-4.769168149828333370e+00 -8.690061951585367206e-01 1.422352036003720344e-01 7.676952117982386881e+01 2.022527410557058928e-03
-3.855662641427003656e+00 -9.553025484050858829e-01 1.273278872826516805e-01 7.358419620805210570e+01 9.062331315476156775e-04
-3.855662641427003656e+00 -9.553025484050858829e-01 1.273278872826516805e-01 7.358419620805210570e+01 9.062331315476156775e-04
-3.855662641427003656e+00 -9.553025484050858829e-01 1.273278872826516805e-01 7.358419620805210570e+01 9.062331315476156775e-04
-4.011630700841404717e+00 -9.233482672819730563e-01 1.162872530805022370e-01 7.166429785954485965e+01 9.089536765878854317e-04
-3.748637207547783401e+00 -8.889834540287242515e-01 1.112382080667338319e-01 7.365795612598597586e+01 1.041333946293955710e-03
-3.892080673828465898e+00 -9.159210600338055785e-01 1.316754230670879877e-01 8.125439071381445899e+01 1.643470234338083834e-03
-3.941695541707113115e+00 -8.827601956929925775e-01 1.436447923773221391e-01 7.714796812266851589e+01 1.568338126424266739e-03
-3.941695541707113115e+00 -8.827601956929925775e-01 1.436447923773221391e-01 7.714796812266851589e+01 1.568338126424266739e-03
-4.728200885769016537e+00 -6.934102671597690559e-01 1.587135478031977964e-01 7.124012989786571382e+01 1.885936802428191117e-03
-4.728200885769016537e+00 -6.934102671597690559e-01 1.587135478031977964e-01 7.124012989786571382e+01 1.885936802428191117e-03
-4.810236062118982581e+00 -6.849269551907601894e-01 1.252355582305132720e-01 7.475216420679734597e+01 1.031891542197216436e-03
-4.613922541975450820e+00 -8.042787743274232293e-01 1.326339940442563259e-01 6.120906869633774505e+01 1.317028401621238472e-03
-4.860458032157876751e+00 -7.514932785473178445e-01 1.343220165178351244e-01 6.399712371874117167e+01 1.098050968243291688e-03
-4.816131065362684538e+00 -7.706199581396834253e-01 1.422265663078530196e-01 6.478927122267143091e+01 1.118296466128675982e-03
-4.816131065362684538e+00 -7.706199581396834253e-01 1.422265663078530196e-01 6.478927122267143091e+01 1.118296466128675982e-03
-3.866487957109759677e+00 -7.419817196551042882e-01 1.325896660531190874e-01 7.200382527155026935e+01 8.783656714219335512e-04
-4.204813508545036882e+00 -8.201568194066862771e-01 1.545870480973102201e-01 7.148624132619499960e+01 1.455043675596405257e-03
-4.204813508545036882e+00 -8.201568194066862771e-01 1.545870480973102201e-01 7.148624132619499960e+01 1.455043675596405257e-03
-4.204813508545036882e+00 -8.201568194066862771e-01 1.545870480973102201e-01 7.148624132619499960e+01 1.455043675596405257e-03
-4.204813508545036882e+00 -8.201568194066862771e-01 1.545870480973102201e-01 7.148624132619499960e+01 1.455043675596405257e-03
-3.943742801021722144e+00 -8.177298647504812612e-01 1.577211067362289665e-01 7.849933399684948654e+01 2.159787923344006540e-03
-3.773006429192847566e+00 -9.407574683312840413e-01 1.682092728587346597e-01 7.905156511993118329e+01 2.934072898384277369e-03
-3.816055461776347357e+00 -7.966602781663014721e-01 1.598410377063566590e-01 6.906874728340940806e+01 1.057937851157470140e-03
-3.816055461776347357e+00 -7.966602781663014721e-01 1.598410377063566590e-01 6.906874728340940806e+01 1.057937851157470140e-03
-3.660210727047297219e+00 -6.652608438557268133e-01 1.886026527435847311e-01 6.627401759588181562e+01 9.958612843972488183e-04
-3.841909601907938399e+00 -8.560039711398471640e-01 1.737342168626530570e-01 6.540889703648133491e+01 1.272901303195265229e-03
-4.542416772693471216e+00 -7.320564727260747695e-01 1.616299366846981056e-01 6.847287855248166011e+01 1.628528277960939819e-03
-4.842823365591787166e+00 -6.785469487236441832e-01 1.322451141328462587e-01 7.084503628763532390e+01 1.035976999982750335e-03
-4.672032101563089235e+00 -6.908254563787417091e-01 1.338015883479577728e-01 6.175028596665494263e+01 1.369722308724528447e-03
-4.957852166890019063e+00 -7.428587621395078555e-01 1.296213559599981302e-01 6.596848899898610341e+01 1.011093710686660797e-03
-4.957852166890019063e+00 -7.428587621395078555e-01 1.296213559599981302e-01 6.596848899898610341e+01 1.011093710686660797e-03
-4.957852166890019063e+00 -7.428587621395078555e-01 1.296213559599981302e-01 6.596848899898610341e+01 1.011093710686660797e-03
-4.957852166890019063e+00 -7.428587621395078555e-01 1.296213559599981302e-01 6.596848899898610341e+01 1.011093710686660797e-03
-4.957852166890019063e+00 -7.428587621395078555e-01 1.296213559599981302e-01 6.596848899898610341e+01 1.011093710686660797e-03
-4.811241371519709098e+00 -7.899178633592792709e-01 1.409672935119333226e-01 6.846334965862584454e+01 1.164213665565660624e-03
-4.477416242000075819e+00 -7.362236278386770083e-01 1.472506915185491649e-01 7.183030299685601960e+01 1.362229852634553630e-03
-4.841040061236049574e+00 -6.520442084557703799e-01 1.198514604451210164e-01 6.991149802286770409e+01 9.618810073135359955e-04
-4.261238840166334363e+00 -5.320765084541358991e-01 1.261242981094514160e-01 7.113405278821009858e+01 1.226128403039497550e-03
-4.308899772653972171e+00 -5.919415129775258411e-01 1.432438958684274510e-01 6.825214615120898998e+01 1.009839739075147659e-03
-4.575454673826277130e+00 -5.248287064637655597e-01 1.695590326241238621e-01 6.266654583611696694e+01 1.495622887746425253e-03
-4.325049779561171981e+00 -4.285937768798633862e-01 1.675228048293024019e-01 7.813364088097931415e+01 1.592569266728978807e-03
-4.366509022608514812e+00 -3.930386993199832535e-01 1.559331546562928994e-01 6.958293645711151498e+01 1.295022879175765015e-03
-4.366509022608514812e+00 -3.930386993199832535e-01 1.559331546562928994e-01 6.958293645711151498e+01 1.295022879175765015e-03
-4.366509022608514812e+00 -3.930386993199832535e-01 1.559331546562928994e-01 6.958293645711151498e+01 1.295022879175765015e-03
-4.366509022608514812e+00 -3.930386993199832535e-01 1.559331546562928994e-01 6.958293645711151498e+01 1.295022879175765015e-03
-4.366509022608514812e+00 -3.930386993199832535e-01 1.559331546562928994e-01 6.958293645711151498e+01 1.295022879175765015e-03
-4.366509022608514812e+00 -3.930386993199832535e-01 1.559331546562928994e-01 6.958293645711151498e+01 1.295022879175765015e-03
-4.366509022608514812e+00 -3.930386993199832535e-01 1.559331546562928994e-01 6.958293645711151498e+01 1.295022879175765015e-03
-4.000732410757843027e+00 -3.896315865590772587e-01 1.575334616809182797e-01 7.732080221549307453e+01 1.222509310037665341e-03
-4.000732410757843027e+00 -3.896315865590772587e-01 1.575334616809182797e-01 7.732080221549307453e+01 1.222509310037665341e-03
-4.493189913012239245e+00 -4.470651757237667501e-01 1.579025627350608418e-01 6.951820362496934536e+01 1.260164492998668397e-03
-4.493189913012239245e+00 -4.470651757237667501e-01 1.579025627350608418e-01 6.951820362496934536e+01 1.260164492998668397e-03
-4.493189913012239245e+00 -4.470651757237667501e-01 1.579025627350608418e-01 6.951820362496934536e+01 1.260164492998668397e-03
-4.493189913012239245e+00 -4.470651757237667501e-01 1.579025627350608418e-01 6.951820362496934536e+01 1.260164492998668397e-03
-4.301811864934792062e+00 -3.106063089098650698e-01 1.788062926185523260e-01 7.273400787659073785e+01 1.397119621253971062e-03
-4.301811864934792062e+00 -3.106063089098650698e-01 1.788062926185523260e-01 7.273400787659073785e+01 1.397119621253971062e-03
-4.301811864934792062e+00 -3.106063089098650698e-01 1.788062926185523260e-01 7.273400787659073785e+01 1.397119621253971062e-03
-4.028837375362329887e+00 -3.253010062993083595e-01 1.708864434831880996e-01 6.991146797575012783e+01 2.016654360011180692e-03
-4.221416139853196192e+00 -4.298410492705120878e-01 1.815980378231172865e-01 7.566230154688970799e+01 1.495555744183182934e-03
-4.852466166204594700e+00 -5.130822590921989557e-01 1.612096978167264771e-01 6.888006771021846930e+01 1.658836765021631885e-03
-4.852466166204594700e+00 -5.130822590921989557e-01 1.612096978167264771e-01 6.888006771021846930e+01 1.658836765021631885e-03
-4.852466166204594700e+00 -5.130822590921989557e-01 1.612096978167264771e-01 6.888006771021846930e+01 1.658836765021631885e-03
-4.384471226850431336e+00 -5.556957360167014137e-01 1.441818594828320477e-01 6.809151320239074323e+01 1.069060863393112362e-03
-4.444330182188207523e+00 -6.478395285863524089e-01 1.282647243279924076e-01 6.768228755959293608e+01 1.075248166259873493e-03
-4.802315188221728093e+00 -6.784462059341271889e-01 1.264782528560454700e-01 6.444905635642329855e+01 1.214120506175048880e-03
-4.735761175573227177e+00 -5.620902607450841693e-01 1.427521210060774537e-01 6.456182285157397871e+01 1.249673927627166677e-03
-4.454857615301312634e+00 -5.947721324543727706e-01 1.415173674808364868e-01 6.389509615873990356e+01 1.256809643615827959e-03
-4.667882079463685940e+00 -4.910381661489136018e-01 1.150574419668154713e-01 7.148674909034659208e+01 1.285809936197995816e-03
-4.504526259465572835e+00 -5.476174902784000098e-01 1.101626094668660405e-01 7.712612931522173199e+01 1.023897435951403841e-03
-4.768932396161590148e+00 -5.428467070562555952e-01 1.013126120860585178e-01 8.282769960851364033e+01 9.322646040985819527e-04
-4.768932396161590148e+00 -5.428467070562555952e-01 1.013126120860585178e-01 8.282769960851364033e+01 9.322646040985819527e-04
-4.768932396161590148e+00 -5.428467070562555952e-01 1.013126120860585178e-01 8.282769960851364033e+01 9.322646040985819527e-04
-4.768932396161590148e+00 -5.428467070562555952e-01 1.013126120860585178e-01 8.282769960851364033e+01 9.322646040985819527e-04
-4.768932396161590148e+00 -5.428467070562555952e-01 1.013126120860585178e-01 8.282769960851364033e+01 9.322646040985819527e-04
-4.768932396161590148e+00 -5.428467070562555952e-01 1.013126120860585178e-01 8.282769960851364033e+01 9.322646040985819527e-04
-4.408790235863051521e+00 -5.528279763280240511e-01 9.643252775784368069e-02 8.341584705965716751e+01 1.222297377558748382e-03
-4.408790235863051521e+00 -5.528279763280240511e-01 9.643252775784368069e-02 8.341584705965716751e+01 1.222297377558748382e-03
-4.893000398314885757e+00 -7.355356416646430251e-01 1.118835470660661663e-01 8.485568737466456923e+01 1.504734408921297190e-03
-4.866027755541352029e+00 -8.195712377521450209e-01 1.141167362424829468e-01 8.102057956645313652e+01 1.260710641297859390e-03
-4.539743733007008508e+00 -5.613249748244925064e-01 1.230421318729177926e-01 7.863622667164611357e+01 1.013623714151239402e-03
-4.283065601663651911e+00 -6.004272450414284146e-01 1.335411022432763939e-01 6.283595368036297657e+01 1.595784377611746390e-03
-4.283065601663651911e+00 -6.004272450414284146e-01 1.335411022432763939e-01 6.283595368036297657e+01 1.595784377611746390e-03
-3.950965595471426894e+00 -5.287469722597848421e-01 1.474271761768328748e-01 6.470851089612564522e+01 1.540317557398738525e-03
-4.566031380322113975e+00 -5.816793700324153216e-01 1.339799106485781710e-01 6.753798584459620713e+01 1.102646626663027771e-03
-4.031963329485519054e+00 -6.411680266283324992e-01 1.418292757144853922e-01 6.444635663821632932e+01 1.198365194676684776e-03
-4.563535485915584999e+00 -6.792731481427196627e-01 1.344914120465086349e-01 7.686759783027146398e+01 1.343723618782350889e-03
-4.767032884326307673e+00 -6.173765216344022644e-01 1.141273101763592285e-01 7.543122070342253949e+01 8.889486355071018857e-04
-4.767032884326307673e+00 -6.173765216344022644e-01 1.141273101763592285e-01 7.543122070342253949e+01 8.889486355071018857e-04
-4.789114300181314121e+00 -6.349180247220979068e-01 1.189815853720617711e-01 7.126170698886120647e+01 9.406145919572126216e-04
-4.750496417195798848e+00 -6.484126199133020130e-01 1.152043514363313981e-01 7.139750036775616593e+01 9.660510746215288970e-04
-4.136605997680851132e+00 -5.821025595429577537e-01 1.228583649210813616e-01 7.764491759720908703e+01 1.002581859457728295e-03
-4.136605997680851132e+00 -5.821025595429577537e-01 1.228583649210813616e-01 7.764491759720908703e+01 1.002581859457728295e-03
-4.182377435895390683e+00 -6.075529675800193097e-01 1.247607220606562484e-01 7.135214479729523873e+01 1.085025198306735278e-03
-4.182377435895390683e+00 -6.075529675800193097e-01 1.247607220606562484e-01 7.135214479729523873e+01 1.085025198306735278e-03
-4.182377435895390683e+00 -6.075529675800193097e-01 1.247607220606562484e-01 7.135214479729523873e+01 1.085025198306735278e-03
-3.899875565212732820e+00 -7.032171216259321955e-01 1.430539861789758282e-01 6.421887123150520438e+01 1.122275114606407316e-03
-3.863115156987119825e+00 -6.392445266013703220e-01 1.614061068265261190e-01 6.830793394070310853e+01 8.914272890812862272e-04
-3.574264810614729893e+00 -6.290784153082651375e-01 1.799497818237993929e-01 6.867974074941577101e+01 8.923523794269828989e-04
-3.574264810614729893e+00 -6.290784153082651375e-01 1.799497818237993929e-01 6.867974074941577101e+01 8.923523794269828989e-04
-3.258403637942095088e+00 -6.115589533867558103e-01 1.879370782884942082e-01 6.761859406268742134e+01 1.202461734729941539e-03
-3.773255277640044980e+00 -5.471269660733022455e-01 1.839082143556543258e-01 6.222311198851195257e+01 1.062908250999210994e-03
-4.073499749793060509e+00 -4.521422236633205749e-01 1.942090969436946479e-01 6.967415809502283253e+01 1.116715853485046204e-03
-4.073499749793060509e+00 -4.521422236633205749e-01 1.942090969436946479e-01 6.967415809502283253e+01 1.116715853485046204e-03
-4.073499749793060509e+00 -4.521422236633205749e-01 1.942090969436946479e-01 6.967415809502283253e+01 1.116715853485046204e-03
-3.771412336142398569e+00 -5.560992609188829539e-01 1.786542685667537600e-01 6.862971994399940456e+01 8.822558984173155608e-04
-3.771412336142398569e+00 -5.560992609188829539e-01 1.786542685667537600e-01 6.862971994399940456e+01 8.822558984173155608e-04
-3.771412336142398569e+00 -5.560992609188829539e-01 1.786542685667537600e-01 6.862971994399940456e+01 8.822558984173155608e-04
-3.222238287422738878e+00 -6.362994716657393024e-01 1.775292869945015450e-01 7.119035581371588250e+01 1.175691602596718160e-03
-3.222238287422738878e+00 -6.362994716657393024e-01 1.775292869945015450e-01 7.119035581371588250e+01 1.175691602596718160e-03
-3.534656237094542686e+00 -6.438052552673089179e-01 1.538206137814720764e-01 7.531303065551146858e+01 8.752346927661752794e-04
-3.850432419975579723e+00 -7.063331254055107422e-01 1.670771818045534984e-01 6.377812487093501659e+01 9.516305309691923007e-04
-3.468114117266631435e+00 -9.117852007513982393e-01 1.719045140153666051e-01 6.383158599927677557e+01 1.122262619090708125e-03
-3.704237484615381604e+00 -9.093642449935420702e-01 1.714539801502026894e-01 6.276184223781490346e+01 1.092205446007499985e-03
-3.704237484615381604e+00 -9.093642449935420702e-01 1.714539801502026894e-01 6.276184223781490346e+01 1.092205446007499985e-03
-4.172123231421693390e+00 -7.466277741939877366e-01 1.717694113084407559e-01 6.115444883542981813e+01 1.204648703938115050e-03
-3.953537012902311965e+00 -9.671951652611255890e-01 1.373597277958540364e-01 6.097936012923423021e+01 1.161188854723668642e-03
-3.953537012902311965e+00 -9.671951652611255890e-01 1.373597277958540364e-01 6.097936012923423021e+01 1.161188854723668642e-03
-3.513264607775761661e+00 -9.382197397524804083e-01 1.335638629102285091e-01 6.775944877290207558e+01 8.936352060196506037e-04
-3.562295853113939703e+00 -8.631794515363458986e-01 1.150154373790250595e-01 7.157324319909048427e+01 1.158505848829456588e-03
-3.606179224567470420e+00 -9.496878116260861757e-01 1.090552511134658259e-01 7.718270326791672176e+01 9.692457516662087488e-04
-3.606179224567470420e+00 -9.496878116260861757e-01 1.090552511134658259e-01 7.718270326791672176e+01 9.692457516662087488e-04
-3.511042699116637245e+00 -9.887788283854279658e-01 1.022616626806031187e-01 7.373464642279338932e+01 1.269533838707727824e-03
-3.511042699116637245e+00 -9.887788283854279658e-01 1.022616626806031187e-01 7.373464642279338932e+01 1.269533838707727824e-03
-3.106444365490127701e+00 -9.965676719693192798e-01 1.159009092265638613e-01 8.276675709330707775e+01 1.147466723994477198e-03
-3.106444365490127701e+00 -9.965676719693192798e-01 1.159009092265638613e-01 8.276675709330707775e+01 1.147466723994477198e-03
-3.021813013568680262e+00 -9.284694488271971746e-01 1.255081817853062609e-01 7.969716020275336632e+01 1.293169287588481070e-03
-3.216461178257557840e+00 -9.002078273867062386e-01 1.094235769929921970e-01 8.395312734761482432e+01 9.677215056555512306e-04
-3.444415024510923740e+00 -9.118374597337215448e-01 1.093030414272666978e-01 7.958934098035233262e+01 9.640009211888090571e-04
-4.030841675265642188e+00 -9.596820547788069700e-01 1.198337764092155255e-01 7.920321420758608610e+01 1.159233062244501185e-03
-4.030841675265642188e+00 -9.596820547788069700e-01 1.198337764092155255e-01 7.920321420758608610e+01 1.159233062244501185e-03
-4.030841675265642188e+00 -9.596820547788069700e-01 1.198337764092155255e-01 7.920321420758608610e+01 1.159233062244501185e-03
-4.416278914270309386e+00 -8.946386755366344534e-01 1.107566913027250716e-01 7.239128535549184562e+01 9.072597221433591035e-04
-4.242808670507593582e+00 -9.188585398566125884e-01 9.851200212554249436e-02 7.802720246930421411e+01 1.022078714114705135e-03
-3.939617768853653779e+00 -8.860072199598451048e-01 8.477137266237939894e-02 8.413704517706318597e+01 1.557312069786148580e-03
-3.608533596270192767e+00 -8.731133530599171078e-01 9.164586843049979392e-02 7.836621880252693018e+01 1.735296060530193158e-03
-3.608533596270192767e+00 -8.731133530599171078e-01 9.164586843049979392e-02 7.836621880252693018e+01 1.735296060530193158e-03
-3.812144267865313907e+00 -9.259540688138484521e-01 9.206519924343571637e-02 8.701627120261329651e+01 1.323475844610702730e-03
-3.896512408262337246e+00 -7.275881783990126861e-01 1.014968903667070876e-01 8.229298999200804587e+01 1.265408690250650458e-03
-3.896512408262337246e+00 -7.275881783990126861e-01 1.014968903667070876e-01 8.229298999200804587e+01 1.265408690250650458e-03
-3.896512408262337246e+00 -7.275881783990126861e-01 1.014968903667070876e-01 8.229298999200804587e+01 1.265408690250650458e-03
-3.696986865700048419e+00 -7.817231305795202534e-01 1.121196480406224938e-01 8.654908716053054718e+01 1.348816926166686823e-03
-3.548607376392993284e+00 -7.195189696815231795e-01 1.087263182269722489e-01 8.517926380539040565e+01 1.173202377464497952e-03
-3.075196170514395089e+00 -7.690708413124540677e-01 1.169540655557793768e-01 8.844578309275924255e+01 1.315403096873443006e-03
-3.230329482387981344e+00 -6.718224716225634774e-01 1.280144245068870479e-01 8.332786358155925655e+01 9.013787170394184974e-04
-3.230329482387981344e+00 -6.718224716225634774e-01 1.280144245068870479e-01 8.332786358155925655e+01 9.013787170394184974e-04
-3.625685046491363028e+00 -7.402512751547843939e-01 1.004613617966733791e-01 8.221701258269557400e+01 1.428295599225236703e-03
-3.508908700003274816e+00 -7.507939726917773893e-01 1.287856199644269728e-01 8.631826565352537273e+01 1.427713325282980832e-03
