-3.441039572807145230e+00 -9.974525937442318968e-01 1.294431720463975755e-01 5.766680276183349463e+01 6.797360293161937989e-03 
-4.102406463939507475e+00 -8.845928759047084755e-01 1.033801896424108580e-01 6.441245748591134657e+01 0.000000000000000000e+00 
-4.102406463939507475e+00 -8.845928759047084755e-01 1.033801896424108580e-01 6.441245748591134657e+01 0.000000000000000000e+00 
-4.102406463939507475e+00 -8.845928759047084755e-01 1.033801896424108580e-01 6.441245748591134657e+01 0.000000000000000000e+00 
-4.102406463939507475e+00 -8.845928759047084755e-01 1.033801896424108580e-01 6.441245748591134657e+01 0.000000000000000000e+00 
-4.102406463939507475e+00 -8.845928759047084755e-01 1.033801896424108580e-01 6.441245748591134657e+01 0.000000000000000000e+00 
-4.102406463939507475e+00 -8.845928759047084755e-01 1.033801896424108580e-01 6.441245748591134657e+01 0.000000000000000000e+00 
-4.102406463939507475e+00 -8.845928759047084755e-01 1.033801896424108580e-01 6.441245748591134657e+01 0.000000000000000000e+00 
-4.102406463939507475e+00 -8.845928759047084755e-01 1.033801896424108580e-01 6.441245748591134657e+01 0.000000000000000000e+00 
-4.102406463939507475e+00 -8.845928759047084755e-01 1.033801896424108580e-01 6.441245748591134657e+01 0.000000000000000000e+00 
-4.102406463939507475e+00 -8.845928759047084755e-01 1.033801896424108580e-01 6.441245748591134657e+01 0.000000000000000000e+00 
-4.102406463939507475e+00 -8.845928759047084755e-01 1.033801896424108580e-01 6.441245748591134657e+01 0.000000000000000000e+00 
-4.102406463939507475e+00 -8.845928759047084755e-01 1.033801896424108580e-01 6.441245748591134657e+01 0.000000000000000000e+00 
-4.102406463939507475e+00 -8.845928759047084755e-01 1.033801896424108580e-01 6.441245748591134657e+01 0.000000000000000000e+00 
-4.102406463939507475e+00 -8.845928759047084755e-01 1.033801896424108580e-01 6.441245748591134657e+01 0.000000000000000000e+00 
-4.102406463939507475e+00 -8.845928759047084755e-01 1.033801896424108580e-01 6.441245748591134657e+01 0.000000000000000000e+00 
-4.102406463939507475e+00 -8.845928759047084755e-01 1.033801896424108580e-01 6.441245748591134657e+01 0.000000000000000000e+00 
-4.102406463939507475e+00 -8.845928759047084755e-01 1.033801896424108580e-01 6.441245748591134657e+01 0.000000000000000000e+00 
-4.102406463939507475e+00 -8.845928759047084755e-01 1.033801896424108580e-01 6.441245748591134657e+01 0.000000000000000000e+00 
-4.102406463939507475e+00 -8.845928759047084755e-01 1.033801896424108580e-01 6.441245748591134657e+01 0.000000000000000000e+00 
-4.102406463939507475e+00 -8.845928759047084755e-01 1.033801896424108580e-01 6.441245748591134657e+01 0.000000000000000000e+00 
-4.102406463939507475e+00 -8.845928759047084755e-01 1.033801896424108580e-01 6.441245748591134657e+01 0.000000000000000000e+00 
-4.102406463939507475e+00 -8.845928759047084755e-01 1.033801896424108580e-01 6.441245748591134657e+01 0.000000000000000000e+00 
-4.102406463939507475e+00 -8.845928759047084755e-01 1.033801896424108580e-01 6.441245748591134657e+01 0.000000000000000000e+00 
-4.102406463939507475e+00 -8.845928759047084755e-01 1.033801896424108580e-01 6.441245748591134657e+01 0.000000000000000000e+00 
-4.102406463939507475e+00 -8.845928759047084755e-01 1.033801896424108580e-01 6.441245748591134657e+01 0.000000000000000000e+00 
-4.102406463939507475e+00 -8.845928759047084755e-01 1.033801896424108580e-01 6.441245748591134657e+01 0.000000000000000000e+00 
-4.102406463939507475e+00 -8.845928759047084755e-01 1.033801896424108580e-01 6.441245748591134657e+01 0.000000000000000000e+00 
-4.102406463939507475e+00 -8.845928759047084755e-01 1.033801896424108580e-01 6.441245748591134657e+01 0.000000000000000000e+00 
-4.102406463939507475e+00 -8.845928759047084755e-01 1.033801896424108580e-01 6.441245748591134657e+01 0.000000000000000000e+00 
-4.102406463939507475e+00 -8.845928759047084755e-01 1.033801896424108580e-01 6.441245748591134657e+01 0.000000000000000000e+00 
-4.102406463939507475e+00 -8.845928759047084755e-01 1.033801896424108580e-01 6.441245748591134657e+01 0.000000000000000000e+00 
-4.102406463939507475e+00 -8.845928759047084755e-01 1.033801896424108580e-01 6.441245748591134657e+01 0.000000000000000000e+00 
-4.102406463939507475e+00 -8.845928759047084755e-01 1.033801896424108580e-01 6.441245748591134657e+01 0.000000000000000000e+00 
-4.102406463939507475e+00 -8.845928759047084755e-01 1.033801896424108580e-01 6.441245748591134657e+01 0.000000000000000000e+00 
-4.102406463939507475e+00 -8.845928759047084755e-01 1.033801896424108580e-01 6.441245748591134657e+01 0.000000000000000000e+00 
-4.102406463939507475e+00 -8.845928759047084755e-01 1.033801896424108580e-01 6.441245748591134657e+01 0.000000000000000000e+00 
-4.102406463939507475e+00 -8.845928759047084755e-01 1.033801896424108580e-01 6.441245748591134657e+01 0.000000000000000000e+00 
-4.102406463939507475e+00 -8.845928759047084755e-01 1.033801896424108580e-01 6.441245748591134657e+01 0.000000000000000000e+00 
-4.102406463939507475e+00 -8.845928759047084755e-01 1.033801896424108580e-01 6.441245748591134657e+01 0.000000000000000000e+00 
-4.102406463939507475e+00 -8.845928759047084755e-01 1.033801896424108580e-01 6.441245748591134657e+01 0.000000000000000000e+00 
-4.102406463939507475e+00 -8.845928759047084755e-01 1.033801896424108580e-01 6.441245748591134657e+01 0.000000000000000000e+00 
-4.102406463939507475e+00 -8.845928759047084755e-01 1.033801896424108580e-01 6.441245748591134657e+01 0.000000000000000000e+00 
-4.102406463939507475e+00 -8.845928759047084755e-01 1.033801896424108580e-01 6.441245748591134657e+01 0.000000000000000000e+00 
-4.102406463939507475e+00 -8.845928759047084755e-01 1.033801896424108580e-01 6.441245748591134657e+01 0.000000000000000000e+00 
-4.102406463939507475e+00 -8.845928759047084755e-01 1.033801896424108580e-01 6.441245748591134657e+01 0.000000000000000000e+00 
-4.102406463939507475e+00 -8.845928759047084755e-01 1.033801896424108580e-01 6.441245748591134657e+01 0.000000000000000000e+00 
-4.102406463939507475e+00 -8.845928759047084755e-01 1.033801896424108580e-01 6.441245748591134657e+01 0.000000000000000000e+00 
-4.102406463939507475e+00 -8.845928759047084755e-01 1.033801896424108580e-01 6.441245748591134657e+01 0.000000000000000000e+00 
-4.102406463939507475e+00 -8.845928759047084755e-01 1.033801896424108580e-01 6.441245748591134657e+01 0.000000000000000000e+00 
-4.102406463939507475e+00 -8.845928759047084755e-01 1.033801896424108580e-01 6.441245748591134657e+01 0.000000000000000000e+00 
-4.102406463939507475e+00 -8.845928759047084755e-01 1.033801896424108580e-01 6.441245748591134657e+01 0.000000000000000000e+00 
-4.102406463939507475e+00 -8.845928759047084755e-01 1.033801896424108580e-01 6.441245748591134657e+01 0.000000000000000000e+00 
-4.102406463939507475e+00 -8.845928759047084755e-01 1.033801896424108580e-01 6.441245748591134657e+01 0.000000000000000000e+00 
-4.102406463939507475e+00 -8.845928759047084755e-01 1.033801896424108580e-01 6.441245748591134657e+01 0.000000000000000000e+00 
-4.102406463939507475e+00 -8.845928759047084755e-01 1.033801896424108580e-01 6.441245748591134657e+01 0.000000000000000000e+00 
-4.102406463939507475e+00 -8.845928759047084755e-01 1.033801896424108580e-01 6.441245748591134657e+01 0.000000000000000000e+00 
-4.102406463939507475e+00 -8.845928759047084755e-01 1.033801896424108580e-01 6.441245748591134657e+01 0.000000000000000000e+00 
-4.102406463939507475e+00 -8.845928759047084755e-01 1.033801896424108580e-01 6.441245748591134657e+01 0.000000000000000000e+00 
-4.102406463939507475e+00 -8.845928759047084755e-01 1.033801896424108580e-01 6.441245748591134657e+01 0.000000000000000000e+00 
-4.102406463939507475e+00 -8.845928759047084755e-01 1.033801896424108580e-01 6.441245748591134657e+01 0.000000000000000000e+00 
-4.102406463939507475e+00 -8.845928759047084755e-01 1.033801896424108580e-01 6.441245748591134657e+01 0.000000000000000000e+00 
-4.102406463939507475e+00 -8.845928759047084755e-01 1.033801896424108580e-01 6.441245748591134657e+01 0.000000000000000000e+00 
-4.102406463939507475e+00 -8.845928759047084755e-01 1.033801896424108580e-01 6.441245748591134657e+01 0.000000000000000000e+00 
-4.102406463939507475e+00 -8.845928759047084755e-01 1.033801896424108580e-01 6.441245748591134657e+01 0.000000000000000000e+00 
-4.102406463939507475e+00 -8.845928759047084755e-01 1.033801896424108580e-01 6.441245748591134657e+01 0.000000000000000000e+00 
-4.102406463939507475e+00 -8.845928759047084755e-01 1.033801896424108580e-01 6.441245748591134657e+01 0.000000000000000000e+00 
-4.102406463939507475e+00 -8.845928759047084755e-01 1.033801896424108580e-01 6.441245748591134657e+01 0.000000000000000000e+00 
-4.102406463939507475e+00 -8.845928759047084755e-01 1.033801896424108580e-01 6.441245748591134657e+01 0.000000000000000000e+00 
-4.102406463939507475e+00 -8.845928759047084755e-01 1.033801896424108580e-01 6.441245748591134657e+01 0.000000000000000000e+00 
-4.102406463939507475e+00 -8.845928759047084755e-01 1.033801896424108580e-01 6.441245748591134657e+01 0.000000000000000000e+00 
-4.102406463939507475e+00 -8.845928759047084755e-01 1.033801896424108580e-01 6.441245748591134657e+01 0.000000000000000000e+00 
-4.102406463939507475e+00 -8.845928759047084755e-01 1.033801896424108580e-01 6.441245748591134657e+01 0.000000000000000000e+00 
-4.102406463939507475e+00 -8.845928759047084755e-01 1.033801896424108580e-01 6.441245748591134657e+01 0.000000000000000000e+00 
-4.102406463939507475e+00 -8.845928759047084755e-01 1.033801896424108580e-01 6.441245748591134657e+01 0.000000000000000000e+00 
-4.102406463939507475e+00 -8.845928759047084755e-01 1.033801896424108580e-01 6.441245748591134657e+01 0.000000000000000000e+00 
-4.102406463939507475e+00 -8.845928759047084755e-01 1.033801896424108580e-01 6.441245748591134657e+01 0.000000000000000000e+00 
-4.102406463939507475e+00 -8.845928759047084755e-01 1.033801896424108580e-01 6.441245748591134657e+01 0.000000000000000000e+00 
-4.102406463939507475e+00 -8.845928759047084755e-01 1.033801896424108580e-01 6.441245748591134657e+01 0.000000000000000000e+00 
-4.102406463939507475e+00 -8.845928759047084755e-01 1.033801896424108580e-01 6.441245748591134657e+01 0.000000000000000000e+00 
-4.102406463939507475e+00 -8.845928759047084755e-01 1.033801896424108580e-01 6.441245748591134657e+01 0.000000000000000000e+00 
-4.102406463939507475e+00 -8.845928759047084755e-01 1.033801896424108580e-01 6.441245748591134657e+01 0.000000000000000000e+00 
-4.102406463939507475e+00 -8.845928759047084755e-01 1.033801896424108580e-01 6.441245748591134657e+01 0.000000000000000000e+00 
-4.102406463939507475e+00 -8.845928759047084755e-01 1.033801896424108580e-01 6.441245748591134657e+01 0.000000000000000000e+00 
-4.102406463939507475e+00 -8.845928759047084755e-01 1.033801896424108580e-01 6.441245748591134657e+01 0.000000000000000000e+00 
-4.102406463939507475e+00 -8.845928759047084755e-01 1.033801896424108580e-01 6.441245748591134657e+01 0.000000000000000000e+00 
-4.102406463939507475e+00 -8.845928759047084755e-01 1.033801896424108580e-01 6.441245748591134657e+01 0.000000000000000000e+00 
-4.102406463939507475e+00 -8.845928759047084755e-01 1.033801896424108580e-01 6.441245748591134657e+01 0.000000000000000000e+00 
-4.102406463939507475e+00 -8.845928759047084755e-01 1.033801896424108580e-01 6.441245748591134657e+01 0.000000000000000000e+00 
-4.102406463939507475e+00 -8.845928759047084755e-01 1.033801896424108580e-01 6.441245748591134657e+01 0.000000000000000000e+00 
-4.102406463939507475e+00 -8.845928759047084755e-01 1.033801896424108580e-01 6.441245748591134657e+01 0.000000000000000000e+00 
-4.102406463939507475e+00 -8.845928759047084755e-01 1.033801896424108580e-01 6.441245748591134657e+01 0.000000000000000000e+00 
-4.102406463939507475e+00 -8.845928759047084755e-01 1.033801896424108580e-01 6.441245748591134657e+01 0.000000000000000000e+00 
-4.102406463939507475e+00 -8.845928759047084755e-01 1.033801896424108580e-01 6.441245748591134657e+01 0.000000000000000000e+00 
-4.102406463939507475e+00 -8.845928759047084755e-01 1.033801896424108580e-01 6.441245748591134657e+01 0.000000000000000000e+00 
-4.102406463939507475e+00 -8.845928759047084755e-01 1.033801896424108580e-01 6.441245748591134657e+01 0.000000000000000000e+00 
-4.102406463939507475e+00 -8.845928759047084755e-01 1.033801896424108580e-01 6.441245748591134657e+01 0.000000000000000000e+00 
-4.102406463939507475e+00 -8.845928759047084755e-01 1.033801896424108580e-01 6.441245748591134657e+01 0.000000000000000000e+00 
-4.102406463939507475e+00 -8.845928759047084755e-01 1.033801896424108580e-01 6.441245748591134657e+01 0.000000000000000000e+00 
-4.102406463939507475e+00 -8.845928759047084755e-01 1.033801896424108580e-01 6.441245748591134657e+01 0.000000000000000000e+00 
-4.102406463939507475e+00 -8.845928759047084755e-01 1.033801896424108580e-01 6.441245748591134657e+01 0.000000000000000000e+00 
-4.102406463939507475e+00 -8.845928759047084755e-01 1.033801896424108580e-01 6.441245748591134657e+01 0.000000000000000000e+00 
-4.102406463939507475e+00 -8.845928759047084755e-01 1.033801896424108580e-01 6.441245748591134657e+01 0.000000000000000000e+00 
-4.102406463939507475e+00 -8.845928759047084755e-01 1.033801896424108580e-01 6.441245748591134657e+01 0.000000000000000000e+00 
-4.102406463939507475e+00 -8.845928759047084755e-01 1.033801896424108580e-01 6.441245748591134657e+01 0.000000000000000000e+00 
-4.102406463939507475e+00 -8.845928759047084755e-01 1.033801896424108580e-01 6.441245748591134657e+01 0.000000000000000000e+00 
-4.102406463939507475e+00 -8.845928759047084755e-01 1.033801896424108580e-01 6.441245748591134657e+01 0.000000000000000000e+00 
-4.102406463939507475e+00 -8.845928759047084755e-01 1.033801896424108580e-01 6.441245748591134657e+01 0.000000000000000000e+00 
-4.102406463939507475e+00 -8.845928759047084755e-01 1.033801896424108580e-01 6.441245748591134657e+01 0.000000000000000000e+00 
-4.102406463939507475e+00 -8.845928759047084755e-01 1.033801896424108580e-01 6.441245748591134657e+01 0.000000000000000000e+00 
-4.102406463939507475e+00 -8.845928759047084755e-01 1.033801896424108580e-01 6.441245748591134657e+01 0.000000000000000000e+00 
-4.102406463939507475e+00 -8.845928759047084755e-01 1.033801896424108580e-01 6.441245748591134657e+01 0.000000000000000000e+00 
-4.102406463939507475e+00 -8.845928759047084755e-01 1.033801896424108580e-01 6.441245748591134657e+01 0.000000000000000000e+00 
-4.102406463939507475e+00 -8.845928759047084755e-01 1.033801896424108580e-01 6.441245748591134657e+01 0.000000000000000000e+00 
-4.102406463939507475e+00 -8.845928759047084755e-01 1.033801896424108580e-01 6.441245748591134657e+01 0.000000000000000000e+00 
-4.102406463939507475e+00 -8.845928759047084755e-01 1.033801896424108580e-01 6.441245748591134657e+01 0.000000000000000000e+00 
-4.102406463939507475e+00 -8.845928759047084755e-01 1.033801896424108580e-01 6.441245748591134657e+01 0.000000000000000000e+00 
-4.102406463939507475e+00 -8.845928759047084755e-01 1.033801896424108580e-01 6.441245748591134657e+01 0.000000000000000000e+00 
-4.102406463939507475e+00 -8.845928759047084755e-01 1.033801896424108580e-01 6.441245748591134657e+01 0.000000000000000000e+00 
-4.102406463939507475e+00 -8.845928759047084755e-01 1.033801896424108580e-01 6.441245748591134657e+01 0.000000000000000000e+00 
-4.102406463939507475e+00 -8.845928759047084755e-01 1.033801896424108580e-01 6.441245748591134657e+01 0.000000000000000000e+00 
-4.102406463939507475e+00 -8.845928759047084755e-01 1.033801896424108580e-01 6.441245748591134657e+01 0.000000000000000000e+00 
-4.102406463939507475e+00 -8.845928759047084755e-01 1.033801896424108580e-01 6.441245748591134657e+01 0.000000000000000000e+00 
-4.102406463939507475e+00 -8.845928759047084755e-01 1.033801896424108580e-01 6.441245748591134657e+01 0.000000000000000000e+00 
-4.102406463939507475e+00 -8.845928759047084755e-01 1.033801896424108580e-01 6.441245748591134657e+01 0.000000000000000000e+00 
-4.102406463939507475e+00 -8.845928759047084755e-01 1.033801896424108580e-01 6.441245748591134657e+01 0.000000000000000000e+00 
-4.102406463939507475e+00 -8.845928759047084755e-01 1.033801896424108580e-01 6.441245748591134657e+01 0.000000000000000000e+00 
-4.102406463939507475e+00 -8.845928759047084755e-01 1.033801896424108580e-01 6.441245748591134657e+01 0.000000000000000000e+00 
-4.102406463939507475e+00 -8.845928759047084755e-01 1.033801896424108580e-01 6.441245748591134657e+01 0.000000000000000000e+00 
-4.102406463939507475e+00 -8.845928759047084755e-01 1.033801896424108580e-01 6.441245748591134657e+01 0.000000000000000000e+00 
-4.102406463939507475e+00 -8.845928759047084755e-01 1.033801896424108580e-01 6.441245748591134657e+01 0.000000000000000000e+00 
-4.102406463939507475e+00 -8.845928759047084755e-01 1.033801896424108580e-01 6.441245748591134657e+01 0.000000000000000000e+00 
-4.102406463939507475e+00 -8.845928759047084755e-01 1.033801896424108580e-01 6.441245748591134657e+01 0.000000000000000000e+00 
-4.102406463939507475e+00 -8.845928759047084755e-01 1.033801896424108580e-01 6.441245748591134657e+01 0.000000000000000000e+00 
-4.102406463939507475e+00 -8.845928759047084755e-01 1.033801896424108580e-01 6.441245748591134657e+01 0.000000000000000000e+00 
-4.102406463939507475e+00 -8.845928759047084755e-01 1.033801896424108580e-01 6.441245748591134657e+01 0.000000000000000000e+00 
-4.102406463939507475e+00 -8.845928759047084755e-01 1.033801896424108580e-01 6.441245748591134657e+01 0.000000000000000000e+00 
-4.102406463939507475e+00 -8.845928759047084755e-01 1.033801896424108580e-01 6.441245748591134657e+01 0.000000000000000000e+00 
-4.102406463939507475e+00 -8.845928759047084755e-01 1.033801896424108580e-01 6.441245748591134657e+01 0.000000000000000000e+00 
-4.102406463939507475e+00 -8.845928759047084755e-01 1.033801896424108580e-01 6.441245748591134657e+01 0.000000000000000000e+00 
-4.102406463939507475e+00 -8.845928759047084755e-01 1.033801896424108580e-01 6.441245748591134657e+01 0.000000000000000000e+00 
-4.102406463939507475e+00 -8.845928759047084755e-01 1.033801896424108580e-01 6.441245748591134657e+01 0.000000000000000000e+00 
-4.102406463939507475e+00 -8.845928759047084755e-01 1.033801896424108580e-01 6.441245748591134657e+01 0.000000000000000000e+00 
-4.102406463939507475e+00 -8.845928759047084755e-01 1.033801896424108580e-01 6.441245748591134657e+01 0.000000000000000000e+00 
-4.102406463939507475e+00 -8.845928759047084755e-01 1.033801896424108580e-01 6.441245748591134657e+01 0.000000000000000000e+00 
-4.102406463939507475e+00 -8.845928759047084755e-01 1.033801896424108580e-01 6.441245748591134657e+01 0.000000000000000000e+00 
-4.102406463939507475e+00 -8.845928759047084755e-01 1.033801896424108580e-01 6.441245748591134657e+01 0.000000000000000000e+00 
-4.102406463939507475e+00 -8.845928759047084755e-01 1.033801896424108580e-01 6.441245748591134657e+01 0.000000000000000000e+00 
-4.102406463939507475e+00 -8.845928759047084755e-01 1.033801896424108580e-01 6.441245748591134657e+01 0.000000000000000000e+00 
-4.102406463939507475e+00 -8.845928759047084755e-01 1.033801896424108580e-01 6.441245748591134657e+01 0.000000000000000000e+00 
-4.102406463939507475e+00 -8.845928759047084755e-01 1.033801896424108580e-01 6.441245748591134657e+01 0.000000000000000000e+00 
-4.102406463939507475e+00 -8.845928759047084755e-01 1.033801896424108580e-01 6.441245748591134657e+01 0.000000000000000000e+00 
-4.102406463939507475e+00 -8.845928759047084755e-01 1.033801896424108580e-01 6.441245748591134657e+01 0.000000000000000000e+00 
-4.102406463939507475e+00 -8.845928759047084755e-01 1.033801896424108580e-01 6.441245748591134657e+01 0.000000000000000000e+00 
-4.102406463939507475e+00 -8.845928759047084755e-01 1.033801896424108580e-01 6.441245748591134657e+01 0.000000000000000000e+00 
-4.102406463939507475e+00 -8.845928759047084755e-01 1.033801896424108580e-01 6.441245748591134657e+01 0.000000000000000000e+00 
-4.102406463939507475e+00 -8.845928759047084755e-01 1.033801896424108580e-01 6.441245748591134657e+01 0.000000000000000000e+00 
-4.102406463939507475e+00 -8.845928759047084755e-01 1.033801896424108580e-01 6.441245748591134657e+01 0.000000000000000000e+00 
-4.102406463939507475e+00 -8.845928759047084755e-01 1.033801896424108580e-01 6.441245748591134657e+01 0.000000000000000000e+00 
-4.102406463939507475e+00 -8.845928759047084755e-01 1.033801896424108580e-01 6.441245748591134657e+01 0.000000000000000000e+00 
-4.102406463939507475e+00 -8.845928759047084755e-01 1.033801896424108580e-01 6.441245748591134657e+01 0.000000000000000000e+00 
-4.102406463939507475e+00 -8.845928759047084755e-01 1.033801896424108580e-01 6.441245748591134657e+01 0.000000000000000000e+00 
-4.102406463939507475e+00 -8.845928759047084755e-01 1.033801896424108580e-01 6.441245748591134657e+01 0.000000000000000000e+00 
-4.102406463939507475e+00 -8.845928759047084755e-01 1.033801896424108580e-01 6.441245748591134657e+01 0.000000000000000000e+00 
-4.102406463939507475e+00 -8.845928759047084755e-01 1.033801896424108580e-01 6.441245748591134657e+01 0.000000000000000000e+00 
-4.102406463939507475e+00 -8.845928759047084755e-01 1.033801896424108580e-01 6.441245748591134657e+01 0.000000000000000000e+00 
-4.102406463939507475e+00 -8.845928759047084755e-01 1.033801896424108580e-01 6.441245748591134657e+01 0.000000000000000000e+00 
-4.102406463939507475e+00 -8.845928759047084755e-01 1.033801896424108580e-01 6.441245748591134657e+01 0.000000000000000000e+00 
-4.102406463939507475e+00 -8.845928759047084755e-01 1.033801896424108580e-01 6.441245748591134657e+01 0.000000000000000000e+00 
-4.102406463939507475e+00 -8.845928759047084755e-01 1.033801896424108580e-01 6.441245748591134657e+01 0.000000000000000000e+00 
-4.102406463939507475e+00 -8.845928759047084755e-01 1.033801896424108580e-01 6.441245748591134657e+01 0.000000000000000000e+00 
-4.102406463939507475e+00 -8.845928759047084755e-01 1.033801896424108580e-01 6.441245748591134657e+01 0.000000000000000000e+00 
-4.102406463939507475e+00 -8.845928759047084755e-01 1.033801896424108580e-01 6.441245748591134657e+01 0.000000000000000000e+00 
-4.102406463939507475e+00 -8.845928759047084755e-01 1.033801896424108580e-01 6.441245748591134657e+01 0.000000000000000000e+00 
-4.102406463939507475e+00 -8.845928759047084755e-01 1.033801896424108580e-01 6.441245748591134657e+01 0.000000000000000000e+00 
-4.102406463939507475e+00 -8.845928759047084755e-01 1.033801896424108580e-01 6.441245748591134657e+01 0.000000000000000000e+00 
-4.102406463939507475e+00 -8.845928759047084755e-01 1.033801896424108580e-01 6.441245748591134657e+01 0.000000000000000000e+00 
-4.102406463939507475e+00 -8.845928759047084755e-01 1.033801896424108580e-01 6.441245748591134657e+01 0.000000000000000000e+00 
-4.102406463939507475e+00 -8.845928759047084755e-01 1.033801896424108580e-01 6.441245748591134657e+01 0.000000000000000000e+00 
-4.102406463939507475e+00 -8.845928759047084755e-01 1.033801896424108580e-01 6.441245748591134657e+01 0.000000000000000000e+00 
-4.102406463939507475e+00 -8.845928759047084755e-01 1.033801896424108580e-01 6.441245748591134657e+01 0.000000000000000000e+00 
-4.102406463939507475e+00 -8.845928759047084755e-01 1.033801896424108580e-01 6.441245748591134657e+01 0.000000000000000000e+00 
-4.102406463939507475e+00 -8.845928759047084755e-01 1.033801896424108580e-01 6.441245748591134657e+01 0.000000000000000000e+00 
-4.102406463939507475e+00 -8.845928759047084755e-01 1.033801896424108580e-01 6.441245748591134657e+01 0.000000000000000000e+00 
-4.102406463939507475e+00 -8.845928759047084755e-01 1.033801896424108580e-01 6.441245748591134657e+01 0.000000000000000000e+00 
-4.102406463939507475e+00 -8.845928759047084755e-01 1.033801896424108580e-01 6.441245748591134657e+01 0.000000000000000000e+00 
-4.102406463939507475e+00 -8.845928759047084755e-01 1.033801896424108580e-01 6.441245748591134657e+01 0.000000000000000000e+00 
-4.102406463939507475e+00 -8.845928759047084755e-01 1.033801896424108580e-01 6.441245748591134657e+01 0.000000000000000000e+00 
-4.102406463939507475e+00 -8.845928759047084755e-01 1.033801896424108580e-01 6.441245748591134657e+01 0.000000000000000000e+00 
-4.102406463939507475e+00 -8.845928759047084755e-01 1.033801896424108580e-01 6.441245748591134657e+01 0.000000000000000000e+00 
-4.102406463939507475e+00 -8.845928759047084755e-01 1.033801896424108580e-01 6.441245748591134657e+01 0.000000000000000000e+00 
-4.102406463939507475e+00 -8.845928759047084755e-01 1.033801896424108580e-01 6.441245748591134657e+01 0.000000000000000000e+00 
-4.102406463939507475e+00 -8.845928759047084755e-01 1.033801896424108580e-01 6.441245748591134657e+01 0.000000000000000000e+00 
-4.102406463939507475e+00 -8.845928759047084755e-01 1.033801896424108580e-01 6.441245748591134657e+01 0.000000000000000000e+00 
-4.102406463939507475e+00 -8.845928759047084755e-01 1.033801896424108580e-01 6.441245748591134657e+01 0.000000000000000000e+00 
-4.102406463939507475e+00 -8.845928759047084755e-01 1.033801896424108580e-01 6.441245748591134657e+01 0.000000000000000000e+00 
-4.102406463939507475e+00 -8.845928759047084755e-01 1.033801896424108580e-01 6.441245748591134657e+01 0.000000000000000000e+00 
-4.102406463939507475e+00 -8.845928759047084755e-01 1.033801896424108580e-01 6.441245748591134657e+01 0.000000000000000000e+00 
-4.102406463939507475e+00 -8.845928759047084755e-01 1.033801896424108580e-01 6.441245748591134657e+01 0.000000000000000000e+00 
-4.102406463939507475e+00 -8.845928759047084755e-01 1.033801896424108580e-01 6.441245748591134657e+01 0.000000000000000000e+00 
-4.102406463939507475e+00 -8.845928759047084755e-01 1.033801896424108580e-01 6.441245748591134657e+01 0.000000000000000000e+00 
-4.102406463939507475e+00 -8.845928759047084755e-01 1.033801896424108580e-01 6.441245748591134657e+01 0.000000000000000000e+00 
-4.102406463939507475e+00 -8.845928759047084755e-01 1.033801896424108580e-01 6.441245748591134657e+01 0.000000000000000000e+00 
-4.102406463939507475e+00 -8.845928759047084755e-01 1.033801896424108580e-01 6.441245748591134657e+01 0.000000000000000000e+00 
-4.102406463939507475e+00 -8.845928759047084755e-01 1.033801896424108580e-01 6.441245748591134657e+01 0.000000000000000000e+00 
-4.102406463939507475e+00 -8.845928759047084755e-01 1.033801896424108580e-01 6.441245748591134657e+01 0.000000000000000000e+00 
-4.102406463939507475e+00 -8.845928759047084755e-01 1.033801896424108580e-01 6.441245748591134657e+01 0.000000000000000000e+00 
-4.102406463939507475e+00 -8.845928759047084755e-01 1.033801896424108580e-01 6.441245748591134657e+01 0.000000000000000000e+00 
-4.102406463939507475e+00 -8.845928759047084755e-01 1.033801896424108580e-01 6.441245748591134657e+01 0.000000000000000000e+00 
-4.102406463939507475e+00 -8.845928759047084755e-01 1.033801896424108580e-01 6.441245748591134657e+01 0.000000000000000000e+00 
-4.102406463939507475e+00 -8.845928759047084755e-01 1.033801896424108580e-01 6.441245748591134657e+01 0.000000000000000000e+00 
-4.102406463939507475e+00 -8.845928759047084755e-01 1.033801896424108580e-01 6.441245748591134657e+01 0.000000000000000000e+00 
-4.102406463939507475e+00 -8.845928759047084755e-01 1.033801896424108580e-01 6.441245748591134657e+01 0.000000000000000000e+00 
-4.102406463939507475e+00 -8.845928759047084755e-01 1.033801896424108580e-01 6.441245748591134657e+01 0.000000000000000000e+00 
-4.102406463939507475e+00 -8.845928759047084755e-01 1.033801896424108580e-01 6.441245748591134657e+01 0.000000000000000000e+00 
-4.102406463939507475e+00 -8.845928759047084755e-01 1.033801896424108580e-01 6.441245748591134657e+01 0.000000000000000000e+00 
-4.102406463939507475e+00 -8.845928759047084755e-01 1.033801896424108580e-01 6.441245748591134657e+01 0.000000000000000000e+00 
-4.102406463939507475e+00 -8.845928759047084755e-01 1.033801896424108580e-01 6.441245748591134657e+01 0.000000000000000000e+00 
-4.102406463939507475e+00 -8.845928759047084755e-01 1.033801896424108580e-01 6.441245748591134657e+01 0.000000000000000000e+00 
-4.102406463939507475e+00 -8.845928759047084755e-01 1.033801896424108580e-01 6.441245748591134657e+01 0.000000000000000000e+00 
-4.102406463939507475e+00 -8.845928759047084755e-01 1.033801896424108580e-01 6.441245748591134657e+01 0.000000000000000000e+00 
-4.102406463939507475e+00 -8.845928759047084755e-01 1.033801896424108580e-01 6.441245748591134657e+01 0.000000000000000000e+00 
-4.102406463939507475e+00 -8.845928759047084755e-01 1.033801896424108580e-01 6.441245748591134657e+01 0.000000000000000000e+00 
-4.102406463939507475e+00 -8.845928759047084755e-01 1.033801896424108580e-01 6.441245748591134657e+01 0.000000000000000000e+00 
-4.102406463939507475e+00 -8.845928759047084755e-01 1.033801896424108580e-01 6.441245748591134657e+01 0.000000000000000000e+00 
-4.102406463939507475e+00 -8.845928759047084755e-01 1.033801896424108580e-01 6.441245748591134657e+01 0.000000000000000000e+00 
-4.102406463939507475e+00 -8.845928759047084755e-01 1.033801896424108580e-01 6.441245748591134657e+01 0.000000000000000000e+00 
-4.102406463939507475e+00 -8.845928759047084755e-01 1.033801896424108580e-01 6.441245748591134657e+01 0.000000000000000000e+00 
-4.102406463939507475e+00 -8.845928759047084755e-01 1.033801896424108580e-01 6.441245748591134657e+01 0.000000000000000000e+00 
-4.102406463939507475e+00 -8.845928759047084755e-01 1.033801896424108580e-01 6.441245748591134657e+01 0.000000000000000000e+00 
-4.102406463939507475e+00 -8.845928759047084755e-01 1.033801896424108580e-01 6.441245748591134657e+01 0.000000000000000000e+00 
-4.102406463939507475e+00 -8.845928759047084755e-01 1.033801896424108580e-01 6.441245748591134657e+01 0.000000000000000000e+00 
-4.102406463939507475e+00 -8.845928759047084755e-01 1.033801896424108580e-01 6.441245748591134657e+01 0.000000000000000000e+00 
-4.102406463939507475e+00 -8.845928759047084755e-01 1.033801896424108580e-01 6.441245748591134657e+01 0.000000000000000000e+00 
-4.102406463939507475e+00 -8.845928759047084755e-01 1.033801896424108580e-01 6.441245748591134657e+01 0.000000000000000000e+00 
-4.102406463939507475e+00 -8.845928759047084755e-01 1.033801896424108580e-01 6.441245748591134657e+01 0.000000000000000000e+00 
-4.102406463939507475e+00 -8.845928759047084755e-01 1.033801896424108580e-01 6.441245748591134657e+01 0.000000000000000000e+00 
-4.102406463939507475e+00 -8.845928759047084755e-01 1.033801896424108580e-01 6.441245748591134657e+01 0.000000000000000000e+00 
-4.102406463939507475e+00 -8.845928759047084755e-01 1.033801896424108580e-01 6.441245748591134657e+01 0.000000000000000000e+00 
-4.102406463939507475e+00 -8.845928759047084755e-01 1.033801896424108580e-01 6.441245748591134657e+01 0.000000000000000000e+00 
-4.102406463939507475e+00 -8.845928759047084755e-01 1.033801896424108580e-01 6.441245748591134657e+01 0.000000000000000000e+00 
-4.102406463939507475e+00 -8.845928759047084755e-01 1.033801896424108580e-01 6.441245748591134657e+01 0.000000000000000000e+00 
-4.102406463939507475e+00 -8.845928759047084755e-01 1.033801896424108580e-01 6.441245748591134657e+01 0.000000000000000000e+00 
-4.102406463939507475e+00 -8.845928759047084755e-01 1.033801896424108580e-01 6.441245748591134657e+01 0.000000000000000000e+00 
-4.102406463939507475e+00 -8.845928759047084755e-01 1.033801896424108580e-01 6.441245748591134657e+01 0.000000000000000000e+00 
-4.102406463939507475e+00 -8.845928759047084755e-01 1.033801896424108580e-01 6.441245748591134657e+01 0.000000000000000000e+00 
-4.102406463939507475e+00 -8.845928759047084755e-01 1.033801896424108580e-01 6.441245748591134657e+01 0.000000000000000000e+00 
-4.102406463939507475e+00 -8.845928759047084755e-01 1.033801896424108580e-01 6.441245748591134657e+01 0.000000000000000000e+00 
-4.102406463939507475e+00 -8.845928759047084755e-01 1.033801896424108580e-01 6.441245748591134657e+01 0.000000000000000000e+00 
-4.102406463939507475e+00 -8.845928759047084755e-01 1.033801896424108580e-01 6.441245748591134657e+01 0.000000000000000000e+00 
-4.102406463939507475e+00 -8.845928759047084755e-01 1.033801896424108580e-01 6.441245748591134657e+01 0.000000000000000000e+00 
-4.102406463939507475e+00 -8.845928759047084755e-01 1.033801896424108580e-01 6.441245748591134657e+01 0.000000000000000000e+00 
-4.102406463939507475e+00 -8.845928759047084755e-01 1.033801896424108580e-01 6.441245748591134657e+01 0.000000000000000000e+00 
-4.102406463939507475e+00 -8.845928759047084755e-01 1.033801896424108580e-01 6.441245748591134657e+01 0.000000000000000000e+00 
-4.102406463939507475e+00 -8.845928759047084755e-01 1.033801896424108580e-01 6.441245748591134657e+01 0.000000000000000000e+00 
-4.102406463939507475e+00 -8.845928759047084755e-01 1.033801896424108580e-01 6.441245748591134657e+01 0.000000000000000000e+00 
-4.102406463939507475e+00 -8.845928759047084755e-01 1.033801896424108580e-01 6.441245748591134657e+01 0.000000000000000000e+00 
-4.102406463939507475e+00 -8.845928759047084755e-01 1.033801896424108580e-01 6.441245748591134657e+01 0.000000000000000000e+00 
-4.102406463939507475e+00 -8.845928759047084755e-01 1.033801896424108580e-01 6.441245748591134657e+01 0.000000000000000000e+00 
-4.102406463939507475e+00 -8.845928759047084755e-01 1.033801896424108580e-01 6.441245748591134657e+01 0.000000000000000000e+00 
-4.102406463939507475e+00 -8.845928759047084755e-01 1.033801896424108580e-01 6.441245748591134657e+01 0.000000000000000000e+00 
-4.102406463939507475e+00 -8.845928759047084755e-01 1.033801896424108580e-01 6.441245748591134657e+01 0.000000000000000000e+00 
-4.102406463939507475e+00 -8.845928759047084755e-01 1.033801896424108580e-01 6.441245748591134657e+01 0.000000000000000000e+00 
-4.102406463939507475e+00 -8.845928759047084755e-01 1.033801896424108580e-01 6.441245748591134657e+01 0.000000000000000000e+00 
-4.102406463939507475e+00 -8.845928759047084755e-01 1.033801896424108580e-01 6.441245748591134657e+01 0.000000000000000000e+00 
-4.102406463939507475e+00 -8.845928759047084755e-01 1.033801896424108580e-01 6.441245748591134657e+01 0.000000000000000000e+00 
-4.102406463939507475e+00 -8.845928759047084755e-01 1.033801896424108580e-01 6.441245748591134657e+01 0.000000000000000000e+00 
-4.102406463939507475e+00 -8.845928759047084755e-01 1.033801896424108580e-01 6.441245748591134657e+01 0.000000000000000000e+00 
-4.102406463939507475e+00 -8.845928759047084755e-01 1.033801896424108580e-01 6.441245748591134657e+01 0.000000000000000000e+00 
-4.102406463939507475e+00 -8.845928759047084755e-01 1.033801896424108580e-01 6.441245748591134657e+01 0.000000000000000000e+00 
-4.102406463939507475e+00 -8.845928759047084755e-01 1.033801896424108580e-01 6.441245748591134657e+01 0.000000000000000000e+00 
-4.102406463939507475e+00 -8.845928759047084755e-01 1.033801896424108580e-01 6.441245748591134657e+01 0.000000000000000000e+00 
-4.102406463939507475e+00 -8.845928759047084755e-01 1.033801896424108580e-01 6.441245748591134657e+01 0.000000000000000000e+00 
-4.102406463939507475e+00 -8.845928759047084755e-01 1.033801896424108580e-01 6.441245748591134657e+01 0.000000000000000000e+00 
-4.102406463939507475e+00 -8.845928759047084755e-01 1.033801896424108580e-01 6.441245748591134657e+01 0.000000000000000000e+00 
-4.102406463939507475e+00 -8.845928759047084755e-01 1.033801896424108580e-01 6.441245748591134657e+01 0.000000000000000000e+00 
-4.102406463939507475e+00 -8.845928759047084755e-01 1.033801896424108580e-01 6.441245748591134657e+01 0.000000000000000000e+00 
-4.102406463939507475e+00 -8.845928759047084755e-01 1.033801896424108580e-01 6.441245748591134657e+01 0.000000000000000000e+00 
-4.102406463939507475e+00 -8.845928759047084755e-01 1.033801896424108580e-01 6.441245748591134657e+01 0.000000000000000000e+00 
-4.102406463939507475e+00 -8.845928759047084755e-01 1.033801896424108580e-01 6.441245748591134657e+01 0.000000000000000000e+00 
-4.102406463939507475e+00 -8.845928759047084755e-01 1.033801896424108580e-01 6.441245748591134657e+01 0.000000000000000000e+00 
-4.102406463939507475e+00 -8.845928759047084755e-01 1.033801896424108580e-01 6.441245748591134657e+01 0.000000000000000000e+00 
-4.102406463939507475e+00 -8.845928759047084755e-01 1.033801896424108580e-01 6.441245748591134657e+01 0.000000000000000000e+00 
-4.102406463939507475e+00 -8.845928759047084755e-01 1.033801896424108580e-01 6.441245748591134657e+01 0.000000000000000000e+00 
-4.102406463939507475e+00 -8.845928759047084755e-01 1.033801896424108580e-01 6.441245748591134657e+01 0.000000000000000000e+00 
-4.102406463939507475e+00 -8.845928759047084755e-01 1.033801896424108580e-01 6.441245748591134657e+01 0.000000000000000000e+00 
-4.102406463939507475e+00 -8.845928759047084755e-01 1.033801896424108580e-01 6.441245748591134657e+01 0.000000000000000000e+00 
-4.102406463939507475e+00 -8.845928759047084755e-01 1.033801896424108580e-01 6.441245748591134657e+01 0.000000000000000000e+00 
-4.102406463939507475e+00 -8.845928759047084755e-01 1.033801896424108580e-01 6.441245748591134657e+01 0.000000000000000000e+00 
-4.102406463939507475e+00 -8.845928759047084755e-01 1.033801896424108580e-01 6.441245748591134657e+01 0.000000000000000000e+00 
-4.102406463939507475e+00 -8.845928759047084755e-01 1.033801896424108580e-01 6.441245748591134657e+01 0.000000000000000000e+00 
-4.102406463939507475e+00 -8.845928759047084755e-01 1.033801896424108580e-01 6.441245748591134657e+01 0.000000000000000000e+00 
-4.102406463939507475e+00 -8.845928759047084755e-01 1.033801896424108580e-01 6.441245748591134657e+01 0.000000000000000000e+00 
-4.102406463939507475e+00 -8.845928759047084755e-01 1.033801896424108580e-01 6.441245748591134657e+01 0.000000000000000000e+00 
-4.102406463939507475e+00 -8.845928759047084755e-01 1.033801896424108580e-01 6.441245748591134657e+01 0.000000000000000000e+00 
-4.102406463939507475e+00 -8.845928759047084755e-01 1.033801896424108580e-01 6.441245748591134657e+01 0.000000000000000000e+00 
-4.102406463939507475e+00 -8.845928759047084755e-01 1.033801896424108580e-01 6.441245748591134657e+01 0.000000000000000000e+00 
-4.102406463939507475e+00 -8.845928759047084755e-01 1.033801896424108580e-01 6.441245748591134657e+01 0.000000000000000000e+00 
-4.102406463939507475e+00 -8.845928759047084755e-01 1.033801896424108580e-01 6.441245748591134657e+01 0.000000000000000000e+00 
-4.102406463939507475e+00 -8.845928759047084755e-01 1.033801896424108580e-01 6.441245748591134657e+01 0.000000000000000000e+00 
-4.102406463939507475e+00 -8.845928759047084755e-01 1.033801896424108580e-01 6.441245748591134657e+01 0.000000000000000000e+00 
-4.102406463939507475e+00 -8.845928759047084755e-01 1.033801896424108580e-01 6.441245748591134657e+01 0.000000000000000000e+00 
-4.102406463939507475e+00 -8.845928759047084755e-01 1.033801896424108580e-01 6.441245748591134657e+01 0.000000000000000000e+00 
-4.102406463939507475e+00 -8.845928759047084755e-01 1.033801896424108580e-01 6.441245748591134657e+01 0.000000000000000000e+00 
-4.102406463939507475e+00 -8.845928759047084755e-01 1.033801896424108580e-01 6.441245748591134657e+01 0.000000000000000000e+00 
-4.102406463939507475e+00 -8.845928759047084755e-01 1.033801896424108580e-01 6.441245748591134657e+01 0.000000000000000000e+00 
-4.102406463939507475e+00 -8.845928759047084755e-01 1.033801896424108580e-01 6.441245748591134657e+01 0.000000000000000000e+00 
-4.102406463939507475e+00 -8.845928759047084755e-01 1.033801896424108580e-01 6.441245748591134657e+01 0.000000000000000000e+00 
-4.102406463939507475e+00 -8.845928759047084755e-01 1.033801896424108580e-01 6.441245748591134657e+01 0.000000000000000000e+00 
-4.102406463939507475e+00 -8.845928759047084755e-01 1.033801896424108580e-01 6.441245748591134657e+01 0.000000000000000000e+00 
-4.102406463939507475e+00 -8.845928759047084755e-01 1.033801896424108580e-01 6.441245748591134657e+01 0.000000000000000000e+00 
-4.573611836023006028e+00 -8.219622623375166803e-01 8.979672708220064192e-02 6.207717783753241036e+01 0.000000000000000000e+00 
-4.573611836023006028e+00 -8.219622623375166803e-01 8.979672708220064192e-02 6.207717783753241036e+01 0.000000000000000000e+00 
-4.573611836023006028e+00 -8.219622623375166803e-01 8.979672708220064192e-02 6.207717783753241036e+01 0.000000000000000000e+00 
-4.573611836023006028e+00 -8.219622623375166803e-01 8.979672708220064192e-02 6.207717783753241036e+01 0.000000000000000000e+00 
-4.573611836023006028e+00 -8.219622623375166803e-01 8.979672708220064192e-02 6.207717783753241036e+01 0.000000000000000000e+00 
-4.573611836023006028e+00 -8.219622623375166803e-01 8.979672708220064192e-02 6.207717783753241036e+01 0.000000000000000000e+00 
-4.573611836023006028e+00 -8.219622623375166803e-01 8.979672708220064192e-02 6.207717783753241036e+01 0.000000000000000000e+00 
-4.573611836023006028e+00 -8.219622623375166803e-01 8.979672708220064192e-02 6.207717783753241036e+01 0.000000000000000000e+00 
-4.573611836023006028e+00 -8.219622623375166803e-01 8.979672708220064192e-02 6.207717783753241036e+01 0.000000000000000000e+00 
-4.573611836023006028e+00 -8.219622623375166803e-01 8.979672708220064192e-02 6.207717783753241036e+01 0.000000000000000000e+00 
-4.573611836023006028e+00 -8.219622623375166803e-01 8.979672708220064192e-02 6.207717783753241036e+01 0.000000000000000000e+00 
-4.573611836023006028e+00 -8.219622623375166803e-01 8.979672708220064192e-02 6.207717783753241036e+01 0.000000000000000000e+00 
-4.573611836023006028e+00 -8.219622623375166803e-01 8.979672708220064192e-02 6.207717783753241036e+01 0.000000000000000000e+00 
-4.573611836023006028e+00 -8.219622623375166803e-01 8.979672708220064192e-02 6.207717783753241036e+01 0.000000000000000000e+00 
-4.573611836023006028e+00 -8.219622623375166803e-01 8.979672708220064192e-02 6.207717783753241036e+01 0.000000000000000000e+00 
-4.573611836023006028e+00 -8.219622623375166803e-01 8.979672708220064192e-02 6.207717783753241036e+01 0.000000000000000000e+00 
-4.573611836023006028e+00 -8.219622623375166803e-01 8.979672708220064192e-02 6.207717783753241036e+01 0.000000000000000000e+00 
-4.573611836023006028e+00 -8.219622623375166803e-01 8.979672708220064192e-02 6.207717783753241036e+01 0.000000000000000000e+00 
-4.573611836023006028e+00 -8.219622623375166803e-01 8.979672708220064192e-02 6.207717783753241036e+01 0.000000000000000000e+00 
-4.573611836023006028e+00 -8.219622623375166803e-01 8.979672708220064192e-02 6.207717783753241036e+01 0.000000000000000000e+00 
-4.573611836023006028e+00 -8.219622623375166803e-01 8.979672708220064192e-02 6.207717783753241036e+01 0.000000000000000000e+00 
-4.573611836023006028e+00 -8.219622623375166803e-01 8.979672708220064192e-02 6.207717783753241036e+01 0.000000000000000000e+00 
-4.573611836023006028e+00 -8.219622623375166803e-01 8.979672708220064192e-02 6.207717783753241036e+01 0.000000000000000000e+00 
-4.573611836023006028e+00 -8.219622623375166803e-01 8.979672708220064192e-02 6.207717783753241036e+01 0.000000000000000000e+00 
-4.573611836023006028e+00 -8.219622623375166803e-01 8.979672708220064192e-02 6.207717783753241036e+01 0.000000000000000000e+00 
-4.573611836023006028e+00 -8.219622623375166803e-01 8.979672708220064192e-02 6.207717783753241036e+01 0.000000000000000000e+00 
-4.573611836023006028e+00 -8.219622623375166803e-01 8.979672708220064192e-02 6.207717783753241036e+01 0.000000000000000000e+00 
-4.573611836023006028e+00 -8.219622623375166803e-01 8.979672708220064192e-02 6.207717783753241036e+01 0.000000000000000000e+00 
-4.573611836023006028e+00 -8.219622623375166803e-01 8.979672708220064192e-02 6.207717783753241036e+01 0.000000000000000000e+00 
-4.573611836023006028e+00 -8.219622623375166803e-01 8.979672708220064192e-02 6.207717783753241036e+01 0.000000000000000000e+00 
-4.573611836023006028e+00 -8.219622623375166803e-01 8.979672708220064192e-02 6.207717783753241036e+01 0.000000000000000000e+00 
-4.573611836023006028e+00 -8.219622623375166803e-01 8.979672708220064192e-02 6.207717783753241036e+01 0.000000000000000000e+00 
-4.573611836023006028e+00 -8.219622623375166803e-01 8.979672708220064192e-02 6.207717783753241036e+01 0.000000000000000000e+00 
-4.573611836023006028e+00 -8.219622623375166803e-01 8.979672708220064192e-02 6.207717783753241036e+01 0.000000000000000000e+00 
-4.573611836023006028e+00 -8.219622623375166803e-01 8.979672708220064192e-02 6.207717783753241036e+01 0.000000000000000000e+00 
-4.573611836023006028e+00 -8.219622623375166803e-01 8.979672708220064192e-02 6.207717783753241036e+01 0.000000000000000000e+00 
-4.573611836023006028e+00 -8.219622623375166803e-01 8.979672708220064192e-02 6.207717783753241036e+01 0.000000000000000000e+00 
-4.573611836023006028e+00 -8.219622623375166803e-01 8.979672708220064192e-02 6.207717783753241036e+01 0.000000000000000000e+00 
-4.573611836023006028e+00 -8.219622623375166803e-01 8.979672708220064192e-02 6.207717783753241036e+01 0.000000000000000000e+00 
-4.573611836023006028e+00 -8.219622623375166803e-01 8.979672708220064192e-02 6.207717783753241036e+01 0.000000000000000000e+00 
-4.573611836023006028e+00 -8.219622623375166803e-01 8.979672708220064192e-02 6.207717783753241036e+01 0.000000000000000000e+00 
-4.573611836023006028e+00 -8.219622623375166803e-01 8.979672708220064192e-02 6.207717783753241036e+01 0.000000000000000000e+00 
-4.573611836023006028e+00 -8.219622623375166803e-01 8.979672708220064192e-02 6.207717783753241036e+01 0.000000000000000000e+00 
-4.573611836023006028e+00 -8.219622623375166803e-01 8.979672708220064192e-02 6.207717783753241036e+01 0.000000000000000000e+00 
-4.573611836023006028e+00 -8.219622623375166803e-01 8.979672708220064192e-02 6.207717783753241036e+01 0.000000000000000000e+00 
-4.573611836023006028e+00 -8.219622623375166803e-01 8.979672708220064192e-02 6.207717783753241036e+01 0.000000000000000000e+00 
-4.573611836023006028e+00 -8.219622623375166803e-01 8.979672708220064192e-02 6.207717783753241036e+01 0.000000000000000000e+00 
-4.573611836023006028e+00 -8.219622623375166803e-01 8.979672708220064192e-02 6.207717783753241036e+01 0.000000000000000000e+00 
-4.573611836023006028e+00 -8.219622623375166803e-01 8.979672708220064192e-02 6.207717783753241036e+01 0.000000000000000000e+00 
-4.573611836023006028e+00 -8.219622623375166803e-01 8.979672708220064192e-02 6.207717783753241036e+01 0.000000000000000000e+00 
-4.573611836023006028e+00 -8.219622623375166803e-01 8.979672708220064192e-02 6.207717783753241036e+01 0.000000000000000000e+00 
-4.573611836023006028e+00 -8.219622623375166803e-01 8.979672708220064192e-02 6.207717783753241036e+01 0.000000000000000000e+00 
-4.573611836023006028e+00 -8.219622623375166803e-01 8.979672708220064192e-02 6.207717783753241036e+01 0.000000000000000000e+00 
-4.573611836023006028e+00 -8.219622623375166803e-01 8.979672708220064192e-02 6.207717783753241036e+01 0.000000000000000000e+00 
-4.573611836023006028e+00 -8.219622623375166803e-01 8.979672708220064192e-02 6.207717783753241036e+01 0.000000000000000000e+00 
-4.573611836023006028e+00 -8.219622623375166803e-01 8.979672708220064192e-02 6.207717783753241036e+01 0.000000000000000000e+00 
-4.573611836023006028e+00 -8.219622623375166803e-01 8.979672708220064192e-02 6.207717783753241036e+01 0.000000000000000000e+00 
-4.573611836023006028e+00 -8.219622623375166803e-01 8.979672708220064192e-02 6.207717783753241036e+01 0.000000000000000000e+00 
-4.573611836023006028e+00 -8.219622623375166803e-01 8.979672708220064192e-02 6.207717783753241036e+01 0.000000000000000000e+00 
-4.573611836023006028e+00 -8.219622623375166803e-01 8.979672708220064192e-02 6.207717783753241036e+01 0.000000000000000000e+00 
-4.573611836023006028e+00 -8.219622623375166803e-01 8.979672708220064192e-02 6.207717783753241036e+01 0.000000000000000000e+00 
-4.573611836023006028e+00 -8.219622623375166803e-01 8.979672708220064192e-02 6.207717783753241036e+01 0.000000000000000000e+00 
-4.573611836023006028e+00 -8.219622623375166803e-01 8.979672708220064192e-02 6.207717783753241036e+01 0.000000000000000000e+00 
-4.573611836023006028e+00 -8.219622623375166803e-01 8.979672708220064192e-02 6.207717783753241036e+01 0.000000000000000000e+00 
-4.573611836023006028e+00 -8.219622623375166803e-01 8.979672708220064192e-02 6.207717783753241036e+01 0.000000000000000000e+00 
-4.573611836023006028e+00 -8.219622623375166803e-01 8.979672708220064192e-02 6.207717783753241036e+01 0.000000000000000000e+00 
-4.573611836023006028e+00 -8.219622623375166803e-01 8.979672708220064192e-02 6.207717783753241036e+01 0.000000000000000000e+00 
-4.573611836023006028e+00 -8.219622623375166803e-01 8.979672708220064192e-02 6.207717783753241036e+01 0.000000000000000000e+00 
-4.573611836023006028e+00 -8.219622623375166803e-01 8.979672708220064192e-02 6.207717783753241036e+01 0.000000000000000000e+00 
-4.573611836023006028e+00 -8.219622623375166803e-01 8.979672708220064192e-02 6.207717783753241036e+01 0.000000000000000000e+00 
-4.573611836023006028e+00 -8.219622623375166803e-01 8.979672708220064192e-02 6.207717783753241036e+01 0.000000000000000000e+00 
-4.573611836023006028e+00 -8.219622623375166803e-01 8.979672708220064192e-02 6.207717783753241036e+01 0.000000000000000000e+00 
-4.573611836023006028e+00 -8.219622623375166803e-01 8.979672708220064192e-02 6.207717783753241036e+01 0.000000000000000000e+00 
-4.573611836023006028e+00 -8.219622623375166803e-01 8.979672708220064192e-02 6.207717783753241036e+01 0.000000000000000000e+00 
-4.573611836023006028e+00 -8.219622623375166803e-01 8.979672708220064192e-02 6.207717783753241036e+01 0.000000000000000000e+00 
-4.573611836023006028e+00 -8.219622623375166803e-01 8.979672708220064192e-02 6.207717783753241036e+01 0.000000000000000000e+00 
-4.573611836023006028e+00 -8.219622623375166803e-01 8.979672708220064192e-02 6.207717783753241036e+01 0.000000000000000000e+00 
-4.573611836023006028e+00 -8.219622623375166803e-01 8.979672708220064192e-02 6.207717783753241036e+01 0.000000000000000000e+00 
-4.573611836023006028e+00 -8.219622623375166803e-01 8.979672708220064192e-02 6.207717783753241036e+01 0.000000000000000000e+00 
-4.573611836023006028e+00 -8.219622623375166803e-01 8.979672708220064192e-02 6.207717783753241036e+01 0.000000000000000000e+00 
-4.573611836023006028e+00 -8.219622623375166803e-01 8.979672708220064192e-02 6.207717783753241036e+01 0.000000000000000000e+00 
-4.573611836023006028e+00 -8.219622623375166803e-01 8.979672708220064192e-02 6.207717783753241036e+01 0.000000000000000000e+00 
-4.573611836023006028e+00 -8.219622623375166803e-01 8.979672708220064192e-02 6.207717783753241036e+01 0.000000000000000000e+00 
-4.573611836023006028e+00 -8.219622623375166803e-01 8.979672708220064192e-02 6.207717783753241036e+01 0.000000000000000000e+00 
-4.915766290304562247e+00 -8.368153252243597517e-01 9.017698566366137702e-02 6.270831614246296937e+01 -1.240015808774314575e-02 
-5.265337928458063033e+00 -7.922564793626910573e-01 9.230241240559954041e-02 5.737046949744542701e+01 1.117029966772365920e-02 
-5.095837056512306340e+00 -8.811150391673265858e-01 9.467489440583563842e-02 6.110500976764986802e+01 9.352916883298055539e-03 
-5.095837056512306340e+00 -8.811150391673265858e-01 9.467489440583563842e-02 6.110500976764986802e+01 9.352916883298055539e-03 
-5.007445140881667811e+00 -8.537054827467329687e-01 8.753059436528308479e-02 6.311289891674219632e+01 9.670772135862178501e-03 
-4.868608414783881955e+00 -8.363015750918429969e-01 8.559783094519840541e-02 6.004449924576152142e+01 5.064576747193465407e-03 
-4.868608414783881955e+00 -8.363015750918429969e-01 8.559783094519840541e-02 6.004449924576152142e+01 5.064576747193465407e-03 
-4.804833553441641314e+00 -8.800521492740003282e-01 8.879007909176764302e-02 6.004080321055399594e+01 6.217592936506434118e-03 
-4.804833553441641314e+00 -8.800521492740003282e-01 8.879007909176764302e-02 6.004080321055399594e+01 6.217592936506434118e-03 
-4.769219996294947528e+00 -8.848899938540333299e-01 9.657579110017987245e-02 5.502719533608899383e+01 6.898474672770445182e-03 
-4.916793223523050038e+00 -8.924966597841087479e-01 9.019265476597264353e-02 5.318027851172166010e+01 7.988362990398130414e-03 
-4.916793223523050038e+00 -8.924966597841087479e-01 9.019265476597264353e-02 5.318027851172166010e+01 7.988362990398130414e-03 
-4.916793223523050038e+00 -8.924966597841087479e-01 9.019265476597264353e-02 5.318027851172166010e+01 7.988362990398130414e-03 
-4.916793223523050038e+00 -8.924966597841087479e-01 9.019265476597264353e-02 5.318027851172166010e+01 7.988362990398130414e-03 
-4.862235641218506821e+00 -8.734049057543199490e-01 9.008422692438060320e-02 5.707881637997203228e+01 8.924995812474474655e-04 
-4.862235641218506821e+00 -8.734049057543199490e-01 9.008422692438060320e-02 5.707881637997203228e+01 8.924995812474474655e-04 
-4.862235641218506821e+00 -8.734049057543199490e-01 9.008422692438060320e-02 5.707881637997203228e+01 8.924995812474474655e-04 
-4.900328171562553514e+00 -8.870528297490267722e-01 8.333558458582446260e-02 5.652523511829056702e+01 -7.908425235291553779e-02 
-4.921073230817084365e+00 -9.133795929730913477e-01 8.900058284413271681e-02 5.316957573028193451e+01 1.421981291328098390e-02 
-5.071489115172824746e+00 -9.053722894953625255e-01 8.264754214697427048e-02 5.639919664902856766e+01 8.712442862659717027e-03 
-5.071489115172824746e+00 -9.053722894953625255e-01 8.264754214697427048e-02 5.639919664902856766e+01 8.712442862659717027e-03 
-5.210587507117540262e+00 -8.686676980127934211e-01 8.856756019609834940e-02 5.477843514641993750e+01 8.314216529793624910e-03 
-5.210587507117540262e+00 -8.686676980127934211e-01 8.856756019609834940e-02 5.477843514641993750e+01 8.314216529793624910e-03 
-5.089636184341483016e+00 -8.779145587563725872e-01 8.816989058580666783e-02 6.082328392553745999e+01 8.316224706640194808e-03 
-4.876606901981644704e+00 -8.650074562006635492e-01 8.160331123322575597e-02 6.163210464299938707e+01 6.824162717783242502e-03 
-4.859416997299531360e+00 -8.065447956921132366e-01 8.801531184260029395e-02 5.901857385855407756e+01 5.786968223570273379e-03 
-5.012847217550125301e+00 -8.568594489684958626e-01 8.794221098625339128e-02 5.997527048078165279e+01 5.126136152456570692e-03 
-5.012847217550125301e+00 -8.568594489684958626e-01 8.794221098625339128e-02 5.997527048078165279e+01 5.126136152456570692e-03 
-5.146298967749809883e+00 -8.756037894240739083e-01 8.119416851136997126e-02 6.306928565935194797e+01 4.120126868216310474e-03 
-5.146298967749809883e+00 -8.756037894240739083e-01 8.119416851136997126e-02 6.306928565935194797e+01 4.120126868216310474e-03 
-5.146298967749809883e+00 -8.756037894240739083e-01 8.119416851136997126e-02 6.306928565935194797e+01 4.120126868216310474e-03 
