-3.430382770542097060e+00 -8.567156994582936225e-01 1.260178086510759243e-01 7.504802871346484494e+01 1.030732161449442880e-02 
-3.605053679884987261e+00 -5.238241253027895450e-01 1.410714475938740498e-01 2.739768095021551630e+01 2.520946193503777188e-02 
-3.763982856524580534e+00 -4.202050654700661414e-01 1.385026296734973850e-01 2.188163184006009487e+01 2.520946193503777188e-02 
-3.552192569942233646e+00 -3.897769338743835577e-01 1.370762299850247778e-01 2.234796854495590424e+01 1.538484032614987132e-02 
-3.658822007089346240e+00 -3.139422362901723718e-01 1.263388562345300892e-01 2.834455799918128704e+01 1.538484032614987132e-02 
-3.658822007089346240e+00 -3.139422362901723718e-01 1.263388562345300892e-01 2.834455799918128704e+01 1.538484032614987132e-02 
-4.033902498186082042e+00 -3.872260909918006089e-01 1.238191216465521494e-01 2.677490850187265181e+01 4.473619289570648222e-02 
-3.995609655133343097e+00 -3.677441952290896876e-01 1.192721881799295586e-01 2.524490305194148831e+01 4.473619289570648222e-02 
-4.261700230601418227e+00 -3.943605218596080153e-01 1.249571630429846675e-01 2.321748565766036876e+01 4.473619289570648222e-02 
-4.578823285405473342e+00 -3.744784966705017037e-01 1.297475999732133622e-01 2.604621441084120548e+01 4.473619289570648222e-02 
-4.516736333073376741e+00 -3.807859654116043657e-01 1.230144729396979442e-01 2.894798054581741553e+01 4.473619289570648222e-02 
-4.251985016241926374e+00 -3.588453834802870501e-01 1.198135835286037454e-01 2.670099252765774978e+01 4.473619289570648222e-02 
-4.062155171306074841e+00 -3.161051197470328145e-01 1.230504254716987544e-01 2.959490828677894925e+01 4.473619289570648222e-02 
-4.005132616559706094e+00 -3.540397347854829513e-01 1.257152145007620070e-01 3.258905416874668504e+01 4.473619289570648222e-02 
-3.906916792123721116e+00 -2.715734664608912552e-01 1.251253246728536161e-01 3.299844329285975419e+01 4.473619289570648222e-02 
-3.929205547595404191e+00 -2.590435607132591800e-01 1.364892949472510664e-01 3.818936295638639677e+01 1.698243667937292256e-02 
-3.659590751281925680e+00 -2.700823958259511159e-01 1.349974198459603092e-01 4.025918515609319570e+01 1.657877860040570667e-02 
-3.913688410172707410e+00 -2.105662962424078022e-01 1.298253252381191825e-01 4.222960387866377374e+01 1.734002888081200358e-02 
-3.835339683324197502e+00 -1.955162014526791447e-01 1.349064295000426128e-01 3.608173545061491438e+01 2.032070021097598031e-02 
-3.596759155299275257e+00 -2.110634363005937930e-01 1.398585640982143441e-01 3.715699144797474673e+01 2.404583099506034730e-02 
-3.639308694262704424e+00 -1.227707184823843001e-01 1.388102751702263438e-01 3.752059341808305959e+01 2.156998163422196857e-02 
-3.496188107587793858e+00 -1.491474508446809233e-01 1.405155685656042375e-01 3.696065709109273456e+01 1.649593159576933157e-02 
-3.626251883468197157e+00 -1.306824441879455290e-01 1.418034608674238750e-01 4.026691236672019869e+01 1.664365844603597072e-02 
-3.459020879315890529e+00 -7.039961491485652312e-02 1.356083042746427658e-01 4.201010288792884495e+01 2.188483689507445679e-02 
-3.555092492365250045e+00 -6.027064081956543667e-02 1.333071444272345141e-01 3.674829437454654624e+01 2.276356907362615117e-02 
-3.676164923771382487e+00 -8.939984208811638244e-02 1.360542958481834597e-01 4.079248660356257261e+01 4.065191598777831428e-02 
-3.730096222421880103e+00 -8.686693371268169872e-02 1.358270244257823445e-01 3.750679957176991053e+01 3.921850150511693722e-02 
-3.797708564899475281e+00 -1.575676079116778427e-01 1.413258344306461967e-01 3.721074442354645129e+01 3.670732309316066672e-02 
-3.943572063581934906e+00 -1.071788728230815696e-01 1.339544077616891260e-01 3.312852612459154500e+01 2.544374716310331824e-02 
-4.028613956784051098e+00 -1.256499590673980371e-01 1.354746360875478672e-01 3.314031318501345424e+01 2.544374716310331824e-02 
-4.188260056208928717e+00 -1.824796659592310411e-01 1.366770951434090886e-01 2.625783926406312219e+01 2.544374716310331824e-02 
-3.837663070130268750e+00 -2.046021078221824663e-01 1.380977715035996700e-01 3.222686955782668861e+01 2.544374716310331824e-02 
-3.826684942758212582e+00 -1.863654661725877293e-01 1.456160588366019748e-01 3.068415248610828527e+01 2.544374716310331824e-02 
-3.842656191350292350e+00 -2.221548245928528509e-01 1.399241672331479336e-01 3.325931252963816576e+01 2.544374716310331824e-02 
-4.043186231209777937e+00 -2.001037862410478818e-01 1.450298818832957692e-01 3.436864292721640624e+01 2.544374716310331824e-02 
-4.107125407562802089e+00 -1.913652354396747635e-01 1.489050553984155589e-01 2.990309055152643580e+01 2.544374716310331824e-02 
-4.385629998734292379e+00 -1.798138024766532395e-01 1.627439474759241056e-01 3.342967125706598353e+01 2.544374716310331824e-02 
-4.438199664274920409e+00 -1.711105275673464043e-01 1.593936180795452739e-01 2.817526308827837056e+01 2.544374716310331824e-02 
-4.442213079249826002e+00 -2.042007369197872957e-01 1.644149724862880857e-01 3.055398887914819284e+01 2.544374716310331824e-02 
-4.422351838864149620e+00 -1.649018273241770194e-01 1.624575644412530329e-01 3.158337159175765052e+01 2.544374716310331824e-02 
-4.632772762376906606e+00 -1.503081824344776607e-01 1.608656672314007774e-01 4.105435484834350746e+01 1.466189097431283214e-02 
-4.933070768094400371e+00 -1.948779978956887982e-01 1.667840393284113765e-01 4.069199743244119105e+01 1.505783637246995918e-02 
-4.919241889839431892e+00 -1.755010009175159147e-01 1.666693132976131697e-01 3.525938164120926643e+01 1.505783637246995918e-02 
-4.766744796621036784e+00 -1.392577435570828692e-01 1.678602523476981634e-01 4.153359969925753603e+01 -2.041937215080456003e-01 
-4.898266834147433357e+00 -1.261796595606145543e-01 1.643533719453193209e-01 4.300869923968168251e+01 1.883293806878811108e-02 
-4.813984204755047180e+00 -2.011315647436128506e-01 1.734920766132052039e-01 4.875590707745799790e+01 2.421486578049471261e-02 
-4.872901181734783371e+00 -8.876316745883588988e-02 1.682485629769200075e-01 5.012875469714590082e+01 2.008260718088556579e-02 
-5.170021156338511226e+00 -4.165513665792702075e-02 1.749624071192039110e-01 4.830223004694881439e+01 2.084643949282572600e-02 
-5.202731678554575190e+00 2.090476997719020041e-02 1.595039497031204845e-01 4.518743482504488895e+01 2.084643949282572600e-02 
-5.257497146213105488e+00 -4.136985085291538383e-02 1.595125002823913618e-01 4.170208324494027607e+01 2.408810100633720225e-02 
-5.411704535750565981e+00 -8.312811564258680563e-02 1.675158368270524001e-01 3.869621764186387480e+01 1.210420552325215844e-02 
-5.324871066159307276e+00 -6.683722648526782550e-02 1.546068054688705951e-01 3.943443658962789300e+01 7.685799300692048620e-03 
-5.514037755739744640e+00 -6.758441051062707983e-02 1.575871248887760201e-01 4.047660644919079687e+01 1.248070196504490366e-02 
-5.523435734793831209e+00 -9.476115977953704361e-02 1.597490746900595282e-01 3.901258335600950744e+01 1.753721292164010098e-02 
-5.523435734793831209e+00 -9.476115977953704361e-02 1.597490746900595282e-01 3.901258335600950744e+01 1.753721292164010098e-02 
-5.145490608637500962e+00 -1.332627141026419548e-01 1.619216692983710126e-01 4.422626832685752163e+01 2.082032620084910135e-02 
-4.924063421644246930e+00 -1.808214275423872808e-01 1.580794253882294165e-01 4.421425435784623659e+01 1.358438944015247056e-02 
-4.772774660774715905e+00 -1.708563676663670816e-01 1.664171909127961091e-01 4.319679863788418572e+01 1.146125477427980925e-02 
-4.833573641465719994e+00 -2.093420742259580747e-01 1.765486449594876883e-01 3.850680006957207269e+01 1.146125477427980925e-02 
-4.833573641465719994e+00 -2.093420742259580747e-01 1.765486449594876883e-01 3.850680006957207269e+01 1.146125477427980925e-02 
-4.833573641465719994e+00 -2.093420742259580747e-01 1.765486449594876883e-01 3.850680006957207269e+01 1.146125477427980925e-02 
-4.922457229070920093e+00 -1.572908956725659613e-01 1.836483817504970528e-01 3.845500402179617083e+01 2.129541387905532421e-02 
-4.753529686637665286e+00 -7.675214282373352126e-02 1.801608387652846588e-01 4.330581780144099469e+01 1.536525939058393762e-02 
-4.723341708831619634e+00 -9.464928590443560941e-02 1.859682109396116056e-01 4.422293822316709111e+01 2.752276938683881000e-02 
-4.589556921494051700e+00 -1.317759844934891511e-01 1.921720202944023070e-01 4.278190162793344342e+01 1.532164919344538440e-02 
-4.690222717765950122e+00 -1.035776475659551110e-01 1.821825526650285854e-01 4.271313356913289994e+01 6.996309474876123702e-03 
-4.862204160785996265e+00 -1.325165003020872534e-01 1.859776284792520329e-01 3.818538066196386183e+01 6.996309474876123702e-03 
-4.862204160785996265e+00 -1.325165003020872534e-01 1.859776284792520329e-01 3.818538066196386183e+01 6.996309474876123702e-03 
-4.862204160785996265e+00 -1.325165003020872534e-01 1.859776284792520329e-01 3.818538066196386183e+01 6.996309474876123702e-03 
-5.009598257123495380e+00 -7.322204558291411924e-03 1.910892846701762460e-01 3.919457263373009681e+01 1.638860468740447815e-02 
-5.292538356522736187e+00 4.593824270346390237e-02 1.816426538209699459e-01 3.878369877981236868e+01 1.638860468740447815e-02 
-5.290912553428444021e+00 3.553478128751100945e-02 1.754775602070468565e-01 3.733171037586676277e+01 1.638860468740447815e-02 
-5.290912553428444021e+00 3.553478128751100945e-02 1.754775602070468565e-01 3.733171037586676277e+01 1.638860468740447815e-02 
-5.338941161505053046e+00 -7.028689992401060405e-02 1.653860968575844859e-01 3.929688424888450271e+01 1.768480662588563929e-02 
-5.409684112485319218e+00 -3.423466214506012267e-02 1.699841608627923883e-01 4.156549365126089413e+01 1.619148295313311073e-02 
-5.409684112485319218e+00 -3.423466214506012267e-02 1.699841608627923883e-01 4.156549365126089413e+01 1.619148295313311073e-02 
-5.422955036694704134e+00 -1.345881506994675222e-02 1.547216684133698728e-01 4.121677826338456185e+01 2.105607453765572651e-02 
-5.367417566757846537e+00 -8.563254024969180200e-02 1.519045277314761411e-01 4.239485610187209375e+01 1.767083349530801720e-02 
-5.367417566757846537e+00 -8.563254024969180200e-02 1.519045277314761411e-01 4.239485610187209375e+01 1.767083349530801720e-02 
-5.561915608528122945e+00 -7.336766261431452996e-02 1.460204041036351486e-01 4.009726623098481468e+01 2.066450794919763231e-02 
-5.692701894060382628e+00 2.057099121210922976e-02 1.450780490359930286e-01 4.799053207619642336e+01 2.066450794919763231e-02 
-5.303895262245720943e+00 -4.121611016638734859e-02 1.478774193801381254e-01 4.210427787106909392e+01 1.643635909039528609e-02 
-5.303895262245720943e+00 -4.121611016638734859e-02 1.478774193801381254e-01 4.210427787106909392e+01 1.643635909039528609e-02 
-5.303895262245720943e+00 -4.121611016638734859e-02 1.478774193801381254e-01 4.210427787106909392e+01 1.643635909039528609e-02 
-5.384608982374825992e+00 -6.107928328144299202e-02 1.439679396911852927e-01 4.086054244673881186e+01 2.357208242151252742e-02 
-5.303391762737365234e+00 -9.379261433088109667e-02 1.400597112248379295e-01 4.699027459466495316e+01 1.030503561802698781e-02 
-5.303391762737365234e+00 -9.379261433088109667e-02 1.400597112248379295e-01 4.699027459466495316e+01 1.030503561802698781e-02 
-5.393528567068059054e+00 -1.613837264815317085e-01 1.395375380110083219e-01 4.999130551789640720e+01 8.592540438351038701e-03 
-5.294912688874084949e+00 -1.722510120358927976e-01 1.452133215598361282e-01 4.700213601448820100e+01 6.997993593169229108e-03 
-5.392565750567884564e+00 -1.852426432372892562e-01 1.448270798401491422e-01 5.183524536307837138e+01 5.670752759183950338e-03 
-5.392565750567884564e+00 -1.852426432372892562e-01 1.448270798401491422e-01 5.183524536307837138e+01 5.670752759183950338e-03 
-5.248180502590671814e+00 -2.103691756869778551e-01 1.497154170658874517e-01 4.679860867846903005e+01 -1.374691696344064375e-04 
-5.275621771979401409e+00 -1.209151428890346686e-01 1.548372360384681901e-01 4.064763963709878425e+01 2.400608437352273750e-02 
-5.487782516263917998e+00 -1.478409855560955388e-01 1.572084814456539414e-01 3.874144630648878973e+01 8.820459215922541243e-03 
-5.487782516263917998e+00 -1.478409855560955388e-01 1.572084814456539414e-01 3.874144630648878973e+01 8.820459215922541243e-03 
-5.507522541521415071e+00 -1.327227484888801323e-01 1.595048395486142745e-01 3.640876054166206899e+01 2.166477993242632918e-02 
-5.504685681557145216e+00 -3.924944852639775106e-02 1.595679256584432992e-01 3.791399623546841724e+01 2.435019692449817696e-02 
-5.533357738911863777e+00 -3.894218437723830778e-02 1.640487112851155838e-01 3.287231745209776079e+01 2.435019692449817696e-02 
-5.533357738911863777e+00 -3.894218437723830778e-02 1.640487112851155838e-01 3.287231745209776079e+01 2.435019692449817696e-02 
-5.650935852900239809e+00 -3.197435208945669655e-02 1.701431357918194165e-01 3.653980885862314665e+01 4.509176246227328960e-02 
-5.574078042237434971e+00 8.504167515871088878e-03 1.586450371436664841e-01 4.201114211051483238e+01 4.509176246227328960e-02 
-5.772282082927862490e+00 1.285120826401152209e-03 1.593514399307698060e-01 4.119209792456311447e+01 4.509176246227328960e-02 
-5.494981812616435590e+00 -3.384059829329005842e-02 1.527675748284120782e-01 3.753050848023546138e+01 1.693273064249978081e-03 
-5.494981812616435590e+00 -3.384059829329005842e-02 1.527675748284120782e-01 3.753050848023546138e+01 1.693273064249978081e-03 
-5.572566833052514212e+00 -4.776559983813958438e-02 1.456580994362545733e-01 3.251148851012318630e+01 2.378604120658809468e-02 
-5.716328455638264749e+00 -9.862673706937130635e-02 1.351619179732294618e-01 3.104146638699618066e+01 2.378604120658809468e-02 
-6.083292492647717431e+00 -1.130224794965983964e-01 1.356759425294219445e-01 2.985556516616219369e+01 1.820381885114506076e-02 
-6.112697421176847890e+00 -1.308101495127244329e-01 1.447699650587923048e-01 2.950843754528165874e+01 1.454882482994000054e-02 
-6.112697421176847890e+00 -1.308101495127244329e-01 1.447699650587923048e-01 2.950843754528165874e+01 1.454882482994000054e-02 
-6.205233450181985688e+00 -1.381096619774695444e-01 1.314713165511683934e-01 2.952467906822915467e+01 1.272259892039795739e-02 
-6.332792362705768063e+00 -2.526523928248638473e-01 1.476268380522623991e-01 3.293193286105620388e+01 1.272259892039795739e-02 
-6.001391757849510178e+00 -2.392460849602524864e-01 1.529224884807177942e-01 2.567729542348454430e+01 2.382604438300619382e-02 
-6.337326435567544713e+00 -2.149792984961274300e-01 1.440202165038070026e-01 2.795215600532563016e+01 2.382604438300619382e-02 
-6.212931939237082979e+00 -2.365438420971419931e-01 1.368266334347591207e-01 2.838398140033090655e+01 2.382604438300619382e-02 
-6.127944787428441842e+00 -2.035982397834326107e-01 1.388572485191810479e-01 2.759091304387611743e+01 2.328994123588282519e-02 
-6.246392041438562082e+00 -1.356190014045298708e-01 1.398644528599188863e-01 2.548152633078289142e+01 2.461104667143584543e-02 
-6.414349252718317018e+00 -1.080026551258271433e-01 1.426743273543168156e-01 2.724411752242050611e+01 2.461104667143584543e-02 
-6.172432903732730125e+00 -6.280042054755397007e-02 1.422964819971533623e-01 2.614922898320639888e+01 1.681625434389409993e-02 
-6.026933082791671836e+00 -2.446487965988469043e-02 1.373746593085270473e-01 2.450739454740320156e+01 1.681625434389409993e-02 
-5.805700335529851763e+00 8.233026395436313094e-04 1.245023618664107545e-01 2.711773701006267956e+01 1.681625434389409993e-02 
-5.775908940994343155e+00 5.806792830689477998e-04 1.179049024159293108e-01 3.032273429690937405e+01 1.681625434389409993e-02 
-6.094489618130373820e+00 2.137115696895408937e-02 1.210368118877040294e-01 2.795872695297550337e+01 1.681625434389409993e-02 
-5.848859504854998725e+00 1.900434783580663006e-02 1.243654033926434171e-01 3.017346551257212539e+01 1.681625434389409993e-02 
-5.635500558902537982e+00 -2.670687662916629984e-02 1.319016164452961326e-01 2.875144775718455747e+01 1.681625434389409993e-02 
-5.869523648609245470e+00 -4.933429233243025180e-02 1.312033070074787033e-01 2.553252942937922043e+01 1.681625434389409993e-02 
-5.869523648609245470e+00 -4.933429233243025180e-02 1.312033070074787033e-01 2.553252942937922043e+01 1.681625434389409993e-02 
-5.798582661399801275e+00 -1.015344855063900209e-02 1.351747882965596559e-01 2.078909684807447888e+01 2.897981103663035268e-02 
-5.886239542466293884e+00 2.642503554024986517e-03 1.435349939837007593e-01 1.305961653958139479e+01 2.897981103663035268e-02 
-6.009212187242929382e+00 4.447610398977502877e-02 1.351971712595583797e-01 1.294464859917436605e+01 2.897981103663035268e-02 
-5.772689196565898406e+00 3.451086683629352864e-02 1.334346079177152478e-01 1.033536594434911748e+01 2.897981103663035268e-02 
-5.823122794905964739e+00 4.784305171758587716e-02 1.324158794311046938e-01 8.262715915840475489e+00 2.897981103663035268e-02 
-5.648343739409789066e+00 3.123122900076749642e-02 1.195541574526618051e-01 7.141200410518760755e+00 2.897981103663035268e-02 
-5.620802830892313473e+00 1.147103068326497666e-01 1.276107365445856845e-01 7.243106753430907041e+00 2.897981103663035268e-02 
-5.401356999208833720e+00 9.104641392314591353e-02 1.267658580884463981e-01 -3.158394628439704199e+00 2.897981103663035268e-02 
-5.683467573020609898e+00 2.982891965132938861e-02 1.264465363925285080e-01 -2.979784102036469928e+00 2.897981103663035268e-02 
-5.560561102137492995e+00 2.797404491373892479e-02 1.308945109444859256e-01 7.427131968612483703e-01 2.897981103663035268e-02 
-5.664358299848046840e+00 3.534809411251909478e-02 1.280583824513128743e-01 -3.199123019129249013e+00 2.897981103663035268e-02 
-5.661463111267140746e+00 6.050315824727070524e-02 1.153837548849349498e-01 -8.135477638063594696e+00 2.897981103663035268e-02 
-5.572677392144910868e+00 1.062033270942023960e-01 1.125704879698110061e-01 -1.659523403188593704e+00 2.897981103663035268e-02 
-5.668241681727899106e+00 2.106292436656340139e-01 1.096921291228857565e-01 -1.409416912614816164e+00 2.897981103663035268e-02 
-5.554512994890625777e+00 1.912333818109038797e-01 1.156521109045297174e-01 -7.462560734354439784e-01 2.897981103663035268e-02 
-5.425658864003573001e+00 1.989846914079210771e-01 1.177044187032998818e-01 1.853075845926571263e+00 2.897981103663035268e-02 
-5.641103131251950842e+00 1.653509430032771288e-01 1.114715775396961928e-01 -7.240044190899364018e-02 2.897981103663035268e-02 
-5.552019948858042397e+00 1.614957649006285023e-01 1.225463948333618547e-01 7.146196009835964702e+00 2.897981103663035268e-02 
-5.457775537645589203e+00 1.881624855324589562e-01 1.200036681941618888e-01 6.981054997126254769e+00 2.897981103663035268e-02 
-5.204395055203348441e+00 1.966931760139519758e-01 1.192694198798892879e-01 5.277239044306049287e+00 2.897981103663035268e-02 
-5.006961421725105055e+00 2.184055028403498189e-01 1.139100966605640225e-01 1.599404295448748403e+00 2.897981103663035268e-02 
-4.991115105848471956e+00 1.790292855788030435e-01 1.085692676980528348e-01 4.463786977454325289e+00 2.897981103663035268e-02 
-4.938496579947411647e+00 1.460513073023451402e-01 1.131291036344700962e-01 7.468245497192009807e-01 2.897981103663035268e-02 
-4.994332818344919822e+00 1.988488330247480118e-01 1.116708362308840435e-01 -8.975059649200922696e-01 2.897981103663035268e-02 
