-3.639127451612552910e+00 -8.490270329934604954e-01 1.368315637287216557e-01 7.217393032765536987e+01 3.309126047048457919e-02 
-2.938093393817382992e+00 -8.019632681555306508e-01 1.415526196917060719e-01 7.997828315229322982e+01 7.571661267147013208e-04 
-2.938093393817382992e+00 -8.019632681555306508e-01 1.415526196917060719e-01 7.997828315229322982e+01 7.571661267147013208e-04 
-2.938093393817382992e+00 -8.019632681555306508e-01 1.415526196917060719e-01 7.997828315229322982e+01 7.571661267147013208e-04 
-2.938093393817382992e+00 -8.019632681555306508e-01 1.415526196917060719e-01 7.997828315229322982e+01 7.571661267147013208e-04 
-2.938093393817382992e+00 -8.019632681555306508e-01 1.415526196917060719e-01 7.997828315229322982e+01 7.571661267147013208e-04 
-2.938093393817382992e+00 -8.019632681555306508e-01 1.415526196917060719e-01 7.997828315229322982e+01 7.571661267147013208e-04 
-2.938093393817382992e+00 -8.019632681555306508e-01 1.415526196917060719e-01 7.997828315229322982e+01 7.571661267147013208e-04 
-2.938093393817382992e+00 -8.019632681555306508e-01 1.415526196917060719e-01 7.997828315229322982e+01 7.571661267147013208e-04 
-2.938093393817382992e+00 -8.019632681555306508e-01 1.415526196917060719e-01 7.997828315229322982e+01 7.571661267147013208e-04 
-2.938093393817382992e+00 -8.019632681555306508e-01 1.415526196917060719e-01 7.997828315229322982e+01 7.571661267147013208e-04 
-2.938093393817382992e+00 -8.019632681555306508e-01 1.415526196917060719e-01 7.997828315229322982e+01 7.571661267147013208e-04 
-2.938093393817382992e+00 -8.019632681555306508e-01 1.415526196917060719e-01 7.997828315229322982e+01 7.571661267147013208e-04 
-2.938093393817382992e+00 -8.019632681555306508e-01 1.415526196917060719e-01 7.997828315229322982e+01 7.571661267147013208e-04 
-2.938093393817382992e+00 -8.019632681555306508e-01 1.415526196917060719e-01 7.997828315229322982e+01 7.571661267147013208e-04 
-2.938093393817382992e+00 -8.019632681555306508e-01 1.415526196917060719e-01 7.997828315229322982e+01 7.571661267147013208e-04 
-2.938093393817382992e+00 -8.019632681555306508e-01 1.415526196917060719e-01 7.997828315229322982e+01 7.571661267147013208e-04 
-2.938093393817382992e+00 -8.019632681555306508e-01 1.415526196917060719e-01 7.997828315229322982e+01 7.571661267147013208e-04 
-2.938093393817382992e+00 -8.019632681555306508e-01 1.415526196917060719e-01 7.997828315229322982e+01 7.571661267147013208e-04 
-2.938093393817382992e+00 -8.019632681555306508e-01 1.415526196917060719e-01 7.997828315229322982e+01 7.571661267147013208e-04 
-2.938093393817382992e+00 -8.019632681555306508e-01 1.415526196917060719e-01 7.997828315229322982e+01 7.571661267147013208e-04 
-2.938093393817382992e+00 -8.019632681555306508e-01 1.415526196917060719e-01 7.997828315229322982e+01 7.571661267147013208e-04 
-2.938093393817382992e+00 -8.019632681555306508e-01 1.415526196917060719e-01 7.997828315229322982e+01 7.571661267147013208e-04 
-2.938093393817382992e+00 -8.019632681555306508e-01 1.415526196917060719e-01 7.997828315229322982e+01 7.571661267147013208e-04 
-2.938093393817382992e+00 -8.019632681555306508e-01 1.415526196917060719e-01 7.997828315229322982e+01 7.571661267147013208e-04 
-2.938093393817382992e+00 -8.019632681555306508e-01 1.415526196917060719e-01 7.997828315229322982e+01 7.571661267147013208e-04 
-2.938093393817382992e+00 -8.019632681555306508e-01 1.415526196917060719e-01 7.997828315229322982e+01 7.571661267147013208e-04 
-2.938093393817382992e+00 -8.019632681555306508e-01 1.415526196917060719e-01 7.997828315229322982e+01 7.571661267147013208e-04 
-2.938093393817382992e+00 -8.019632681555306508e-01 1.415526196917060719e-01 7.997828315229322982e+01 7.571661267147013208e-04 
-2.938093393817382992e+00 -8.019632681555306508e-01 1.415526196917060719e-01 7.997828315229322982e+01 7.571661267147013208e-04 
-2.938093393817382992e+00 -8.019632681555306508e-01 1.415526196917060719e-01 7.997828315229322982e+01 7.571661267147013208e-04 
-2.938093393817382992e+00 -8.019632681555306508e-01 1.415526196917060719e-01 7.997828315229322982e+01 7.571661267147013208e-04 
-2.938093393817382992e+00 -8.019632681555306508e-01 1.415526196917060719e-01 7.997828315229322982e+01 7.571661267147013208e-04 
-2.938093393817382992e+00 -8.019632681555306508e-01 1.415526196917060719e-01 7.997828315229322982e+01 7.571661267147013208e-04 
-2.938093393817382992e+00 -8.019632681555306508e-01 1.415526196917060719e-01 7.997828315229322982e+01 7.571661267147013208e-04 
-2.938093393817382992e+00 -8.019632681555306508e-01 1.415526196917060719e-01 7.997828315229322982e+01 7.571661267147013208e-04 
-2.938093393817382992e+00 -8.019632681555306508e-01 1.415526196917060719e-01 7.997828315229322982e+01 7.571661267147013208e-04 
-2.938093393817382992e+00 -8.019632681555306508e-01 1.415526196917060719e-01 7.997828315229322982e+01 7.571661267147013208e-04 
-2.938093393817382992e+00 -8.019632681555306508e-01 1.415526196917060719e-01 7.997828315229322982e+01 7.571661267147013208e-04 
-2.938093393817382992e+00 -8.019632681555306508e-01 1.415526196917060719e-01 7.997828315229322982e+01 7.571661267147013208e-04 
-2.938093393817382992e+00 -8.019632681555306508e-01 1.415526196917060719e-01 7.997828315229322982e+01 7.571661267147013208e-04 
-2.938093393817382992e+00 -8.019632681555306508e-01 1.415526196917060719e-01 7.997828315229322982e+01 7.571661267147013208e-04 
-2.938093393817382992e+00 -8.019632681555306508e-01 1.415526196917060719e-01 7.997828315229322982e+01 7.571661267147013208e-04 
-2.938093393817382992e+00 -8.019632681555306508e-01 1.415526196917060719e-01 7.997828315229322982e+01 7.571661267147013208e-04 
-2.938093393817382992e+00 -8.019632681555306508e-01 1.415526196917060719e-01 7.997828315229322982e+01 7.571661267147013208e-04 
-2.938093393817382992e+00 -8.019632681555306508e-01 1.415526196917060719e-01 7.997828315229322982e+01 7.571661267147013208e-04 
-2.938093393817382992e+00 -8.019632681555306508e-01 1.415526196917060719e-01 7.997828315229322982e+01 7.571661267147013208e-04 
-2.938093393817382992e+00 -8.019632681555306508e-01 1.415526196917060719e-01 7.997828315229322982e+01 7.571661267147013208e-04 
-2.938093393817382992e+00 -8.019632681555306508e-01 1.415526196917060719e-01 7.997828315229322982e+01 7.571661267147013208e-04 
-2.938093393817382992e+00 -8.019632681555306508e-01 1.415526196917060719e-01 7.997828315229322982e+01 7.571661267147013208e-04 
-2.938093393817382992e+00 -8.019632681555306508e-01 1.415526196917060719e-01 7.997828315229322982e+01 7.571661267147013208e-04 
-2.938093393817382992e+00 -8.019632681555306508e-01 1.415526196917060719e-01 7.997828315229322982e+01 7.571661267147013208e-04 
-2.938093393817382992e+00 -8.019632681555306508e-01 1.415526196917060719e-01 7.997828315229322982e+01 7.571661267147013208e-04 
-2.938093393817382992e+00 -8.019632681555306508e-01 1.415526196917060719e-01 7.997828315229322982e+01 7.571661267147013208e-04 
-2.938093393817382992e+00 -8.019632681555306508e-01 1.415526196917060719e-01 7.997828315229322982e+01 7.571661267147013208e-04 
-2.938093393817382992e+00 -8.019632681555306508e-01 1.415526196917060719e-01 7.997828315229322982e+01 7.571661267147013208e-04 
-2.938093393817382992e+00 -8.019632681555306508e-01 1.415526196917060719e-01 7.997828315229322982e+01 7.571661267147013208e-04 
-2.938093393817382992e+00 -8.019632681555306508e-01 1.415526196917060719e-01 7.997828315229322982e+01 7.571661267147013208e-04 
-2.938093393817382992e+00 -8.019632681555306508e-01 1.415526196917060719e-01 7.997828315229322982e+01 7.571661267147013208e-04 
-2.938093393817382992e+00 -8.019632681555306508e-01 1.415526196917060719e-01 7.997828315229322982e+01 7.571661267147013208e-04 
-2.938093393817382992e+00 -8.019632681555306508e-01 1.415526196917060719e-01 7.997828315229322982e+01 7.571661267147013208e-04 
-2.938093393817382992e+00 -8.019632681555306508e-01 1.415526196917060719e-01 7.997828315229322982e+01 7.571661267147013208e-04 
-2.938093393817382992e+00 -8.019632681555306508e-01 1.415526196917060719e-01 7.997828315229322982e+01 7.571661267147013208e-04 
-2.938093393817382992e+00 -8.019632681555306508e-01 1.415526196917060719e-01 7.997828315229322982e+01 7.571661267147013208e-04 
-2.938093393817382992e+00 -8.019632681555306508e-01 1.415526196917060719e-01 7.997828315229322982e+01 7.571661267147013208e-04 
-2.938093393817382992e+00 -8.019632681555306508e-01 1.415526196917060719e-01 7.997828315229322982e+01 7.571661267147013208e-04 
-2.938093393817382992e+00 -8.019632681555306508e-01 1.415526196917060719e-01 7.997828315229322982e+01 7.571661267147013208e-04 
-2.938093393817382992e+00 -8.019632681555306508e-01 1.415526196917060719e-01 7.997828315229322982e+01 7.571661267147013208e-04 
-2.938093393817382992e+00 -8.019632681555306508e-01 1.415526196917060719e-01 7.997828315229322982e+01 7.571661267147013208e-04 
-2.938093393817382992e+00 -8.019632681555306508e-01 1.415526196917060719e-01 7.997828315229322982e+01 7.571661267147013208e-04 
-2.938093393817382992e+00 -8.019632681555306508e-01 1.415526196917060719e-01 7.997828315229322982e+01 7.571661267147013208e-04 
-2.938093393817382992e+00 -8.019632681555306508e-01 1.415526196917060719e-01 7.997828315229322982e+01 7.571661267147013208e-04 
-2.938093393817382992e+00 -8.019632681555306508e-01 1.415526196917060719e-01 7.997828315229322982e+01 7.571661267147013208e-04 
-2.938093393817382992e+00 -8.019632681555306508e-01 1.415526196917060719e-01 7.997828315229322982e+01 7.571661267147013208e-04 
-2.938093393817382992e+00 -8.019632681555306508e-01 1.415526196917060719e-01 7.997828315229322982e+01 7.571661267147013208e-04 
-2.938093393817382992e+00 -8.019632681555306508e-01 1.415526196917060719e-01 7.997828315229322982e+01 7.571661267147013208e-04 
-2.938093393817382992e+00 -8.019632681555306508e-01 1.415526196917060719e-01 7.997828315229322982e+01 7.571661267147013208e-04 
-2.938093393817382992e+00 -8.019632681555306508e-01 1.415526196917060719e-01 7.997828315229322982e+01 7.571661267147013208e-04 
-2.938093393817382992e+00 -8.019632681555306508e-01 1.415526196917060719e-01 7.997828315229322982e+01 7.571661267147013208e-04 
-2.938093393817382992e+00 -8.019632681555306508e-01 1.415526196917060719e-01 7.997828315229322982e+01 7.571661267147013208e-04 
-2.938093393817382992e+00 -8.019632681555306508e-01 1.415526196917060719e-01 7.997828315229322982e+01 7.571661267147013208e-04 
-2.938093393817382992e+00 -8.019632681555306508e-01 1.415526196917060719e-01 7.997828315229322982e+01 7.571661267147013208e-04 
-2.938093393817382992e+00 -8.019632681555306508e-01 1.415526196917060719e-01 7.997828315229322982e+01 7.571661267147013208e-04 
-2.938093393817382992e+00 -8.019632681555306508e-01 1.415526196917060719e-01 7.997828315229322982e+01 7.571661267147013208e-04 
-2.938093393817382992e+00 -8.019632681555306508e-01 1.415526196917060719e-01 7.997828315229322982e+01 7.571661267147013208e-04 
-2.938093393817382992e+00 -8.019632681555306508e-01 1.415526196917060719e-01 7.997828315229322982e+01 7.571661267147013208e-04 
-2.938093393817382992e+00 -8.019632681555306508e-01 1.415526196917060719e-01 7.997828315229322982e+01 7.571661267147013208e-04 
-2.938093393817382992e+00 -8.019632681555306508e-01 1.415526196917060719e-01 7.997828315229322982e+01 7.571661267147013208e-04 
-2.938093393817382992e+00 -8.019632681555306508e-01 1.415526196917060719e-01 7.997828315229322982e+01 7.571661267147013208e-04 
-2.938093393817382992e+00 -8.019632681555306508e-01 1.415526196917060719e-01 7.997828315229322982e+01 7.571661267147013208e-04 
-2.938093393817382992e+00 -8.019632681555306508e-01 1.415526196917060719e-01 7.997828315229322982e+01 7.571661267147013208e-04 
-2.938093393817382992e+00 -8.019632681555306508e-01 1.415526196917060719e-01 7.997828315229322982e+01 7.571661267147013208e-04 
-2.938093393817382992e+00 -8.019632681555306508e-01 1.415526196917060719e-01 7.997828315229322982e+01 7.571661267147013208e-04 
-2.938093393817382992e+00 -8.019632681555306508e-01 1.415526196917060719e-01 7.997828315229322982e+01 7.571661267147013208e-04 
-2.938093393817382992e+00 -8.019632681555306508e-01 1.415526196917060719e-01 7.997828315229322982e+01 7.571661267147013208e-04 
-2.938093393817382992e+00 -8.019632681555306508e-01 1.415526196917060719e-01 7.997828315229322982e+01 7.571661267147013208e-04 
-2.938093393817382992e+00 -8.019632681555306508e-01 1.415526196917060719e-01 7.997828315229322982e+01 7.571661267147013208e-04 
-2.938093393817382992e+00 -8.019632681555306508e-01 1.415526196917060719e-01 7.997828315229322982e+01 7.571661267147013208e-04 
-2.938093393817382992e+00 -8.019632681555306508e-01 1.415526196917060719e-01 7.997828315229322982e+01 7.571661267147013208e-04 
-2.938093393817382992e+00 -8.019632681555306508e-01 1.415526196917060719e-01 7.997828315229322982e+01 7.571661267147013208e-04 
-2.938093393817382992e+00 -8.019632681555306508e-01 1.415526196917060719e-01 7.997828315229322982e+01 7.571661267147013208e-04 
-2.938093393817382992e+00 -8.019632681555306508e-01 1.415526196917060719e-01 7.997828315229322982e+01 7.571661267147013208e-04 
-2.938093393817382992e+00 -8.019632681555306508e-01 1.415526196917060719e-01 7.997828315229322982e+01 7.571661267147013208e-04 
-2.938093393817382992e+00 -8.019632681555306508e-01 1.415526196917060719e-01 7.997828315229322982e+01 7.571661267147013208e-04 
-2.938093393817382992e+00 -8.019632681555306508e-01 1.415526196917060719e-01 7.997828315229322982e+01 7.571661267147013208e-04 
-2.938093393817382992e+00 -8.019632681555306508e-01 1.415526196917060719e-01 7.997828315229322982e+01 7.571661267147013208e-04 
-2.938093393817382992e+00 -8.019632681555306508e-01 1.415526196917060719e-01 7.997828315229322982e+01 7.571661267147013208e-04 
-2.938093393817382992e+00 -8.019632681555306508e-01 1.415526196917060719e-01 7.997828315229322982e+01 7.571661267147013208e-04 
-2.938093393817382992e+00 -8.019632681555306508e-01 1.415526196917060719e-01 7.997828315229322982e+01 7.571661267147013208e-04 
-2.938093393817382992e+00 -8.019632681555306508e-01 1.415526196917060719e-01 7.997828315229322982e+01 7.571661267147013208e-04 
-2.938093393817382992e+00 -8.019632681555306508e-01 1.415526196917060719e-01 7.997828315229322982e+01 7.571661267147013208e-04 
-2.938093393817382992e+00 -8.019632681555306508e-01 1.415526196917060719e-01 7.997828315229322982e+01 7.571661267147013208e-04 
-3.070832028213647202e+00 -7.811117952996916580e-01 1.337269287113906913e-01 7.898600072563171182e+01 -5.179863014160319967e-02 
-3.095649216477444732e+00 -7.538754408668064677e-01 1.239464106322235859e-01 7.805120925955515077e+01 4.024386518955484944e-03 
-3.095649216477444732e+00 -7.538754408668064677e-01 1.239464106322235859e-01 7.805120925955515077e+01 4.024386518955484944e-03 
-3.095649216477444732e+00 -7.538754408668064677e-01 1.239464106322235859e-01 7.805120925955515077e+01 4.024386518955484944e-03 
-3.095649216477444732e+00 -7.538754408668064677e-01 1.239464106322235859e-01 7.805120925955515077e+01 4.024386518955484944e-03 
-3.095649216477444732e+00 -7.538754408668064677e-01 1.239464106322235859e-01 7.805120925955515077e+01 4.024386518955484944e-03 
-3.447996217072799574e+00 -7.395107654022620158e-01 1.339600457119873578e-01 7.732439532684637129e+01 6.729626155371121188e-03 
-3.460535607438009809e+00 -7.325835306887898968e-01 1.181063523471374693e-01 7.556106608561672999e+01 8.250426687360009129e-03 
-3.443882903053033573e+00 -7.215884425413073844e-01 1.170763646255658791e-01 7.668654679793999662e+01 1.145304468025835735e-02 
-3.443882903053033573e+00 -7.215884425413073844e-01 1.170763646255658791e-01 7.668654679793999662e+01 1.145304468025835735e-02 
-3.422404360833238179e+00 -7.776911525538683367e-01 1.179043207694781409e-01 7.565130869532508484e+01 1.467592269584901306e-02 
-3.081207043550462377e+00 -8.203512338118269520e-01 1.165643102937371639e-01 7.724026478378438298e+01 2.339253075037227986e-02 
-3.339730232640967689e+00 -7.449026840035490871e-01 1.139237042221548785e-01 7.371252099227331200e+01 2.863605468516734059e-03 
-3.339730232640967689e+00 -7.449026840035490871e-01 1.139237042221548785e-01 7.371252099227331200e+01 2.863605468516734059e-03 
-3.339730232640967689e+00 -7.449026840035490871e-01 1.139237042221548785e-01 7.371252099227331200e+01 2.863605468516734059e-03 
-3.339730232640967689e+00 -7.449026840035490871e-01 1.139237042221548785e-01 7.371252099227331200e+01 2.863605468516734059e-03 
-3.339730232640967689e+00 -7.449026840035490871e-01 1.139237042221548785e-01 7.371252099227331200e+01 2.863605468516734059e-03 
-3.339730232640967689e+00 -7.449026840035490871e-01 1.139237042221548785e-01 7.371252099227331200e+01 2.863605468516734059e-03 
-3.339730232640967689e+00 -7.449026840035490871e-01 1.139237042221548785e-01 7.371252099227331200e+01 2.863605468516734059e-03 
-3.339730232640967689e+00 -7.449026840035490871e-01 1.139237042221548785e-01 7.371252099227331200e+01 2.863605468516734059e-03 
-3.339730232640967689e+00 -7.449026840035490871e-01 1.139237042221548785e-01 7.371252099227331200e+01 2.863605468516734059e-03 
-3.017653114663058300e+00 -8.206036798373321783e-01 1.133579756480874862e-01 7.216694496504024414e+01 2.336878050894942473e-03 
-3.017653114663058300e+00 -8.206036798373321783e-01 1.133579756480874862e-01 7.216694496504024414e+01 2.336878050894942473e-03 
-2.865980481550671310e+00 -7.602084419045967989e-01 1.033400844667388963e-01 7.516433207272176276e+01 2.420311215609403238e-03 
-2.865980481550671310e+00 -7.602084419045967989e-01 1.033400844667388963e-01 7.516433207272176276e+01 2.420311215609403238e-03 
-2.865980481550671310e+00 -7.602084419045967989e-01 1.033400844667388963e-01 7.516433207272176276e+01 2.420311215609403238e-03 
-2.865980481550671310e+00 -7.602084419045967989e-01 1.033400844667388963e-01 7.516433207272176276e+01 2.420311215609403238e-03 
-2.865980481550671310e+00 -7.602084419045967989e-01 1.033400844667388963e-01 7.516433207272176276e+01 2.420311215609403238e-03 
-2.865980481550671310e+00 -7.602084419045967989e-01 1.033400844667388963e-01 7.516433207272176276e+01 2.420311215609403238e-03 
-2.865980481550671310e+00 -7.602084419045967989e-01 1.033400844667388963e-01 7.516433207272176276e+01 2.420311215609403238e-03 
-2.972768521392668450e+00 -7.905542763036834675e-01 1.089666097846016257e-01 7.815492733148194304e+01 4.126932340037204813e-03 
-2.733300825350469143e+00 -7.707958998306571052e-01 1.123327718927801810e-01 8.339688357826365461e+01 4.045609454219061159e-03 
-2.907036747814591759e+00 -7.981683947527528078e-01 1.043906496588150185e-01 8.516542743286532868e+01 -8.149144121442006283e-04 
-2.998486906756034909e+00 -8.124065522701193753e-01 1.073989436964180172e-01 8.735055280080207751e+01 1.095328438699892139e-02 
-2.933492448545188314e+00 -7.910573448840919619e-01 1.037216764132906366e-01 8.585067413416572890e+01 9.049100533783081129e-03 
-3.078898953971914043e+00 -6.869522908636878089e-01 1.110945400284644446e-01 8.781714682564519592e+01 8.717670229432742182e-03 
-2.918178767055961131e+00 -6.593595781947328982e-01 1.087549373491583093e-01 8.528311577564159052e+01 8.428925449528593475e-03 
-2.918178767055961131e+00 -6.593595781947328982e-01 1.087549373491583093e-01 8.528311577564159052e+01 8.428925449528593475e-03 
