-3.790379170233586503e+00 -8.610498148055071299e-01 1.264498447724763663e-01 8.606018343932889536e+01 0.000000000000000000e+00 
-3.542852589975054034e+00 -9.363218351173407950e-01 1.277218489551666114e-01 8.895834199954968824e+01 2.135555970100575796e-01 
-3.514058127863409098e+00 -9.051403778681986756e-01 1.188411427991604430e-01 8.549306036386913377e+01 3.643801172612411987e-01 
-3.549120486563248189e+00 -9.052232910193422910e-01 1.082983872641543888e-01 9.200409315960926904e+01 3.320073282686364369e-01 
-3.521314884798235845e+00 -8.489526167072555252e-01 1.036023002100701224e-01 9.301927616053853853e+01 3.983861588048617230e-01 
-3.540913855387815889e+00 -7.833540207963511914e-01 1.071829503055770766e-01 9.369294174552638310e+01 4.824860679631118865e-01 
-3.580249500489957715e+00 -7.710661566259470190e-01 9.620194087904157532e-02 9.077542941010179334e+01 5.382830189151653899e-01 
-3.446588850526373538e+00 -7.512883336848765747e-01 8.693081876727050405e-02 8.867794706692845352e+01 2.711985261046148676e-01 
-3.458532916938188428e+00 -6.684689412957792731e-01 9.535914022840412396e-02 8.403019890660959845e+01 4.226571476680416328e-01 
-3.463697391306456375e+00 -6.197343216990337522e-01 8.720551303245997754e-02 8.414319836943882081e+01 3.231830485768944494e-01 
-3.570212755241301661e+00 -6.357744524283398535e-01 9.090791184318218476e-02 9.335605588488387241e+01 5.382830189151655009e-01 
-3.449827540503444645e+00 -5.879357353459280233e-01 9.960725045103942243e-02 9.286951015106338048e+01 3.529123963759307481e-01 
-3.365696426932767160e+00 -6.045990808355260482e-01 9.403101975060007556e-02 9.045235122537346228e+01 2.460439254743103377e-02 
-3.524948154392287591e+00 -5.794440614898922481e-01 8.994362339532266382e-02 9.383550459530788146e+01 1.520405807530811060e-01 
