-3.300081086903632333e+00 -7.188211338141868856e-01 1.420737252426969854e-01 7.351981193412244409e+01 4.151979664641530093e-02 
-3.065100120907147119e+00 -8.279409988937448395e-01 1.285521229861394665e-01 5.929267357119429960e+01 1.031958242838024002e-02 
-2.719564245067915831e+00 -8.564177794134295585e-01 1.338128907435209569e-01 5.517286354669454340e+01 1.921355595060134785e-02 
-2.659045222031180877e+00 -7.892652016645471669e-01 1.396699938600651780e-01 6.400908582827447901e+01 2.015164324579123839e-02 
-2.488612524785374092e+00 -8.334467613617536630e-01 1.364243480262360975e-01 6.948173532160880939e+01 2.398148036735952074e-02 
-2.397220717381508770e+00 -8.425778934926869690e-01 1.409187713293398592e-01 7.008964646285063793e+01 1.263554532303496486e-02 
-2.302659887622211077e+00 -8.290235671186046984e-01 1.346187232598579642e-01 6.946100849867738702e+01 1.561647107161220731e-02 
-2.339716571223644959e+00 -8.646633457994074012e-01 1.380868147198273943e-01 7.047441366245459449e+01 2.655363995198625413e-02 
-2.365265347125956374e+00 -9.229698002981279181e-01 1.529762353259997154e-01 7.392468191176509151e+01 4.479142441564223226e-02 
-2.130305065719316993e+00 -9.088377045894706630e-01 1.541352170169033031e-01 6.888733975154728739e+01 2.818122362201995815e-02 
-1.941999762764147652e+00 -9.177317921886872787e-01 1.579962358836177749e-01 6.819868285464465885e+01 1.976816943004415170e-02 
-1.859648325089320098e+00 -9.002235503829688623e-01 1.540915678806112910e-01 6.719260390284830464e+01 2.025321543189506981e-02 
-1.931485031807480102e+00 -9.174375320724798000e-01 1.680031109077783358e-01 6.916099573557684721e+01 2.646968098552896637e-02 
-1.669881372189070623e+00 -9.357250444314748616e-01 1.535977851801643701e-01 5.875441828833333346e+01 2.170799021258932454e-02 
-1.722374325659123295e+00 -9.557891158157276745e-01 1.539247810426842000e-01 6.458351465499097799e+01 2.591700877189468538e-02 
-1.809796388817139112e+00 -9.489332567742557734e-01 1.602645929386561363e-01 5.735325730915021580e+01 4.722814559038648885e-02 
-1.701614636852566642e+00 -9.461211949362067219e-01 1.608589427120435400e-01 5.719379620898885719e+01 2.192716680418574024e-02 
-1.900660691265444013e+00 -9.322078276056571244e-01 1.494655932657421860e-01 5.577065866369758140e+01 2.178810525933327913e-02 
-1.901351117849724437e+00 -9.236415752382620692e-01 1.476189181173110931e-01 5.344668962762883524e+01 1.733252375816565424e-02 
-2.051577717767746556e+00 -8.712105789523912902e-01 1.524839755881273740e-01 5.903010528205864915e+01 1.207115753161281356e-02 
-2.233659654239340764e+00 -8.823677095796506054e-01 1.501232157244902776e-01 6.573960494787345965e+01 1.694722064471831935e-02 
-2.454293496625442383e+00 -8.608571915851805922e-01 1.569161280229791344e-01 6.962211349372402935e+01 1.842183150734387140e-02 
-2.758598714812750874e+00 -8.239720222088845469e-01 1.522993146386776853e-01 6.858894456313798571e+01 3.118914106756449228e-02 
-2.418001838311562679e+00 -8.696411205629012153e-01 1.441272105743673926e-01 6.611374589910988675e+01 1.260195415120939771e-02 
-2.374663932724662807e+00 -8.213513739761726384e-01 1.331006010053168709e-01 7.475771365428867909e+01 1.292010905654552774e-02 
-2.391929488780478064e+00 -7.972801973164419520e-01 1.385188450377805858e-01 7.194508317910337780e+01 1.492979778536073984e-02 
-2.500257228118413444e+00 -7.921162012378701878e-01 1.235616540776279526e-01 7.089301391733724245e+01 8.457761161438526881e-03 
-2.607945219634387524e+00 -7.358565699477601640e-01 1.256015575697319864e-01 6.905348052435415696e+01 1.229540454032485020e-02 
-2.561233423652072627e+00 -7.605296686703062470e-01 1.143616169729154558e-01 7.404674306660251659e+01 1.873341210105275434e-02 
-2.387842730788319656e+00 -7.797810217710007263e-01 1.256699871675886204e-01 7.820913090294358483e+01 1.201869069718749378e-02 
-2.314043902827866983e+00 -7.637101380633647407e-01 1.295571998826577365e-01 8.010070133952291371e+01 1.136695406054482119e-02 
-2.358762483601082760e+00 -7.937421071785959459e-01 1.325204962196989966e-01 8.086844223681124788e+01 9.660161325083861314e-03 
-2.385731576146296273e+00 -8.474020138400731872e-01 1.384612602116928881e-01 8.080280253757388209e+01 6.391873183853721482e-03 
-2.397032285789182371e+00 -8.458565772578077180e-01 1.266784524295638259e-01 7.815035236472822078e+01 8.696168340597155294e-03 
-2.405232595415770280e+00 -8.466709659496014506e-01 1.271912157985811143e-01 8.082890621697576705e+01 1.404874352813764021e-02 
-2.428946148947169537e+00 -8.785165948876456632e-01 1.318562768550214370e-01 8.201138044968665497e+01 1.654717903799543532e-02 
-2.320250236277748179e+00 -9.281211426913436036e-01 1.272884560574937818e-01 8.373178266361314570e+01 6.928834223994966707e-03 
-2.549578078195811059e+00 -9.075225488508213978e-01 1.204352238047446400e-01 8.586613014024274548e+01 6.623062128403868140e-03 
-2.460142729279360729e+00 -9.241770231074818431e-01 1.185378318897204325e-01 9.154540566746558738e+01 9.982089734964760472e-03 
-2.398734071344640562e+00 -9.434638629349102468e-01 1.132208145785482539e-01 8.743397208819280308e+01 1.012882879120243114e-02 
-2.383992152659184072e+00 -9.066700599591078769e-01 9.892087105949293191e-02 8.504585653282413205e+01 9.995615949533144182e-03 
-2.282324428660570170e+00 -9.123450270175784693e-01 1.013342899070455855e-01 8.418551809674011110e+01 8.993844127291100374e-03 
-1.962976500279517644e+00 -8.517343627392846006e-01 9.085476310274544220e-02 8.083406275953687725e+01 1.073517599262795164e-02 
-1.932438283668292511e+00 -8.789725185121679552e-01 9.083488486255920924e-02 8.278490462191220445e+01 1.201549619131976783e-02 
-1.828799323702501534e+00 -8.689059405034174066e-01 9.075238594695900218e-02 8.370336050310955045e+01 3.135648258599392502e-02 
-1.701134169167214827e+00 -8.219353840718669479e-01 9.135421130866071271e-02 8.442129910810858462e+01 6.597600209931392054e-03 
-1.479100428938842748e+00 -8.685693536491998490e-01 7.606950762631509155e-02 8.632202557961639400e+01 1.406881515381783881e-02 
-1.306123200275032925e+00 -8.480747910488286578e-01 7.143766136569514036e-02 8.694965874841760467e+01 2.389336444249311187e-02 
-9.918413943763211282e-01 -8.443274298677939660e-01 7.113362808335126075e-02 8.928129185239980359e+01 1.300360045994039537e-02 
-9.342280984052614423e-01 -8.492274340380066011e-01 7.901740879445443011e-02 9.639389265261465312e+01 6.850369721492348754e-03 
-1.121607176209882928e+00 -8.687605058818432813e-01 7.556933052656086836e-02 9.984181773900189683e+01 1.827784256753615943e-02 
-1.018563020266077146e+00 -8.604826173505665254e-01 8.269126992119731068e-02 9.339964052104932080e+01 9.657270921927803981e-03 
