-4.060041006455102242e+00 -7.834190941555754240e-01 1.361573655435605601e-01 7.877762430495373280e+01 0.000000000000000000e+00 
-4.399279261426811694e+00 -7.634190204992875595e-01 1.342666726155866130e-01 7.585977993773688866e+01 1.625510860927381618e-03 
-4.663376723882960206e+00 -7.686276691454395626e-01 1.329314831804123687e-01 7.906095748394750444e+01 8.651966516362576479e-03 
-4.575392458074640345e+00 -7.269756847097558206e-01 1.344274352983513554e-01 7.190083062653388879e+01 7.961176499107661814e-03 
-4.691966263188985131e+00 -7.317203359703479126e-01 1.324252798665476738e-01 7.291219757824363512e+01 8.396210387837570524e-03 
-4.821320910940372073e+00 -7.720880114214160317e-01 1.278369061981713684e-01 7.907383763225180928e+01 1.258397559150036156e-02 
-4.683377346389382190e+00 -7.679740589157022512e-01 1.312679454514586452e-01 7.179257150614330385e+01 1.573976261962505355e-02 
-4.729841498042246961e+00 -7.611343632928012637e-01 1.263083694114463806e-01 7.647294970185566854e+01 8.824292056243856000e-03 
-4.700465946264914763e+00 -7.373309275663524343e-01 1.235886121572611629e-01 7.746671532046781294e+01 1.154739493515733080e-02 
-4.897420092258210289e+00 -7.604002070098494492e-01 1.265534337045046143e-01 8.141508695425225994e+01 1.169113151278722632e-02 
-4.860567042874615495e+00 -7.928506385871686435e-01 1.295433066800767141e-01 7.349624166399668468e+01 9.748269621196375967e-03 
-4.723432959765979433e+00 -8.382314065650454671e-01 1.245026482994128492e-01 6.925002635456122846e+01 1.278030091938326882e-02 
-4.927448366774331845e+00 -8.641674192605102167e-01 1.104504989583567492e-01 6.843094495701855351e+01 8.025521729164807397e-03 
-4.932154265747225708e+00 -8.808324166909835551e-01 1.124485997160111772e-01 6.653679271537720297e+01 9.405000843981449130e-03 
-5.066718154347516823e+00 -8.685101603505721579e-01 1.093194678267769560e-01 6.087489299237694240e+01 7.454134563503193173e-03 
-4.875337471646386867e+00 -8.656831639779658527e-01 1.052955414066526346e-01 5.946819508375804730e+01 5.399605414726220409e-03 
-4.558608921847125295e+00 -8.956680943350399104e-01 1.052094666222309349e-01 5.725460471107375326e+01 8.305887057829973094e-03 
-4.629703617443579944e+00 -8.584038229764292538e-01 1.169107223450819161e-01 5.843117402853398801e+01 1.157025371186330004e-02 
