-2.691927314767846191e+00 -8.526560478243856434e-01 1.515732968401641099e-03 
-2.667954047994722799e+00 -6.465653091976154565e-01 1.604597926181577320e-03 
-2.859775114886403014e+00 -5.378518983887266014e-01 1.280023278702969915e-03 
-1.862495017969285849e+00 -6.951864580473656741e-01 1.934699770769946793e-03 
-3.001094932664798876e+00 -5.844263345785002395e-01 1.466801575312772464e-03 
-2.601327644345333923e+00 -6.380857680600157122e-01 1.693023548708220451e-03 
-2.308254340454876541e+00 -7.307251773895978575e-01 1.758383344656089340e-03 
-3.933139084661118723e+00 -5.239544604590389287e-01 1.456617911143123301e-03 
-2.661605316516435948e+00 -6.712324542230490021e-01 1.599460885666068293e-03 
-4.469135178819189314e+00 -8.790811576310130215e-01 1.226252038605143112e-03 
-2.612667140677687794e+00 -5.966111872668941052e-01 1.718845685504390977e-03 
-2.000361547476621649e+00 -7.549790747470621621e-01 1.811132715455860158e-03 
-2.409190804054621271e+00 -5.726697322684172198e-01 1.931590671450427767e-03 
-4.062958679450432875e+00 -6.062092565780048403e-01 1.112138777251446727e-03 
-2.659802709370489460e+00 -4.211806771319058784e-01 1.876460931799300846e-03 
-4.323772985707663885e+00 -9.524133716432743313e-01 1.217312437911132828e-03 
-3.600225345470057015e+00 -9.360473116163939844e-01 1.034316579761012820e-03 
-3.870099621762717490e+00 -3.319311897011626988e-01 4.181280000257386886e-03 
-3.549802045258716898e+00 -1.046911761399905938e+00 1.082520808290168748e-03 
-5.998365658701438008e+00 -7.767495890761865196e-01 1.432337628116611781e-03 
-5.753418111582004002e+00 -1.386235519140994521e+00 1.480389965474532060e-03 
-6.299738933260143448e+00 -1.067756754679743958e+00 1.477162805740508782e-03 
-5.620044765666825981e+00 -1.044450988654014534e+00 1.446951962909680950e-03 
-6.357696495440378293e+00 -1.398039032381567681e+00 1.491571105455794400e-03 
-5.880939856518459408e+00 -9.693503796425183561e-01 1.452589229686266107e-03 
-6.870338690765739109e+00 -7.582903717321108905e-01 1.473862829540515101e-03 
-6.714359196601798807e+00 -5.594187143512966420e-01 1.443846765369470641e-03 
-6.470728017061204262e+00 -1.319175242654566649e+00 1.490687001923314244e-03 
-6.432398242731490967e+00 -4.011124993480981171e-01 1.379011316629529752e-03 
-5.498787413213129582e+00 -3.097515445894681863e-01 1.269569830309483401e-03 
-6.692053189036772487e+00 -1.267799076395325297e+00 1.492117775781559921e-03 
-5.284015569373758048e+00 -1.633707411057612191e-01 2.188851825779536235e-03 
-7.279775987203217724e+00 -6.003083677529454931e-01 1.474330347736862567e-03 
-7.512005341098843658e+00 -4.515768934911459920e-01 1.467005861763452223e-03 
-7.421176053774167336e+00 -7.204897701554254796e-01 1.485774320271827324e-03 
-7.704616789500208895e+00 -8.659594151562448605e-01 1.494037508394619081e-03 
-7.962757285919678019e+00 -8.777608292573855220e-01 1.496411004296030120e-03 
-8.153028491627466678e+00 -9.159798008476077724e-01 1.499078928979432918e-03 
