-5.666216130175136811e+00 -8.047908526460206824e-01 1.501578340320314404e-03 
-3.266420523832839429e+00 -1.177046305364715550e+00 1.116967857363354317e-03 
-4.178385118164562151e+00 -1.384797431332023931e+00 1.452480052303641370e-03 
-5.795433825838177455e+00 -8.456285425802340106e-01 1.502033142067162128e-03 
-4.261622074994772191e+00 -1.335809628029866358e+00 1.461086202799004264e-03 
-2.475335782831829867e+00 -1.008767464093412558e+00 1.589194446809048030e-03 
-3.055229840760343318e+00 -1.175134439425144395e+00 1.226947646089577388e-03 
-4.412969725803154830e+00 -1.371031203793530606e+00 1.480500947527061632e-03 
-2.806267651127547946e+00 -8.239052235434431992e-01 1.369884044285962950e-03 
-2.624684032876375639e+00 -1.583229716906563445e+00 1.506457418382549634e-03 
-5.627736403922652286e+00 -8.938680584775650084e-01 1.501429821999751557e-03 
-2.379742900123211768e+00 -9.090300243305385886e-01 1.645538901986551630e-03 
-4.855140937220418174e+00 -1.246224414436522210e+00 1.496549259952454540e-03 
-3.035642169186751449e+00 -1.226155181376757941e+00 1.264376470554312744e-03 
-4.861592702588463766e+00 -1.429819998861585395e+00 1.498437418213177880e-03 
-2.934754816763916807e+00 -8.690381401427328401e-01 1.223811523873384773e-03 
-3.545929488393696261e+00 -1.628881052247023176e+00 1.365277872568876122e-03 
-5.668107573849760605e+00 -8.700941922047933375e-01 1.501605453983659733e-03 
-5.320059694435229858e+00 -1.260255097991207940e+00 1.501022836301940319e-03 
-5.061840083264927515e+00 -1.344175096921447210e+00 1.499947230700185256e-03 
-3.102550636851249433e+00 -1.169341297713218708e+00 1.186048510622823848e-03 
-3.913131362817023895e+00 -7.841153306720505256e-01 1.168140557520404212e-03 
-2.521628528412334980e+00 -1.025485135449145435e+00 1.573155870860162755e-03 
-3.144563244049013662e+00 -1.634418117771126777e+00 1.357361565474331493e-03 
-5.122242990368579996e+00 -1.185118313113522115e+00 1.499656752705601226e-03 
-2.395597134399253036e+00 -1.110393259869840943e+00 1.577920362706181729e-03 
-4.548009212072472884e+00 -9.483423015884937524e-01 1.472476306013126204e-03 
-3.843589930086750428e+00 -1.685704451522263669e+00 1.433391262996615810e-03 
-3.004004866608022795e+00 -9.796998340432081509e-01 1.195475948738705316e-03 
-3.908585153756299224e+00 -1.015188803374669657e+00 1.263625048334141802e-03 
-2.862878297836068953e+00 -1.020929195014915525e+00 1.352022567425249615e-03 
-3.212236256605262241e+00 -1.311415250935484833e+00 1.202739408090637433e-03 
-2.605269016441056351e+00 -9.478631032578508364e-01 1.558334705268036441e-03 
-3.804367293615198875e+00 -1.149215250955802459e+00 1.268177499700411798e-03 
-3.628436298613769484e+00 -1.185785301586316898e+00 1.204512015554298982e-03 
-1.633799436897700685e+00 -9.820034968882279669e-01 1.731635688188558255e-03 
