-4.141033760771354544e+00 -8.418449002803469750e-01 3.174128219944403195e-01 
-4.045952617687381903e+00 -9.873863138549718865e-01 3.433890281890670249e-01 
-3.971970551467948862e+00 -7.445845899727994155e-01 3.280615742700663251e-01 
-4.368632262102785546e+00 -1.045375075381199226e+00 3.813499585039459849e-01 
-3.553925215700595164e+00 -8.668124242472626806e-01 5.767420016188626875e-01 
-3.521868035553862519e+00 -7.317922824729221620e-01 4.333648521371495921e-01 
-4.400839879012158562e+00 -5.642160172362580273e-01 3.671516047555449802e-01 
-4.116003186795323288e+00 -9.621355029716019969e-01 3.199780612371843080e-01 
-3.942264420707214612e+00 -4.518710694510563730e-01 3.703232129089260027e-01 
-4.239474155933410593e+00 -1.057384503803073583e+00 3.211188204679367164e-01 
-4.442126109930696565e+00 -1.201217113078892007e+00 3.402828616101398751e-01 
-4.141033760771354544e+00 -8.418449002803469750e-01 3.174128219944403195e-01 
-4.045952617687381903e+00 -9.873863138549718865e-01 3.433890281890670249e-01 
-3.971970551467948862e+00 -7.445845899727994155e-01 3.280615742700663251e-01 
-4.368632262102785546e+00 -1.045375075381199226e+00 3.813499585039459849e-01 
-3.553925215700595164e+00 -8.668124242472626806e-01 5.767420016188626875e-01 