-3.697926312341300648e+00 -8.435971341952036573e-01 1.431092425646368627e-01 7.347950763971897459e+01 9.975059547017665201e-04 
-3.811559516033723671e+00 -9.135639699099220579e-01 1.452464990198823469e-01 7.375929665330900775e+01 1.236849408978537386e-03 
-3.811559516033723671e+00 -9.135639699099220579e-01 1.452464990198823469e-01 7.375929665330900775e+01 1.236849408978537386e-03 
-3.938711680562705375e+00 -8.434370698675668354e-01 1.474467508873696653e-01 7.309246018646693699e+01 1.203261427003149593e-03 
-3.941497545906674116e+00 -7.663849324598480672e-01 1.503750425766627041e-01 7.167407043079187190e+01 1.048394899358423907e-03 
-3.941497545906674116e+00 -7.663849324598480672e-01 1.503750425766627041e-01 7.167407043079187190e+01 1.048394899358423907e-03 
-3.669617129940864864e+00 -7.641995510678419867e-01 1.405677609645425152e-01 7.230022918910144369e+01 8.569244220495801905e-04 
-3.364625306905596691e+00 -6.868486408304020907e-01 1.355054444962923432e-01 7.452032805227108270e+01 9.392022362653412596e-04 
-3.364625306905596691e+00 -6.868486408304020907e-01 1.355054444962923432e-01 7.452032805227108270e+01 9.392022362653412596e-04 
-3.364625306905596691e+00 -6.868486408304020907e-01 1.355054444962923432e-01 7.452032805227108270e+01 9.392022362653412596e-04 
-2.985223080875504920e+00 -6.322330313657157363e-01 1.370187797215476899e-01 7.325191864167030076e+01 1.190398533331939006e-03 
-3.141210209501405615e+00 -6.596352045372975148e-01 1.466271400897300736e-01 7.588402993711993361e+01 1.069962553397233677e-03 
-3.141210209501405615e+00 -6.596352045372975148e-01 1.466271400897300736e-01 7.588402993711993361e+01 1.069962553397233677e-03 
-3.348779666368002950e+00 -7.518409671766375091e-01 1.433202073481408267e-01 8.189096837590025757e+01 1.279484567493344421e-03 
-3.167180079730695041e+00 -7.548571011443301337e-01 1.504010498995721479e-01 7.704366095726149410e+01 1.196503761393836454e-03 
-3.190473120729963696e+00 -7.882689987276392252e-01 1.459029538987751673e-01 7.605641961580900556e+01 1.057701928897330449e-03 
-3.054432439318035986e+00 -7.983880018413772595e-01 1.302456065829296905e-01 7.436245742816814186e+01 1.000056662073504996e-03 
-3.054432439318035986e+00 -7.983880018413772595e-01 1.302456065829296905e-01 7.436245742816814186e+01 1.000056662073504996e-03 
-3.418646556507078049e+00 -7.608833448630319962e-01 1.333126021784940274e-01 7.024473453258886479e+01 9.974249667078619909e-04 
-3.075903239915015241e+00 -7.608041349986228719e-01 1.301735738990811853e-01 7.847430915050148315e+01 1.037176184055268102e-03 
-3.075903239915015241e+00 -7.608041349986228719e-01 1.301735738990811853e-01 7.847430915050148315e+01 1.037176184055268102e-03 
-3.116651649001696001e+00 -7.569998274264488902e-01 1.140424669955886899e-01 7.946114638111527029e+01 9.155309873934349297e-04 
-3.020811497181837613e+00 -7.181869453704587958e-01 1.074396141292233708e-01 8.401095895999328889e+01 9.096107073009564517e-04 
-3.141801666028299689e+00 -7.364562900099862475e-01 1.070917276106490984e-01 8.154504134733114995e+01 1.004756969792342663e-03 
-2.930936234855237021e+00 -7.577377600375040378e-01 1.117050167288044238e-01 8.776272095956740316e+01 1.655360735603398758e-03 
-2.987847237376961118e+00 -7.687710536915000059e-01 1.039211045107034798e-01 9.306228122811245385e+01 1.641082136603392531e-03 
-3.069911564256006198e+00 -7.487960346494091368e-01 8.736847814738658846e-02 9.606734540578923998e+01 1.128879455655286456e-03 
-3.205926501145010654e+00 -7.239883979344672316e-01 8.303525543197613767e-02 9.497754260627405642e+01 1.526532794296250450e-03 
-3.061219390571231713e+00 -7.494825095909096735e-01 8.409442752062824822e-02 9.366898848335844718e+01 1.102854347490985539e-03 
-2.896684961420990856e+00 -7.404846292768222371e-01 7.675205814584593056e-02 9.599959575094268871e+01 1.517594864042783216e-03 
-2.896684961420990856e+00 -7.404846292768222371e-01 7.675205814584593056e-02 9.599959575094268871e+01 1.517594864042783216e-03 
-2.970890714747599581e+00 -6.795271406564100669e-01 7.148718834515699339e-02 9.791206502742028306e+01 1.396934782049136237e-03 
-3.025409744574155901e+00 -6.328647928770803066e-01 6.597819172500482554e-02 9.872786438061488923e+01 1.868871499905693694e-03 
-2.968239740074027022e+00 -6.244573584016169798e-01 6.313371486665632359e-02 9.589955767516123331e+01 2.098806597943194026e-03 
-2.851370264494703655e+00 -6.007043655508841340e-01 7.141930538440369181e-02 9.635907490751657178e+01 1.663081838710465075e-03 
-2.851370264494703655e+00 -6.007043655508841340e-01 7.141930538440369181e-02 9.635907490751657178e+01 1.663081838710465075e-03 
-2.851370264494703655e+00 -6.007043655508841340e-01 7.141930538440369181e-02 9.635907490751657178e+01 1.663081838710465075e-03 
-3.090268312179414334e+00 -6.027263887394153086e-01 6.868656313521251389e-02 9.595020673071610418e+01 2.469885336704333908e-03 
-3.090268312179414334e+00 -6.027263887394153086e-01 6.868656313521251389e-02 9.595020673071610418e+01 2.469885336704333908e-03 
-2.911454011722637514e+00 -4.994136363578058901e-01 5.884588428631862961e-02 9.087066457189315827e+01 3.281253506563164279e-03 
-2.911454011722637514e+00 -4.994136363578058901e-01 5.884588428631862961e-02 9.087066457189315827e+01 3.281253506563164279e-03 
-2.911454011722637514e+00 -4.994136363578058901e-01 5.884588428631862961e-02 9.087066457189315827e+01 3.281253506563164279e-03 
-2.756499469064551455e+00 -5.352921668667374178e-01 5.982601065279157665e-02 9.465790334340282186e+01 2.524577531885798497e-03 
-2.760153454901320469e+00 -4.682589656346778373e-01 6.384393116599378082e-02 9.326351944537763927e+01 2.304561175494460219e-03 
-2.760153454901320469e+00 -4.682589656346778373e-01 6.384393116599378082e-02 9.326351944537763927e+01 2.304561175494460219e-03 
-2.646752495527152860e+00 -4.180889967445605149e-01 7.358696814570298006e-02 9.001983640501035211e+01 2.245143069106796466e-03 
-2.577497601525831072e+00 -2.943841858820951951e-01 7.760071483838509865e-02 9.611911818013703623e+01 3.839365938319223501e-03 
-2.554849094866823211e+00 -3.225670887099107431e-01 7.948270116605223035e-02 9.499572785306541789e+01 3.645869106947476415e-03 
-2.554849094866823211e+00 -3.225670887099107431e-01 7.948270116605223035e-02 9.499572785306541789e+01 3.645869106947476415e-03 
-2.554849094866823211e+00 -3.225670887099107431e-01 7.948270116605223035e-02 9.499572785306541789e+01 3.645869106947476415e-03 
-2.554259021647886652e+00 -2.745097517750194061e-01 7.581592897341886406e-02 9.409927654877208170e+01 3.725074692994900273e-03 
-2.502082751514254522e+00 -2.596663867525156877e-01 8.785228294058192167e-02 9.857220633835491697e+01 5.791032630889487130e-03 
-2.378020532748897686e+00 -3.170249394282556588e-01 7.191927993161374710e-02 9.939001431080029647e+01 4.319800254532997486e-03 
-2.605339641799238937e+00 -4.368607366317633911e-01 7.282408797656590715e-02 9.771573706330194398e+01 3.040291678121430190e-03 
-2.427082213637217212e+00 -4.566280100056775426e-01 6.928369743546231030e-02 9.191243463575395367e+01 2.430748287809628497e-03 
-2.570122881917248137e+00 -4.703544304468912918e-01 7.046834590214615113e-02 9.582738651553442821e+01 2.729676234976237577e-03 
-2.735593149889669728e+00 -4.623329808852632561e-01 6.840014544199257696e-02 9.085131612804276813e+01 2.123576886674563048e-03 
-2.735593149889669728e+00 -4.623329808852632561e-01 6.840014544199257696e-02 9.085131612804276813e+01 2.123576886674563048e-03 
-2.735593149889669728e+00 -4.623329808852632561e-01 6.840014544199257696e-02 9.085131612804276813e+01 2.123576886674563048e-03 
-2.705663286651010857e+00 -4.733131952535251652e-01 6.335408645706019914e-02 8.905202314914527051e+01 2.535385644255080083e-03 
-2.673954239330997851e+00 -4.039192749072940680e-01 6.872994298578502526e-02 8.989499732876656424e+01 2.347254887984848853e-03 
-2.578828699083002718e+00 -3.791735766413052433e-01 6.785873558207559941e-02 8.444684513971941442e+01 2.557946643377093099e-03 
-2.367760268137035329e+00 -3.756799174972174082e-01 7.527035028336716282e-02 8.659701793804936187e+01 2.244943695284130729e-03 
-2.185121256964991154e+00 -3.540391591427554108e-01 8.011100574257290496e-02 8.276279174033879826e+01 1.895109589010415818e-03 
-2.293976244132413189e+00 -4.524651991210701940e-01 7.570000661241269024e-02 8.512779240108319811e+01 1.834926900290734068e-03 
-1.967516815065776026e+00 -4.353464881808873366e-01 6.697031092002772579e-02 8.395167914133136833e+01 1.934367916623712901e-03 
-1.805687861677767847e+00 -4.053099918004325897e-01 6.992114242082804465e-02 8.341602694475513147e+01 1.836250143772392637e-03 
-1.894460145182141009e+00 -4.335373099299446031e-01 7.448128605950174452e-02 8.427737132791365582e+01 1.745938800215813581e-03 
-1.894460145182141009e+00 -4.335373099299446031e-01 7.448128605950174452e-02 8.427737132791365582e+01 1.745938800215813581e-03 
-1.968704529350132182e+00 -4.509621984120495419e-01 7.603274598260899297e-02 7.777386582763841716e+01 1.512467150161855584e-03 
-1.860516834933415575e+00 -3.952235733446541333e-01 7.914679430867438414e-02 8.126703099849362388e+01 1.634823236230505301e-03 
-1.760655235314304123e+00 -3.583623929304132760e-01 7.974209569125510766e-02 7.836750689858226337e+01 1.581116754416739614e-03 
-1.760655235314304123e+00 -3.583623929304132760e-01 7.974209569125510766e-02 7.836750689858226337e+01 1.581116754416739614e-03 
-1.814170402571937846e+00 -2.901016531467132675e-01 8.011951223307615944e-02 7.481750403507211900e+01 1.563467804308550993e-03 
-2.064528424407344076e+00 -3.060112231323209309e-01 8.363969770727476549e-02 7.312801740509387116e+01 1.452596969225568736e-03 
-2.064528424407344076e+00 -3.060112231323209309e-01 8.363969770727476549e-02 7.312801740509387116e+01 1.452596969225568736e-03 
-2.127245770377273804e+00 -2.401241205531512712e-01 7.577161399373243122e-02 7.445218674519479407e+01 2.005482370481226698e-03 
-1.958205791847763333e+00 -2.367328783687984439e-01 7.815089991624224464e-02 7.938771354738325670e+01 2.273231247926290298e-03 
-1.958205791847763333e+00 -2.367328783687984439e-01 7.815089991624224464e-02 7.938771354738325670e+01 2.273231247926290298e-03 
-2.071253389339403395e+00 -3.527881176873097213e-01 7.343225375690096146e-02 8.502961600559106614e+01 2.023744614650146816e-03 
-1.983369378611468781e+00 -3.684048611491216318e-01 7.743460324136106077e-02 8.058457917323050879e+01 1.638813528908418179e-03 
-1.921500416347418971e+00 -4.211779251483352970e-01 8.142803871026513263e-02 7.661115043167853855e+01 1.329766210191973656e-03 
-2.031303108818308889e+00 -4.082943532388228491e-01 7.915649059768634088e-02 8.101620887911467150e+01 1.558751877463813128e-03 
-2.031303108818308889e+00 -4.082943532388228491e-01 7.915649059768634088e-02 8.101620887911467150e+01 1.558751877463813128e-03 
-2.055920533558320162e+00 -4.200080742910825560e-01 8.361406370747152816e-02 8.279103620937605967e+01 1.685781068708541372e-03 
-2.055920533558320162e+00 -4.200080742910825560e-01 8.361406370747152816e-02 8.279103620937605967e+01 1.685781068708541372e-03 
-2.055920533558320162e+00 -4.200080742910825560e-01 8.361406370747152816e-02 8.279103620937605967e+01 1.685781068708541372e-03 
-1.991927960028800904e+00 -4.485258994912742492e-01 8.376563072065143500e-02 8.407620198654623778e+01 1.754041639477486175e-03 
-2.088994689387404069e+00 -4.701860784975333551e-01 8.873103041064489549e-02 8.310566358884815941e+01 1.687959249040924762e-03 
-1.822106258112172750e+00 -4.620387734808922842e-01 9.153654510889457085e-02 7.141833668756341069e+01 1.038420068577230234e-03 
-2.284337971067642137e+00 -4.763992725554874741e-01 9.867643079066777678e-02 7.188460881683778325e+01 1.063042072566927664e-03 
-2.250439969799173046e+00 -4.758036870124865425e-01 8.943741713837319307e-02 7.180420377173759050e+01 1.255638986205188153e-03 
-2.264772535547915133e+00 -4.700035418102277984e-01 9.339341957482538703e-02 7.128695834983885504e+01 1.152129432433253702e-03 
-2.264772535547915133e+00 -4.700035418102277984e-01 9.339341957482538703e-02 7.128695834983885504e+01 1.152129432433253702e-03 
-2.490346349677747817e+00 -5.818581914354122864e-01 9.078061456318090028e-02 6.991465710418613355e+01 1.457892005715123382e-03 
-2.361282428436231928e+00 -5.794799831570789372e-01 9.184337022123234551e-02 6.587424871954711136e+01 1.699729815051229066e-03 
-2.361282428436231928e+00 -5.794799831570789372e-01 9.184337022123234551e-02 6.587424871954711136e+01 1.699729815051229066e-03 
-2.361282428436231928e+00 -5.794799831570789372e-01 9.184337022123234551e-02 6.587424871954711136e+01 1.699729815051229066e-03 
-2.292641575087781547e+00 -6.492775841857773012e-01 9.818649118776236195e-02 6.688385632542726000e+01 1.219471813374329444e-03 
-2.280613751373131937e+00 -6.554772604280403314e-01 1.013011870641990636e-01 6.246743530120745902e+01 1.541002201988719671e-03 
-2.280613751373131937e+00 -6.554772604280403314e-01 1.013011870641990636e-01 6.246743530120745902e+01 1.541002201988719671e-03 
-2.158939254226660776e+00 -6.080449904838215458e-01 1.131137269794447453e-01 6.702123080132336952e+01 8.512058374424615742e-04 
-2.204381528799356893e+00 -5.807819825803827163e-01 1.189750444045892669e-01 6.485593538558629234e+01 8.557170563701045271e-04 
-1.739916445060607275e+00 -5.237746720575207071e-01 1.171946234479480792e-01 5.970526776863055574e+01 9.229217553856719231e-04 
-1.762320982898774924e+00 -4.964769724626011405e-01 1.200010919936962545e-01 6.495642469526229945e+01 9.391308609569392479e-04 
-1.664836103982444193e+00 -4.906974972289775416e-01 1.201131751869657510e-01 6.624106827600299141e+01 1.080528673718345305e-03 
-1.664836103982444193e+00 -4.906974972289775416e-01 1.201131751869657510e-01 6.624106827600299141e+01 1.080528673718345305e-03 
-1.707329101118467696e+00 -5.114349943980758262e-01 1.190262679269204621e-01 6.248201942289243505e+01 8.507759194597730879e-04 
-1.707329101118467696e+00 -5.114349943980758262e-01 1.190262679269204621e-01 6.248201942289243505e+01 8.507759194597730879e-04 
-1.561522293288886365e+00 -4.640546037899758725e-01 1.238086527918388358e-01 5.754827016980000565e+01 8.746893457052991316e-04 
-1.475925528229762529e+00 -4.695821173320230968e-01 1.280080238601872533e-01 6.017091726783294803e+01 1.002022594760715703e-03 
-1.475925528229762529e+00 -4.695821173320230968e-01 1.280080238601872533e-01 6.017091726783294803e+01 1.002022594760715703e-03 
-1.123447415303501007e+00 -3.690803728192619815e-01 1.226597234930830449e-01 5.953630189040205067e+01 1.604966821201284479e-03 
-1.123447415303501007e+00 -3.690803728192619815e-01 1.226597234930830449e-01 5.953630189040205067e+01 1.604966821201284479e-03 
-1.229598048371046470e+00 -3.422864875265096973e-01 1.169009697749428672e-01 6.185348574008550315e+01 1.699813629183250527e-03 
-1.060137315224958687e+00 -3.310555837991996930e-01 1.197364531750398225e-01 5.436911694270831674e+01 1.231733039189722477e-03 
-1.076740771924559192e+00 -2.914159802864821347e-01 1.194034961328283989e-01 5.249542432074127873e+01 1.305616016977130100e-03 
-1.402543401744016593e+00 -2.072546039329551115e-01 1.257715827732356073e-01 4.800171659070920782e+01 1.124902573955485242e-03 
-1.402543401744016593e+00 -2.072546039329551115e-01 1.257715827732356073e-01 4.800171659070920782e+01 1.124902573955485242e-03 
-1.481601890542441957e+00 -1.907301245098976805e-01 1.278328243609829495e-01 4.927951929432207834e+01 1.372154871226316996e-03 
-1.481601890542441957e+00 -1.907301245098976805e-01 1.278328243609829495e-01 4.927951929432207834e+01 1.372154871226316996e-03 
-1.372742478673556477e+00 -2.287600961469868355e-01 1.235037833572019406e-01 5.103535113755619079e+01 1.238474630605912365e-03 
-1.598462545386883704e+00 -3.088037832621202683e-01 1.344965386704475574e-01 5.078775362379029445e+01 9.329099452075582683e-04 
-1.267389894043480902e+00 -3.133486531708208900e-01 1.384065894326647339e-01 4.852642651663833107e+01 1.077277489069970035e-03 
-1.267389894043480902e+00 -3.133486531708208900e-01 1.384065894326647339e-01 4.852642651663833107e+01 1.077277489069970035e-03 
-1.619824829891894247e+00 -3.194501422471566765e-01 1.464751236844854809e-01 5.425772285788173832e+01 1.346564270892119030e-03 
-1.375802410315022595e+00 -3.392842420322408903e-01 1.479921022648769957e-01 5.314214390599252624e+01 1.552709765362695303e-03 
-1.474750135471895041e+00 -3.054536439920284008e-01 1.665894452130642078e-01 4.592236190478235613e+01 1.484776065971252484e-03 
-1.474750135471895041e+00 -3.054536439920284008e-01 1.665894452130642078e-01 4.592236190478235613e+01 1.484776065971252484e-03 
-1.474750135471895041e+00 -3.054536439920284008e-01 1.665894452130642078e-01 4.592236190478235613e+01 1.484776065971252484e-03 
-1.615759972819339474e+00 -2.779176119362114505e-01 1.736348726228972017e-01 4.115396959058413984e+01 1.404779817795207518e-03 
-1.549384972202217270e+00 -3.040258059620063458e-01 1.783166764546339489e-01 4.311505251285145590e+01 1.569688155171404878e-03 
-1.437206456412724265e+00 -3.847061210502277229e-01 1.766771764037180781e-01 4.398361770391202441e+01 1.565686421594438341e-03 
-1.437206456412724265e+00 -3.847061210502277229e-01 1.766771764037180781e-01 4.398361770391202441e+01 1.565686421594438341e-03 
-1.460460543159781688e+00 -3.640341554579129557e-01 1.703219147581712667e-01 4.271335800799813853e+01 1.444201655154312737e-03 
-1.570087864452366366e+00 -3.138801827938491051e-01 1.758562672271508920e-01 4.099802228915245905e+01 1.483605899048411059e-03 
-1.695263117353984050e+00 -3.412469153749602135e-01 1.724820670256084765e-01 4.306283442857849053e+01 1.444217003491282160e-03 
-1.715368762355518939e+00 -4.261428204548350918e-01 1.742754936736594373e-01 4.002510021450235200e+01 1.994936841016967978e-03 
-1.500833074710254955e+00 -4.425707534438376167e-01 1.758578871031423185e-01 4.203265571736400830e+01 1.687476907341371561e-03 
-1.483646341800393120e+00 -4.656073637491811579e-01 1.805688876003548327e-01 4.960804333892291851e+01 1.842458342668485110e-03 
-1.483646341800393120e+00 -4.656073637491811579e-01 1.805688876003548327e-01 4.960804333892291851e+01 1.842458342668485110e-03 
-1.946682216008141175e+00 -4.475074734270161891e-01 1.721024968558451385e-01 5.393126106269639308e+01 1.601893958914977004e-03 
-2.049769070952486949e+00 -5.233096337653324603e-01 1.715626679876341432e-01 4.938081759047077668e+01 1.431159122667902302e-03 
-2.130411848418547471e+00 -5.668067118100419410e-01 1.802284853468634207e-01 4.804643762102622162e+01 1.581775003997102670e-03 
-2.052954242028103504e+00 -6.172574325440057796e-01 1.728150816024994485e-01 4.569384108160272007e+01 1.792165576391629815e-03 
-1.749148096070159308e+00 -6.249142595291492519e-01 1.697975943865100701e-01 4.710361306266567993e+01 1.639747245135502601e-03 
-1.584268545318234356e+00 -5.954995436846488577e-01 1.622448609147217891e-01 5.379186324177580758e+01 1.386559511045231622e-03 
-1.346774381071422555e+00 -6.076064945510889492e-01 1.529645424633609974e-01 5.803634561256852464e+01 1.460978856933818322e-03 
-1.346774381071422555e+00 -6.076064945510889492e-01 1.529645424633609974e-01 5.803634561256852464e+01 1.460978856933818322e-03 
-1.236823330237813545e+00 -4.924208262610082487e-01 1.631340888941344436e-01 5.520072904274303482e+01 1.949119902473322010e-03 
-9.202776137081499774e-01 -4.973619911275542482e-01 1.607685638367214453e-01 5.811711848603948027e+01 2.875915277246864944e-03 
-8.543448614369308913e-01 -4.774400130991890978e-01 1.690655164588133752e-01 5.420644558505616573e+01 2.913926369052906133e-03 
-7.652133586138376575e-01 -4.565061811507985512e-01 1.663421761097803320e-01 4.402537249887072335e+01 1.622808363492988636e-03 
-8.241045815347249892e-01 -4.793797859673513129e-01 1.747341274888358220e-01 4.075946230121223124e+01 1.609460639986431095e-03 
-8.241045815347249892e-01 -4.793797859673513129e-01 1.747341274888358220e-01 4.075946230121223124e+01 1.609460639986431095e-03 
-8.695001620006347354e-01 -4.874173356549830194e-01 1.796312072553003791e-01 4.384975839325846891e+01 1.859136816136603126e-03 
-8.959470866927823351e-01 -5.220430460015264007e-01 1.769508911619727121e-01 4.816001010732475862e+01 2.019703255139315354e-03 
-1.050466146164635184e+00 -5.184063321852583339e-01 1.766598873273370895e-01 5.105745583096899765e+01 2.148409261623452932e-03 
-1.262819031480181042e+00 -5.367107999188259759e-01 1.836323502482462566e-01 5.129642216078600825e+01 2.167898780235567695e-03 
-1.463948794676014797e+00 -4.628031651022856963e-01 1.857041107712831540e-01 4.854805700668927670e+01 1.950691794709268501e-03 
-1.504250280759028557e+00 -4.995003368097966634e-01 1.929044437960202862e-01 4.971192185484384396e+01 2.206846331602026375e-03 
-1.254982356428343548e+00 -5.485066715032208551e-01 2.021475135008601043e-01 5.092136690001942156e+01 2.870578929246277514e-03 
-1.300085638212213457e+00 -5.518178321871908265e-01 2.128686302478901837e-01 5.366999061866967224e+01 3.707883790162395075e-03 
-1.300085638212213457e+00 -5.518178321871908265e-01 2.128686302478901837e-01 5.366999061866967224e+01 3.707883790162395075e-03 
-1.621735684542903844e+00 -5.253778114336402627e-01 2.090651782311407081e-01 5.613050778446947930e+01 3.579900209138463501e-03 
-1.768811782199166016e+00 -4.424981213981116768e-01 2.142166688979141864e-01 5.073350572031684891e+01 3.000282568916109484e-03 
-2.019833140307884634e+00 -4.303679489960794968e-01 2.151830840243142973e-01 5.060866218908518022e+01 2.741763650854382468e-03 
-2.063739070875910464e+00 -3.545520120986302426e-01 2.217836113368590323e-01 5.077145124787703168e+01 3.110021553968641932e-03 
-2.255510449039343612e+00 -3.287711006107915668e-01 2.271702813860030090e-01 5.616246307083365252e+01 4.082005128601748703e-03 
-2.354217771471557086e+00 -3.394773097643571935e-01 2.199045116211849615e-01 5.631576477612418330e+01 3.594134606236607486e-03 
-2.212919307607441155e+00 -3.332842467543090659e-01 2.142820982887017611e-01 5.612037084440552803e+01 3.583169290117963271e-03 
-2.441343591021235770e+00 -3.662787197240496284e-01 2.191119006293481275e-01 5.413189853139574126e+01 2.923426431270514762e-03 
-2.427123790553655791e+00 -4.171983106223603466e-01 2.251572301883759952e-01 5.551936554992758488e+01 3.315314661552753745e-03 
-2.358173076544292091e+00 -4.154464463499901172e-01 2.255964229986466285e-01 5.625538762609765087e+01 3.591506737197941099e-03 
-2.363103027653445487e+00 -4.871087811666832135e-01 2.218377089895127441e-01 5.913551910020709101e+01 3.839628258879090785e-03 
-2.371786155942888996e+00 -5.226495561604558304e-01 2.168744977708306210e-01 6.224373216392366004e+01 4.142436939247711933e-03 
-2.500721469008968523e+00 -5.135506735780083210e-01 2.182693895882424628e-01 6.886768964919474456e+01 5.280687309926147301e-03 
-2.521555936622688066e+00 -4.876765214739138821e-01 2.143940245812578083e-01 6.324738480580967348e+01 4.001534883767610476e-03 
-2.667520866798312351e+00 -4.701059085439346363e-01 2.158439772093316000e-01 6.867500038528200434e+01 4.673192721944619162e-03 
-2.611917674414553137e+00 -4.238894203597596277e-01 2.276497947848309666e-01 6.629994351836175781e+01 4.945662243951182147e-03 
-2.662746912703834123e+00 -3.485049690940094647e-01 2.362320209679043825e-01 6.182214119832705990e+01 4.255772054143917328e-03 
-2.662746912703834123e+00 -3.485049690940094647e-01 2.362320209679043825e-01 6.182214119832705990e+01 4.255772054143917328e-03 
-2.662746912703834123e+00 -3.485049690940094647e-01 2.362320209679043825e-01 6.182214119832705990e+01 4.255772054143917328e-03 
-2.792059676042349281e+00 -3.885214764163122947e-01 2.309775064125580979e-01 6.220681504342220336e+01 3.531825336943160160e-03 
-2.920025132285316349e+00 -3.606122654195437760e-01 2.414715986959171390e-01 6.267970142247138909e+01 3.621849277753212692e-03 
-3.093662051618086828e+00 -3.677518726302272944e-01 2.462159876234825406e-01 6.699381070205767230e+01 3.759065982477894849e-03 
-2.917281798727117792e+00 -3.224505858812194981e-01 2.475788719158481255e-01 6.506626371598964909e+01 3.912344346233083761e-03 
-3.057263990091209749e+00 -3.296872195448199427e-01 2.433948017797929186e-01 6.913085419086341687e+01 4.106123249913424741e-03 
-3.417103064833480364e+00 -3.404406313399149786e-01 2.448052505387236233e-01 6.972383923068383638e+01 2.020030749627739139e-03 
-3.417103064833480364e+00 -3.404406313399149786e-01 2.448052505387236233e-01 6.972383923068383638e+01 2.020030749627739139e-03 
-3.559698458343091954e+00 -3.672354005480378825e-01 2.373436782431886938e-01 6.518756742683936523e+01 1.677921548399877345e-03 
-3.559698458343091954e+00 -3.672354005480378825e-01 2.373436782431886938e-01 6.518756742683936523e+01 1.677921548399877345e-03 
-3.593492982247933121e+00 -3.891926599657163366e-01 2.369199953184927543e-01 6.924530538604714991e+01 1.036961652212035770e-03 
-3.635616470051997950e+00 -3.831884772793134331e-01 2.489065336028204178e-01 6.435130254757916646e+01 1.200706795479401703e-03 
-3.635616470051997950e+00 -3.831884772793134331e-01 2.489065336028204178e-01 6.435130254757916646e+01 1.200706795479401703e-03 
-3.923274462803233664e+00 -3.749455971107630292e-01 2.464732388122643225e-01 6.583006385924505821e+01 1.031334055438889227e-03 
-4.094916508816538681e+00 -3.538517240021000765e-01 2.457134022852543176e-01 6.136560726038622704e+01 1.240698911731649961e-03 
-3.964917733516869713e+00 -3.522452922191858238e-01 2.431147968798133552e-01 6.235539550765169281e+01 1.148805539263286941e-03 
-3.791593274180392825e+00 -3.163735315276814397e-01 2.420967405624806779e-01 6.669117963658138137e+01 1.555084818796737423e-03 
-3.816887231404764158e+00 -3.241169088281731780e-01 2.349756938162881892e-01 7.143269879901410491e+01 1.203142058384903609e-03 
-4.055382554527139582e+00 -3.167911970207847872e-01 2.399786735647397307e-01 7.340840027693266734e+01 1.248387117094895086e-03 
-4.055382554527139582e+00 -3.167911970207847872e-01 2.399786735647397307e-01 7.340840027693266734e+01 1.248387117094895086e-03 
-4.048220683894960814e+00 -3.494128455601404060e-01 2.341802347174399279e-01 7.351218434995288931e+01 1.335788767394807501e-03 
-4.015434313830490431e+00 -3.670321600692181274e-01 2.398062434297725531e-01 7.339546461391093146e+01 1.431926742743591489e-03 
-4.015434313830490431e+00 -3.670321600692181274e-01 2.398062434297725531e-01 7.339546461391093146e+01 1.431926742743591489e-03 
-3.995892193521037417e+00 -3.178792996201550425e-01 2.383163555270671197e-01 7.456736710555398417e+01 1.194762258993498777e-03 
-3.903972571982854856e+00 -2.807703912197780372e-01 2.471430004635128963e-01 7.498072973749543735e+01 1.352024734221387962e-03 
-3.903972571982854856e+00 -2.807703912197780372e-01 2.471430004635128963e-01 7.498072973749543735e+01 1.352024734221387962e-03 
-3.903972571982854856e+00 -2.807703912197780372e-01 2.471430004635128963e-01 7.498072973749543735e+01 1.352024734221387962e-03 
-3.909088057285435180e+00 -2.842359545814435728e-01 2.499375858300878772e-01 7.523086554220321887e+01 1.299980751571974853e-03 
-3.909088057285435180e+00 -2.842359545814435728e-01 2.499375858300878772e-01 7.523086554220321887e+01 1.299980751571974853e-03 
-3.909088057285435180e+00 -2.842359545814435728e-01 2.499375858300878772e-01 7.523086554220321887e+01 1.299980751571974853e-03 
-3.909088057285435180e+00 -2.842359545814435728e-01 2.499375858300878772e-01 7.523086554220321887e+01 1.299980751571974853e-03 
-3.988849008537764362e+00 -3.015406795592648903e-01 2.509031168122990985e-01 7.749208317441838290e+01 1.383344161757247247e-03 
-3.988849008537764362e+00 -3.015406795592648903e-01 2.509031168122990985e-01 7.749208317441838290e+01 1.383344161757247247e-03 
-3.988849008537764362e+00 -3.015406795592648903e-01 2.509031168122990985e-01 7.749208317441838290e+01 1.383344161757247247e-03 
-3.901416968166256716e+00 -2.911509899161891513e-01 2.482930325389877679e-01 7.846053008630750014e+01 1.323076654089364555e-03 
-4.074136480020698947e+00 -2.260153182931329829e-01 2.509906908327061981e-01 7.698588999233339791e+01 1.684952316630547280e-03 
-4.211427948555213518e+00 -1.997864172435914187e-01 2.463455602823366453e-01 7.962886632379012042e+01 1.926321243413990289e-03 
-4.044088880105610073e+00 -1.986621581424123095e-01 2.524414392570265009e-01 8.093661249056457052e+01 2.279782884305186531e-03 
-4.062362243276132823e+00 -1.830380937572549382e-01 2.601457565704182739e-01 8.664189363335080429e+01 2.509616791562304522e-03 
-4.062362243276132823e+00 -1.830380937572549382e-01 2.601457565704182739e-01 8.664189363335080429e+01 2.509616791562304522e-03 
-3.755069058466649068e+00 -2.175430228378414932e-01 2.584887414732353617e-01 8.370632589795853562e+01 3.137298816709206510e-03 
-4.055258268964469615e+00 -1.606734450222169763e-01 2.614326793705206153e-01 8.197492088148746348e+01 3.811821600427233933e-03 
-4.041478220034022684e+00 -2.632007977882181993e-01 2.503446435822554439e-01 8.484053001091091062e+01 1.836127987172098304e-03 
-4.041478220034022684e+00 -2.632007977882181993e-01 2.503446435822554439e-01 8.484053001091091062e+01 1.836127987172098304e-03 
-4.108293955037339629e+00 -2.897558166516404077e-01 2.610954151849440019e-01 7.810959455966219878e+01 1.879385416672858019e-03 
-4.038739175237452628e+00 -3.049431724509992780e-01 2.506609731721743395e-01 8.149010531754353792e+01 1.899067920064008430e-03 
-3.714036546888536794e+00 -3.405840076195574273e-01 2.416642807831316242e-01 7.914406189033310568e+01 1.240669596115320100e-03 
-3.452375953980796552e+00 -3.785648674097221167e-01 2.462815704668052108e-01 7.598465933881826118e+01 1.104062172283955820e-03 
-3.427394752561921276e+00 -3.809067911504447901e-01 2.422382704723421154e-01 7.602475286507424812e+01 1.136166436313979389e-03 
-3.409826247840008762e+00 -3.933996527600748805e-01 2.396550074269906683e-01 7.589984683288176370e+01 1.129604842917711523e-03 
-3.313107334530856818e+00 -4.569985883551054284e-01 2.386012626109813850e-01 7.238087103481294093e+01 1.302742409775615746e-03 
-3.176862767526191789e+00 -4.713163756690885720e-01 2.365091160912352886e-01 7.216965360838621280e+01 2.125938448460771950e-03 
-3.316977581178063073e+00 -5.337124534548886023e-01 2.377320469133108460e-01 7.394565666170265672e+01 1.713505859818788149e-03 
-3.316977581178063073e+00 -5.337124534548886023e-01 2.377320469133108460e-01 7.394565666170265672e+01 1.713505859818788149e-03 
-3.473429549532559779e+00 -5.075563560025733167e-01 2.379771400189686636e-01 7.514980023328483583e+01 1.626261957954281377e-03 
-3.473429549532559779e+00 -5.075563560025733167e-01 2.379771400189686636e-01 7.514980023328483583e+01 1.626261957954281377e-03 
-3.413080510700859271e+00 -4.659738784910067988e-01 2.404026751720071964e-01 7.800628199810475394e+01 1.528934469086984773e-03 
-3.413080510700859271e+00 -4.659738784910067988e-01 2.404026751720071964e-01 7.800628199810475394e+01 1.528934469086984773e-03 
-3.409643154769557150e+00 -4.675657737374320777e-01 2.432672950644875209e-01 8.085508500720639802e+01 1.872127042681555895e-03 
-3.289651490795363564e+00 -5.368442038678729045e-01 2.361006645195786735e-01 7.606288322036873240e+01 1.944026495856995829e-03 
-3.552671124682106996e+00 -4.985992217509148672e-01 2.269456100045485480e-01 7.194259576846950210e+01 1.124818539426451075e-03 
-3.321665907370989768e+00 -4.767101612993489002e-01 2.223605254187051017e-01 7.131486322283041090e+01 1.184531548145877165e-03 
-3.282397072387758463e+00 -3.912694841889864383e-01 2.195887827945267601e-01 7.746038934702340839e+01 1.422495220486034561e-03 
-3.275292357878142102e+00 -4.359187557809849345e-01 2.187051412008193529e-01 8.234181249723948781e+01 1.354818009888390058e-03 
-3.275292357878142102e+00 -4.359187557809849345e-01 2.187051412008193529e-01 8.234181249723948781e+01 1.354818009888390058e-03 
-3.275292357878142102e+00 -4.359187557809849345e-01 2.187051412008193529e-01 8.234181249723948781e+01 1.354818009888390058e-03 
-3.282609007826895020e+00 -4.380639112414967951e-01 2.206462190405121815e-01 8.278907433172287256e+01 1.394994647649739922e-03 
-3.282609007826895020e+00 -4.380639112414967951e-01 2.206462190405121815e-01 8.278907433172287256e+01 1.394994647649739922e-03 
-3.282609007826895020e+00 -4.380639112414967951e-01 2.206462190405121815e-01 8.278907433172287256e+01 1.394994647649739922e-03 
-3.282609007826895020e+00 -4.380639112414967951e-01 2.206462190405121815e-01 8.278907433172287256e+01 1.394994647649739922e-03 
-3.282609007826895020e+00 -4.380639112414967951e-01 2.206462190405121815e-01 8.278907433172287256e+01 1.394994647649739922e-03 
-3.282609007826895020e+00 -4.380639112414967951e-01 2.206462190405121815e-01 8.278907433172287256e+01 1.394994647649739922e-03 
-3.324623601489282709e+00 -4.738346937792951019e-01 2.130723514860700107e-01 7.321583001496033205e+01 1.118234320330191694e-03 
-3.253366525019103506e+00 -4.256639375497573430e-01 2.183476914976271999e-01 7.373153150648991527e+01 1.517785931372556563e-03 
-3.253366525019103506e+00 -4.256639375497573430e-01 2.183476914976271999e-01 7.373153150648991527e+01 1.517785931372556563e-03 
-3.377227939038257798e+00 -4.765467310900183273e-01 2.300172000094829472e-01 7.335737872000764526e+01 1.163752174391448867e-03 
-3.433864857074795829e+00 -5.022205619165858170e-01 2.372461239644037823e-01 7.567912079211150456e+01 1.590653289689624751e-03 
-3.433864857074795829e+00 -5.022205619165858170e-01 2.372461239644037823e-01 7.567912079211150456e+01 1.590653289689624751e-03 
-3.373883863039017772e+00 -5.340617343036065945e-01 2.334014506252440613e-01 7.122460268975652298e+01 1.383427536221648905e-03 
-3.253732197990560682e+00 -5.059074117205213383e-01 2.413961054210099488e-01 7.158845728012501297e+01 1.710557095990904164e-03 
-3.255487996671926343e+00 -5.017659958883948779e-01 2.373951060594842177e-01 6.712238721480464676e+01 1.613345990129053803e-03 
-3.385677232617384735e+00 -5.242053371811047358e-01 2.369902255924072332e-01 6.754810996582249061e+01 1.219395706644371561e-03 
-3.363792682860579752e+00 -6.089813259462295569e-01 2.289657836024588666e-01 6.653342473435320414e+01 1.439254475466132232e-03 
-3.363792682860579752e+00 -6.089813259462295569e-01 2.289657836024588666e-01 6.653342473435320414e+01 1.439254475466132232e-03 
-3.156137775266905088e+00 -6.062433703698313359e-01 2.273892021931492868e-01 6.894351840848472079e+01 2.416867465156629854e-03 
-3.111135667927076742e+00 -6.027766389808675296e-01 2.178073718139398873e-01 7.194086225237160193e+01 2.758833718354256753e-03 
-3.111135667927076742e+00 -6.027766389808675296e-01 2.178073718139398873e-01 7.194086225237160193e+01 2.758833718354256753e-03 
-3.111135667927076742e+00 -6.027766389808675296e-01 2.178073718139398873e-01 7.194086225237160193e+01 2.758833718354256753e-03 
-3.271122173506130437e+00 -5.134129914559842911e-01 2.170391784313537853e-01 7.862301389793195483e+01 1.594897858886163648e-03 
-3.556863342639339010e+00 -5.663570099740058428e-01 2.212602494350563442e-01 8.254749177500868029e+01 2.813142442663089590e-03 
-3.548678168779856978e+00 -5.455141058105018592e-01 2.189204172116046565e-01 8.448178479178852740e+01 2.796422490558018482e-03 
-3.494502906468650583e+00 -3.895630819790593113e-01 2.226697469217432113e-01 8.666277323695008761e+01 1.373942048605415007e-03 
-3.635641927228090431e+00 -4.168712849580504809e-01 2.171732086985543042e-01 8.095280437983740285e+01 1.239501326287429425e-03 
-3.441197034000599064e+00 -4.404416543229497938e-01 2.281927457815830784e-01 7.956039468206391518e+01 1.284947162583340713e-03 
-3.347708020684667218e+00 -4.584150358310828954e-01 2.224566906547175982e-01 8.647394222901270666e+01 1.849419391866238827e-03 
-3.399353829292537377e+00 -4.483902207876908630e-01 2.310735336407078455e-01 8.359003997268315800e+01 1.702307637449219837e-03 
-3.536919017019549472e+00 -4.335412953584835694e-01 2.351241187295331492e-01 8.569645668950659001e+01 1.972461266078525538e-03 
-3.536919017019549472e+00 -4.335412953584835694e-01 2.351241187295331492e-01 8.569645668950659001e+01 1.972461266078525538e-03 
-3.478119972573601171e+00 -4.252561680810350575e-01 2.385538807619499990e-01 8.138609738514574587e+01 1.469569898326802699e-03 
-3.802278248586336229e+00 -4.195354641373671978e-01 2.421719755843748656e-01 8.073749980791930625e+01 2.194091582824148328e-03 
-3.848087433981510763e+00 -3.228911385651561661e-01 2.381650839502865991e-01 7.653624732041231482e+01 1.161796328786482944e-03 
-3.502247219774922371e+00 -3.621901684691765100e-01 2.430531021344714548e-01 7.870367693800542952e+01 1.059567976316465147e-03 
-3.545892759927483429e+00 -4.498884299694285716e-01 2.434578817344949242e-01 7.821264576404792024e+01 1.504322499599271236e-03 
-3.428206986667968970e+00 -4.778378641750048450e-01 2.331866614521478920e-01 7.471189810035042456e+01 1.263908613328942974e-03 
-3.397429094337521160e+00 -4.766486463653443195e-01 2.359012412784089185e-01 6.528124262086359408e+01 1.174741743504653223e-03 
-3.397429094337521160e+00 -4.766486463653443195e-01 2.359012412784089185e-01 6.528124262086359408e+01 1.174741743504653223e-03 
-3.397429094337521160e+00 -4.766486463653443195e-01 2.359012412784089185e-01 6.528124262086359408e+01 1.174741743504653223e-03 
-3.199001906711458343e+00 -4.977738277615419982e-01 2.301070909003668508e-01 6.473266851324711979e+01 2.050308801288612537e-03 
-3.199001906711458343e+00 -4.977738277615419982e-01 2.301070909003668508e-01 6.473266851324711979e+01 2.050308801288612537e-03 
-3.199001906711458343e+00 -4.977738277615419982e-01 2.301070909003668508e-01 6.473266851324711979e+01 2.050308801288612537e-03 
-3.092165353029088237e+00 -5.041809692397977161e-01 2.258334397772778224e-01 6.015457104637335561e+01 3.022059803156668459e-03 
-3.083443055681715173e+00 -4.875012864906907439e-01 2.199376658063350587e-01 5.440801294215167161e+01 4.025208009241264609e-03 
-3.082335253331208058e+00 -4.812935295489146892e-01 2.218429653848989769e-01 5.074402398104880518e+01 4.897270164604398263e-03 
-2.919038533711731276e+00 -4.567272182967387351e-01 2.166633030748041921e-01 4.587523324129691105e+01 3.953535113606987741e-03 
-2.873033943665523005e+00 -4.624489682439389404e-01 2.132134982673326018e-01 4.832847955868628276e+01 2.853683821578300271e-03 
-2.498065505388137097e+00 -4.825659231220918999e-01 2.126268327750870657e-01 4.474791356917418028e+01 1.753549597971536950e-03 
-2.094642052238552488e+00 -4.344055569393402427e-01 2.177760676854912647e-01 4.363288688903986667e+01 2.144255844447727315e-03 
-2.060427911953053748e+00 -3.535909590723168017e-01 2.223338574640199850e-01 4.494500011027061248e+01 2.375471985491162293e-03 
-2.075017099770497975e+00 -3.783969017423950976e-01 2.151715191665829752e-01 4.192384624367869606e+01 2.008480157890213912e-03 
-1.969443805417457449e+00 -3.519104302288782460e-01 2.222334723130214296e-01 4.338392386108849053e+01 2.340086139578418170e-03 
-2.236545406125225899e+00 -3.452343469739628801e-01 2.236469690192719462e-01 4.409687228224700561e+01 2.126414245874883903e-03 
-2.253830674424693203e+00 -3.543958326346965948e-01 2.253213749741629912e-01 4.867744397243777854e+01 2.644985039151702584e-03 
-2.377107954746820795e+00 -2.973820942089038244e-01 2.351589682131918213e-01 4.592425580809084096e+01 2.514070380945462001e-03 
-2.599133994414594806e+00 -3.196462631396352339e-01 2.415135544903854736e-01 4.722541171047204500e+01 2.422208755309901776e-03 
-2.547909253386134942e+00 -3.364329235431476328e-01 2.287672909169665703e-01 4.806751569585038908e+01 2.238321929206374319e-03 
-2.638066351018153899e+00 -4.004727942115393624e-01 2.218257708250029325e-01 4.859415745179353507e+01 2.003897815875828846e-03 
-2.691100351335405705e+00 -4.062671953604035102e-01 2.210129304468886335e-01 5.321076515751460079e+01 2.350402668872740315e-03 
-2.846493102533028896e+00 -5.101145571321318295e-01 2.300390289267015831e-01 5.378248402003056583e+01 2.741815506032490961e-03 
-2.695436247524162887e+00 -4.939895388297393386e-01 2.290881671717789336e-01 5.002954212194076433e+01 2.310510749566891189e-03 
-2.887514839265856725e+00 -5.695041195025101199e-01 2.371028916138145926e-01 4.903507714765854075e+01 2.930863255724633874e-03 
-3.018295745562391108e+00 -6.146765734413468518e-01 2.357986207150054303e-01 5.069674992343395559e+01 3.373118830232486529e-03 
-3.218212668050549397e+00 -5.709481890366896462e-01 2.307096349144354408e-01 5.189836188311225129e+01 2.988482947363911048e-03 
-3.441864191226288838e+00 -5.598633858490308368e-01 2.329659017023858469e-01 5.316605458019921571e+01 1.753738163833242457e-03 
-3.441864191226288838e+00 -5.598633858490308368e-01 2.329659017023858469e-01 5.316605458019921571e+01 1.753738163833242457e-03 
-3.441864191226288838e+00 -5.598633858490308368e-01 2.329659017023858469e-01 5.316605458019921571e+01 1.753738163833242457e-03 
-3.599845220006713031e+00 -4.728600090457893979e-01 2.368948557129950117e-01 5.508992959622282370e+01 1.645005169833583993e-03 
-3.881654710780880535e+00 -4.833490788959000639e-01 2.305268014403925037e-01 5.559268867463264741e+01 1.289258016147264456e-03 
-3.584603719233894648e+00 -4.683862440128130911e-01 2.362394507143956435e-01 5.923972582422636890e+01 1.258094054251153015e-03 
-3.635046256033800383e+00 -4.632503559774955315e-01 2.281255552840435463e-01 6.114361189514022499e+01 1.109826379772703474e-03 
-3.714707685909168777e+00 -4.584219036371445788e-01 2.236052553362996020e-01 6.299752413216378955e+01 9.659431746378846972e-04 
-3.688806297626657571e+00 -4.414726005960565303e-01 2.229449757250118735e-01 6.589386303729857275e+01 9.319712492623075974e-04 
-3.744664837566122895e+00 -3.980597162056456750e-01 2.247385994233043471e-01 6.452538672111185747e+01 1.135712415505439176e-03 
-3.656549652665909367e+00 -4.201762908203952041e-01 2.225248852075928374e-01 6.739824389736794785e+01 9.883856340027145221e-04 
-3.836827504386143506e+00 -4.262357225893718682e-01 2.269767737197284085e-01 6.677491575074647301e+01 9.629058571259594117e-04 
-3.883522282919484425e+00 -3.771487784501106333e-01 2.251522165782723628e-01 6.983540006849997894e+01 1.001742252672237210e-03 
-4.107572745677672721e+00 -4.447391425892040506e-01 2.211700644267632077e-01 6.290124639546955621e+01 1.263774328940724112e-03 
-3.977666098868114730e+00 -4.112830889706590165e-01 2.224645947842932292e-01 6.342057585420696597e+01 1.028188766671091388e-03 
-3.977666098868114730e+00 -4.112830889706590165e-01 2.224645947842932292e-01 6.342057585420696597e+01 1.028188766671091388e-03 
-4.015660948428735999e+00 -3.550743181803762694e-01 2.244621365191122597e-01 5.980369900517083437e+01 1.458713067489894469e-03 
-4.084381739499488795e+00 -3.462811054050251580e-01 2.311238034233678018e-01 5.442438581657067687e+01 2.019294073576250598e-03 
-3.909550004230569975e+00 -3.237583442332670480e-01 2.175848761635871265e-01 5.603992238832851314e+01 3.059343007540139912e-03 
-3.909550004230569975e+00 -3.237583442332670480e-01 2.175848761635871265e-01 5.603992238832851314e+01 3.059343007540139912e-03 
-3.968595337215879315e+00 -2.920092909309208729e-01 2.095179564282817763e-01 6.295830978953340207e+01 2.581755920838423122e-03 
-3.888127334538001634e+00 -3.081960886513355757e-01 2.102388565430722278e-01 6.317201885446304743e+01 2.551295763719696724e-03 
-3.888127334538001634e+00 -3.081960886513355757e-01 2.102388565430722278e-01 6.317201885446304743e+01 2.551295763719696724e-03 
-3.756879437023510793e+00 -2.756521385877648833e-01 2.077921151326334592e-01 6.825059008406604732e+01 3.597185027134082013e-03 
-3.827793378784839273e+00 -3.622202566702142912e-01 1.898903065319669514e-01 7.090946617003828578e+01 1.451345170572471231e-03 
-3.773488393172602873e+00 -3.572644603758293735e-01 2.008042923212188524e-01 7.283384266064648216e+01 1.311444357615157690e-03 
-4.015091428896686132e+00 -3.778662836791852886e-01 2.022738837356239106e-01 6.929060442313259216e+01 1.024891449540850505e-03 
-4.015091428896686132e+00 -3.778662836791852886e-01 2.022738837356239106e-01 6.929060442313259216e+01 1.024891449540850505e-03 
-4.040458421455326743e+00 -3.974932557633777397e-01 2.038766938347018054e-01 7.281546004724039278e+01 1.140879474267642111e-03 
-4.125066477397091091e+00 -3.841109393113352755e-01 1.963737540065347287e-01 7.976474568224652728e+01 1.738384841319061663e-03 
-4.209392094786746696e+00 -4.392538508474618242e-01 1.977901928619404393e-01 7.428192010305359361e+01 1.800104690479108639e-03 
-4.429682188444615143e+00 -4.468152362084395479e-01 1.926380267942328084e-01 7.246692918840751929e+01 2.192597713625655219e-03 
-3.954470576870811271e+00 -5.048961199573648306e-01 1.907641529868796260e-01 7.349190221240819199e+01 1.297349924997801386e-03 
-4.165731083231413834e+00 -4.594101810508854911e-01 1.796954372595135074e-01 6.965625812620254464e+01 1.115140116319076474e-03 
-4.284837668846555481e+00 -5.102613824007314891e-01 1.916144239286357576e-01 7.023483325731442051e+01 1.812130110365869559e-03 
-4.322121329889754726e+00 -5.328870019368221467e-01 1.993737745755257973e-01 6.814137042936103228e+01 2.044428694747568546e-03 
-4.123080011768470499e+00 -4.810063981349088080e-01 2.097443118438382104e-01 6.779036040719766731e+01 1.503916095961909966e-03 
-4.114677639296208334e+00 -4.783451430340153743e-01 2.109638563238372955e-01 6.824277018191807542e+01 1.526646732160746520e-03 
-4.114677639296208334e+00 -4.783451430340153743e-01 2.109638563238372955e-01 6.824277018191807542e+01 1.526646732160746520e-03 
-4.236939575390371360e+00 -5.250479527511582312e-01 2.170932790941363377e-01 6.889586011973325697e+01 2.404374174201814353e-03 
-4.204817476261499820e+00 -5.146500273345537835e-01 2.201329994332250628e-01 6.944836574629366055e+01 2.407435811974144475e-03 
-4.101669680996025136e+00 -5.097997560002566209e-01 2.214294833003686014e-01 7.422839621851326797e+01 2.710568759296204909e-03 
-4.159216971724839063e+00 -5.002602379814766742e-01 2.140687160901547925e-01 7.016967432464340959e+01 2.068800921928134508e-03 
-4.159216971724839063e+00 -5.002602379814766742e-01 2.140687160901547925e-01 7.016967432464340959e+01 2.068800921928134508e-03 
-4.543997921321972555e+00 -4.269014369248935181e-01 2.221476960456226224e-01 7.146147481440358717e+01 3.453493796742260896e-03 
-4.561771654495119677e+00 -4.748680102599949215e-01 2.266798946648477253e-01 7.073333611040622770e+01 3.883874916145856060e-03 
-4.499759456234156296e+00 -5.469127216730214069e-01 2.227671560264251061e-01 6.920384953693810814e+01 3.653920948501761246e-03 
-4.235076396790949715e+00 -5.790572513208522842e-01 2.142986689339468898e-01 6.813008188070122628e+01 2.510315055220225036e-03 
-4.226999186844019540e+00 -5.843805998731580464e-01 2.153962661812410528e-01 6.373561071908606834e+01 2.059068531076724100e-03 
-4.280862353726321956e+00 -6.037237826576292710e-01 2.036657624936216160e-01 6.687477804169387241e+01 2.231525542492665201e-03 
-4.532174032518318185e+00 -5.912948393322010610e-01 2.105436900907553532e-01 6.660446405703035566e+01 3.047304543618156378e-03 
-4.405157783725615062e+00 -5.956375607802482097e-01 2.126809006144820269e-01 7.448380097623058305e+01 4.036258192259698646e-03 
-4.157681670550601893e+00 -4.811794528327314469e-01 2.184152468671503033e-01 7.960320366142626369e+01 3.449111941328135596e-03 
-4.093698283265679194e+00 -4.671660858045058595e-01 2.186551651171506072e-01 8.316021819478685018e+01 3.645403501150203986e-03 
-3.927104694737664214e+00 -5.201734612032543614e-01 2.181718978142215548e-01 8.880864972167762517e+01 4.587571198682792797e-03 
-4.083772257279024487e+00 -5.000751321002244731e-01 2.133961079265493943e-01 9.158693344478658105e+01 5.341527235592669065e-03 
-4.210387034680702634e+00 -4.868564067762040648e-01 2.145788567502494582e-01 9.274141816660373649e+01 6.016452343306772158e-03 
-4.470830644440859203e+00 -4.343455151866399411e-01 2.133811512735724059e-01 1.009613875966495442e+02 8.081688191645428759e-03 
-4.441991370241973769e+00 -4.689980699855680335e-01 2.139649309272864675e-01 1.010239862458437869e+02 8.321013630047297688e-03 
-4.772456254100127637e+00 -4.729332732310617127e-01 2.089747945540310070e-01 1.019905897529746852e+02 8.890498132800815634e-03 
-4.452488221095324050e+00 -5.160839541617812110e-01 2.132474170377153533e-01 9.659564386339397402e+01 7.818708688791796771e-03 
-4.420907105341346011e+00 -5.261125165650677449e-01 2.247187884663375268e-01 8.957017243642285109e+01 6.996279997167226608e-03 
-4.494956211432634241e+00 -5.057305988375008221e-01 2.251763533746931611e-01 9.088501736521241980e+01 7.330010857298433283e-03 
-4.835590203515075736e+00 -5.373017954090463233e-01 2.369655961977488456e-01 9.265600805012705621e+01 8.855036361439638792e-03 
