-3.955886920222541736e+00 -8.858162476389929152e-01 1.289347938135472216e-01 7.007161940702722802e+01 8.565709960130576950e-04 
-3.955886920222541736e+00 -8.858162476389929152e-01 1.289347938135472216e-01 7.007161940702722802e+01 8.565709960130576950e-04 
-3.935238903842074532e+00 -8.271925532588270125e-01 1.202907419840530401e-01 6.868208254278188463e+01 1.094013467975459182e-03 
-3.836937768342709276e+00 -8.802281258508863893e-01 1.303866951316587919e-01 7.303964777688003096e+01 8.830287548839142785e-04 
-3.836937768342709276e+00 -8.802281258508863893e-01 1.303866951316587919e-01 7.303964777688003096e+01 8.830287548839142785e-04 
-3.836937768342709276e+00 -8.802281258508863893e-01 1.303866951316587919e-01 7.303964777688003096e+01 8.830287548839142785e-04 
-4.019076445511839957e+00 -8.672268221106552710e-01 1.301568804919265854e-01 7.051676824051544656e+01 8.604526037699525938e-04 
-4.089468098292556419e+00 -8.904776030696371913e-01 1.235684390047696174e-01 7.041224084513285675e+01 8.715119513334195368e-04 
-4.201091045370670685e+00 -8.531420920924182028e-01 1.131667883843925915e-01 7.302836565884004472e+01 9.188967086792344287e-04 
-4.079204480874687455e+00 -7.750059729225740046e-01 1.031347484905849876e-01 7.513914425280889020e+01 1.243652467999936369e-03 
-4.079204480874687455e+00 -7.750059729225740046e-01 1.031347484905849876e-01 7.513914425280889020e+01 1.243652467999936369e-03 
-4.209541474402620054e+00 -8.624728396199768943e-01 1.023073759024842044e-01 7.882306857528394062e+01 9.867144048690754121e-04 
-4.209541474402620054e+00 -8.624728396199768943e-01 1.023073759024842044e-01 7.882306857528394062e+01 9.867144048690754121e-04 
-4.342965376395228283e+00 -9.663643635091497819e-01 1.108506293304715729e-01 7.754413459936205300e+01 9.399976368055898467e-04 
-4.392537542326695466e+00 -1.022065687407734735e+00 1.058521186426899935e-01 7.834211462982653984e+01 9.336129632054590826e-04 
-4.504599156970359175e+00 -8.973228060524910399e-01 1.138670563992155438e-01 7.899711729013462502e+01 1.059336248757004276e-03 
-4.295109997067541485e+00 -8.911151660417626630e-01 1.168902681565145707e-01 8.154460826359481018e+01 1.306731174738597068e-03 
-4.295109997067541485e+00 -8.911151660417626630e-01 1.168902681565145707e-01 8.154460826359481018e+01 1.306731174738597068e-03 
-3.977763448052692219e+00 -9.292078088698785265e-01 1.075614406377372462e-01 8.320021375160584398e+01 1.180609013769315981e-03 
-3.745332313380513423e+00 -9.503323835864129210e-01 9.437599976148250414e-02 8.702137673228276071e+01 1.310352838106738395e-03 
-3.881262140251931836e+00 -9.816614428121244185e-01 9.530161984017067323e-02 8.949687164283157870e+01 1.497774797979201274e-03 
-4.114195677355900749e+00 -9.596906552616313313e-01 9.815254167612846858e-02 8.300604804042133367e+01 1.096697761171351853e-03 
-4.121172578625698968e+00 -9.906557154070518845e-01 9.629818164053549623e-02 8.470838171475861600e+01 1.170344865400064355e-03 
-4.168749313478256724e+00 -9.495240935713396002e-01 8.711551497053865445e-02 8.676317028821686961e+01 1.287331034751348566e-03 
-4.159823695224889484e+00 -9.093513235941410588e-01 9.182176448052230266e-02 8.247351441865524180e+01 1.166164831257203178e-03 
-3.992275682475923126e+00 -8.884936063339221590e-01 9.439828633092603449e-02 8.402014616734226138e+01 1.205071821141998848e-03 
-3.956767577939839686e+00 -8.594732578959285441e-01 9.163830407362176522e-02 7.702704564627941863e+01 1.621791122490780571e-03 
-3.777346148868312437e+00 -9.016387956052203112e-01 8.532136196856995869e-02 7.403753852907931332e+01 2.523410358589114801e-03 
-3.644860289983950175e+00 -9.731480916480428345e-01 7.398918668540797883e-02 7.821420413173201780e+01 3.075435998565498145e-03 
-3.550596550452753686e+00 -1.031361374292970590e+00 7.504510840801473237e-02 8.831395565216166688e+01 1.890566869615804488e-03 
-3.839181079247217188e+00 -1.070343048110846018e+00 6.889893979888711550e-02 8.910929571693431228e+01 2.189111965406690015e-03 
-3.731092656834765098e+00 -1.124772634908033586e+00 7.111184150888796851e-02 9.117451565556183368e+01 1.932210472628488607e-03 
-3.752277483329378160e+00 -1.149075682474685056e+00 7.603488585054000992e-02 9.213298744728091094e+01 1.699646022035107215e-03 
-3.650571986661290236e+00 -1.088350183961024564e+00 7.720088852627797482e-02 8.590077753757591950e+01 1.772806220144061869e-03 
-3.650571986661290236e+00 -1.088350183961024564e+00 7.720088852627797482e-02 8.590077753757591950e+01 1.772806220144061869e-03 
-3.660605579970691803e+00 -1.118345679711258311e+00 7.724264571314570782e-02 8.567410943916937072e+01 1.738094471603027821e-03 
-3.505437471222565993e+00 -1.058985720023685628e+00 7.908444195826783152e-02 8.821120728884891093e+01 1.603058357713057179e-03 
-3.390914455722694676e+00 -1.057832678543778604e+00 8.477352416094491305e-02 9.445341214747620029e+01 1.684558805055297662e-03 
-3.277677336663558982e+00 -1.028301318900251893e+00 8.311705223311144364e-02 9.341203858454245790e+01 1.513634159881620776e-03 
-3.277677336663558982e+00 -1.028301318900251893e+00 8.311705223311144364e-02 9.341203858454245790e+01 1.513634159881620776e-03 
-3.256937058212981295e+00 -1.070137778823130548e+00 8.839950192733193879e-02 8.993873944620111160e+01 1.303692794220052964e-03 
-3.207479702243980046e+00 -1.040198024601055815e+00 8.919731975110281597e-02 9.126011810686330250e+01 1.302641641676278734e-03 
-3.337103070647674308e+00 -1.078442343465191078e+00 1.033109806828680505e-01 8.437710744296586540e+01 1.130147012259292722e-03 
-2.893258288107943610e+00 -1.105252794779266745e+00 1.055305055186022134e-01 8.208918157214202438e+01 1.214212219551793733e-03 
-2.772403861237601408e+00 -1.109181815278169836e+00 1.022127066786176902e-01 7.636512562558911554e+01 9.157989972669094633e-04 
-2.709560582866965106e+00 -1.020662227362667540e+00 1.127769928535132943e-01 7.720980059446424093e+01 1.170696185728508460e-03 
-2.826230676334304803e+00 -9.973349836308018634e-01 1.118784370380807996e-01 7.288933745060772651e+01 8.598836908711574630e-04 
-3.039875378105673320e+00 -1.000837492261488659e+00 1.020678673023352190e-01 6.989025577456466465e+01 1.464565090758746576e-03 
-3.054234203394185165e+00 -1.084635764034632244e+00 1.081224700195899391e-01 7.107316590240110088e+01 1.037345906158263506e-03 
-3.150622228406892322e+00 -1.090360091043313995e+00 1.212044713043681082e-01 7.302670071992750422e+01 8.531041311444373604e-04 
-3.041647342467713955e+00 -1.173627896207399379e+00 1.159389366339126370e-01 7.206727530019911399e+01 8.543560627505805737e-04 
-3.041647342467713955e+00 -1.173627896207399379e+00 1.159389366339126370e-01 7.206727530019911399e+01 8.543560627505805737e-04 
-3.041647342467713955e+00 -1.173627896207399379e+00 1.159389366339126370e-01 7.206727530019911399e+01 8.543560627505805737e-04 
-3.041647342467713955e+00 -1.173627896207399379e+00 1.159389366339126370e-01 7.206727530019911399e+01 8.543560627505805737e-04 
-3.288462420477623827e+00 -1.119850416748319866e+00 1.240600369007615195e-01 7.208714237652404222e+01 8.425052074617993790e-04 
-3.181390055894867785e+00 -1.146919273142041895e+00 1.127392128077438077e-01 6.814626836422635847e+01 1.164165292364562673e-03 
-2.896088003249307263e+00 -1.143258650434179735e+00 1.105237553628361930e-01 6.633994054113132677e+01 1.113762476771538827e-03 
-2.896088003249307263e+00 -1.143258650434179735e+00 1.105237553628361930e-01 6.633994054113132677e+01 1.113762476771538827e-03 
-3.013655775804831460e+00 -1.013741518421052090e+00 1.165853102738427099e-01 6.636967014247227326e+01 1.223645816144516537e-03 
-2.922088809492274120e+00 -1.008209798886463782e+00 1.209854315613296122e-01 7.869457333628167817e+01 1.329550421587498508e-03 
-3.210868376177726358e+00 -9.792495744968372495e-01 1.198330520345144978e-01 7.880527445999815939e+01 9.219750707774816484e-04 
-3.276297351998104457e+00 -9.560829343256294077e-01 1.194564058815048291e-01 7.680081200013965770e+01 8.599330837661376976e-04 
-3.209240522498318704e+00 -1.008236710004347891e+00 1.132627250033793886e-01 7.825687259539076024e+01 8.652654168875952359e-04 
-3.531631981543850163e+00 -9.645862522649341075e-01 1.195337729500742935e-01 7.493158951503318121e+01 8.620119858233412377e-04 
-3.531631981543850163e+00 -9.645862522649341075e-01 1.195337729500742935e-01 7.493158951503318121e+01 8.620119858233412377e-04 
-3.392306574778332529e+00 -1.007911235463905264e+00 1.244037411638047874e-01 7.216751463692376944e+01 8.412381952365344164e-04 
-3.302151493098699486e+00 -1.077930938720230936e+00 1.215215813529263028e-01 7.219579175842586949e+01 8.421740897263363911e-04 
-3.302151493098699486e+00 -1.077930938720230936e+00 1.215215813529263028e-01 7.219579175842586949e+01 8.421740897263363911e-04 
-3.572224570112576547e+00 -1.033125261244833837e+00 1.334057541339123409e-01 7.307002776826392676e+01 9.522788187560277985e-04 
-3.386081396241272135e+00 -1.031096265736060502e+00 1.293238465145953864e-01 7.043160306190830511e+01 8.416102418751731165e-04 
-3.408899050480052040e+00 -1.012431442664927461e+00 1.276743057672320714e-01 6.977879223678864662e+01 8.553121016622346195e-04 
-3.400017040511222444e+00 -1.030786384338022055e+00 1.420464922199132785e-01 6.945974078256676876e+01 9.254984311214727987e-04 
-3.713675556821809831e+00 -1.067922062530434646e+00 1.382792009172689462e-01 7.668813737789425033e+01 1.490888121268962429e-03 
-3.671583808689028672e+00 -1.027164970245003639e+00 1.345430196906788889e-01 6.806324112843914520e+01 8.513899958501967152e-04 
-3.813194417318338303e+00 -9.563587623913989422e-01 1.408538421969569576e-01 6.844151702737660514e+01 8.965210655574281425e-04 
-3.813194417318338303e+00 -9.563587623913989422e-01 1.408538421969569576e-01 6.844151702737660514e+01 8.965210655574281425e-04 
-3.676309771086823108e+00 -9.390640966640505516e-01 1.315565624596977679e-01 6.432723190335782704e+01 1.087935216944525222e-03 
-3.558385449989498905e+00 -1.042005286887571103e+00 1.372932145187543695e-01 6.086265557541960192e+01 1.220575058165220472e-03 
-3.648589855055147879e+00 -1.007827200365627895e+00 1.477938155838802448e-01 6.604144475532405067e+01 9.162277663103642663e-04 
-3.648589855055147879e+00 -1.007827200365627895e+00 1.477938155838802448e-01 6.604144475532405067e+01 9.162277663103642663e-04 
-3.648589855055147879e+00 -1.007827200365627895e+00 1.477938155838802448e-01 6.604144475532405067e+01 9.162277663103642663e-04 
-3.833201294330883524e+00 -9.457779286743560609e-01 1.432534027710484215e-01 6.848101943188359542e+01 9.247685061060449511e-04 
-4.041733459334000855e+00 -9.601634832085986782e-01 1.362175959944160186e-01 6.878535653713223041e+01 9.036885290781833217e-04 
-3.883240824893608334e+00 -9.873652748293417769e-01 1.452126535598814716e-01 6.956912096069540041e+01 1.053661565223280947e-03 
-3.801909998277424485e+00 -9.980588204896183591e-01 1.592196930887825324e-01 6.725073995006582095e+01 1.227996394225306992e-03 
-3.921276378486596936e+00 -1.007887245580324720e+00 1.592399809513687647e-01 6.311668101153244947e+01 1.094461488213380445e-03 
-3.726105203521787423e+00 -1.079264595134610483e+00 1.518002472067368491e-01 5.545100983644978498e+01 1.432658772323191793e-03 
-3.726105203521787423e+00 -1.079264595134610483e+00 1.518002472067368491e-01 5.545100983644978498e+01 1.432658772323191793e-03 
-3.949121571731184055e+00 -1.129893362646916533e+00 1.627554230322894313e-01 5.587477392001981968e+01 1.295093509961506382e-03 
-4.019105458838351019e+00 -1.185486937092750770e+00 1.667004653465699315e-01 5.932465620133967832e+01 1.293714729197697078e-03 
-4.252218042642624596e+00 -1.147263639167416693e+00 1.541675070203273323e-01 6.253058397545556346e+01 1.179804001532973844e-03 
-4.448726260064872484e+00 -1.068020065926808426e+00 1.507396483019120548e-01 6.428723473561419155e+01 1.202423958306581865e-03 
-4.448726260064872484e+00 -1.068020065926808426e+00 1.507396483019120548e-01 6.428723473561419155e+01 1.202423958306581865e-03 
-4.315927885803152897e+00 -1.086734253057707544e+00 1.508603165774730637e-01 6.138610974115673002e+01 1.125115880198608326e-03 
-4.037423005145309496e+00 -1.135434969557071794e+00 1.478578208823095042e-01 5.796868944858938022e+01 1.206407387419225225e-03 
-3.955238458809162250e+00 -1.176787716415859109e+00 1.552607949224627526e-01 5.613643477103148882e+01 1.289591081617634614e-03 
-3.889663709108690970e+00 -1.202319305640792813e+00 1.603868186784470073e-01 5.227310111413017069e+01 1.633267234552419466e-03 
-3.926248389366958413e+00 -1.164384266672115142e+00 1.657128536943531516e-01 5.140167967118573245e+01 1.684160388412199623e-03 
-4.297858246232192592e+00 -1.220395155624910632e+00 1.592187394316319782e-01 5.803017231971242040e+01 1.274576716744442798e-03 
-4.160285509022077832e+00 -1.208104453921175825e+00 1.626293676554239342e-01 5.836949567772828829e+01 1.278208644324241826e-03 
-4.160285509022077832e+00 -1.208104453921175825e+00 1.626293676554239342e-01 5.836949567772828829e+01 1.278208644324241826e-03 
-4.160285509022077832e+00 -1.208104453921175825e+00 1.626293676554239342e-01 5.836949567772828829e+01 1.278208644324241826e-03 
-4.343829551866387639e+00 -1.143123975844734019e+00 1.602544187352062943e-01 5.976672136235647770e+01 1.280395065667386170e-03 
-4.406607820108216167e+00 -1.097871469884253326e+00 1.624638054052947866e-01 5.466860806860655231e+01 1.477929570875062722e-03 
-4.648503311279476691e+00 -1.153109612746093360e+00 1.579773251415762525e-01 5.415630664983347486e+01 1.540520641360672120e-03 
-4.507942943764648547e+00 -1.055706903606908886e+00 1.544790745278655231e-01 6.060754101908412395e+01 1.229730502228622898e-03 
-4.606715425479456449e+00 -1.016964411168546745e+00 1.691642180676088125e-01 6.251149715487203196e+01 1.674828847664466998e-03 
-4.635918529583467063e+00 -1.069086505859443870e+00 1.608488922662950071e-01 6.766034984858849555e+01 1.851817826642154210e-03 
-4.516960079289790819e+00 -1.105747865597038526e+00 1.579841051583674438e-01 6.621184296317787243e+01 1.574184096126760588e-03 
-4.583295522195827587e+00 -1.147981066070825840e+00 1.629025332751747046e-01 6.822391262313149696e+01 2.023280041141598071e-03 
-4.486719775178881875e+00 -1.115839594563942327e+00 1.530691587455264291e-01 7.138538652327436296e+01 1.910890558454418501e-03 
-4.237399651541091217e+00 -1.113367715005754155e+00 1.466685644387519249e-01 7.149810750267496928e+01 1.536877362297674144e-03 
-3.885933135846709963e+00 -1.117178020092242319e+00 1.441998550858623052e-01 7.864037198078811741e+01 2.179297207393772039e-03 
-3.913706551303747894e+00 -1.156290774094864249e+00 1.511036122127435988e-01 6.918132080497650804e+01 1.365084817752813297e-03 
-3.913706551303747894e+00 -1.156290774094864249e+00 1.511036122127435988e-01 6.918132080497650804e+01 1.365084817752813297e-03 
-3.737224544057287989e+00 -1.143584483374855854e+00 1.519025097537468616e-01 6.785978735114115068e+01 1.204579170231987253e-03 
-3.966069894977489518e+00 -1.135815049695158008e+00 1.386560283364084711e-01 6.912608456750751884e+01 1.016957670217998912e-03 
-3.944215662545560885e+00 -1.214588901001534049e+00 1.511600482379532873e-01 6.545882249534263053e+01 1.157377051231428186e-03 
-3.997536731390392895e+00 -1.264456212409598379e+00 1.339546558939098964e-01 7.117437475336122077e+01 1.097500506675487542e-03 
-4.147349534445223362e+00 -1.241224281646822192e+00 1.307906383387355542e-01 7.571788075600693446e+01 1.426821324622342237e-03 
-4.147349534445223362e+00 -1.241224281646822192e+00 1.307906383387355542e-01 7.571788075600693446e+01 1.426821324622342237e-03 
-4.098317614052542801e+00 -1.254212062744721967e+00 1.303079426397462381e-01 7.517201239833950410e+01 1.345915033054554798e-03 
-3.926243111339654757e+00 -1.289065418147017805e+00 1.361403544458642811e-01 7.353160299739379013e+01 1.366318459045185157e-03 
-4.313276202932931014e+00 -1.304740885633282721e+00 1.349061552731755931e-01 7.250733940953500678e+01 1.325908160402164849e-03 
-4.313276202932931014e+00 -1.304740885633282721e+00 1.349061552731755931e-01 7.250733940953500678e+01 1.325908160402164849e-03 
-4.073025395446347119e+00 -1.340096933025287873e+00 1.387999581441334562e-01 7.169357499214490304e+01 1.348847788499433521e-03 
-4.133733210642159150e+00 -1.352258628031830279e+00 1.334454745980428458e-01 7.729773739648777564e+01 1.796686579278389609e-03 
-3.921966145925028346e+00 -1.381531095448833568e+00 1.267221386678348272e-01 7.850007645973722958e+01 1.612044392561717918e-03 
-4.205213400632712428e+00 -1.412696325871690473e+00 1.168487673883620848e-01 7.724807080077368937e+01 1.165023214369476437e-03 
-4.176606458077796624e+00 -1.371594899622596619e+00 1.092334903852951317e-01 7.091631092517839363e+01 8.800594021842868351e-04 
-4.120402018133872524e+00 -1.329473081220175823e+00 1.078059883538842328e-01 6.928054526762485921e+01 9.915981514909142161e-04 
-3.963961976938419340e+00 -1.344325112645587739e+00 1.076952501772786286e-01 7.588249244936262983e+01 8.966246130481460470e-04 
-3.913532138694399087e+00 -1.402235061534531368e+00 1.098921290129749179e-01 7.499335135602782998e+01 8.848603402658538047e-04 
-4.099499194506350364e+00 -1.446555740291767922e+00 9.994759615555348642e-02 7.752379755725937116e+01 9.296560769223864880e-04 
-4.197320456117687115e+00 -1.398233438264974371e+00 9.616854616435238645e-02 8.526865360690251805e+01 1.296476875661127775e-03 
-4.344374776011497019e+00 -1.377305892396011755e+00 9.102662917989021163e-02 8.575013204061721694e+01 1.237439632459490062e-03 
-4.372850314855218912e+00 -1.344512104951949505e+00 8.880921260455337807e-02 8.674975881885904982e+01 1.272915528092268597e-03 
-4.554919604793463250e+00 -1.354521332205520068e+00 7.555884066011936406e-02 8.541715954358323870e+01 1.447997815191804597e-03 
-4.483905761229542541e+00 -1.307392102488287300e+00 8.049493333819740526e-02 8.801266641343779895e+01 1.328068812282298238e-03 
-4.345264702217746411e+00 -1.263079903965883322e+00 7.498230714900140648e-02 8.634031045117507119e+01 1.517261093931271398e-03 
-4.536541981282437241e+00 -1.240860235274811929e+00 7.826487093692872932e-02 8.156022015166301742e+01 1.462094345937209154e-03 
-4.536541981282437241e+00 -1.240860235274811929e+00 7.826487093692872932e-02 8.156022015166301742e+01 1.462094345937209154e-03 
-4.499036594548419643e+00 -1.304891067846889463e+00 8.467553981342777758e-02 8.694173994182500564e+01 1.252031222463661879e-03 
-4.499036594548419643e+00 -1.304891067846889463e+00 8.467553981342777758e-02 8.694173994182500564e+01 1.252031222463661879e-03 
-4.336359484805319298e+00 -1.292065281107248609e+00 8.715825646133895654e-02 8.505533121240948446e+01 1.180235113112429544e-03 
-4.589599999786990736e+00 -1.223874962787685483e+00 9.322901784365468514e-02 8.673473868601138292e+01 1.311784191687300882e-03 
-4.444766208475789959e+00 -1.182448163906032912e+00 9.250777806496660038e-02 8.887432044022337152e+01 1.474758986756548925e-03 
-4.243591169693997855e+00 -1.190328663813962518e+00 9.517753296437078681e-02 8.907129072327468577e+01 1.577100051471760130e-03 
-4.403552843475467604e+00 -1.138153855028799288e+00 1.031459616487589992e-01 9.016315039657033026e+01 2.039423392005130890e-03 
-4.453634769305497620e+00 -1.172604386628123274e+00 1.030100343616640879e-01 9.566363823596816474e+01 2.967956854540658180e-03 
-4.561865770228389572e+00 -1.162396339427125280e+00 1.080369076556151886e-01 9.446053193171381679e+01 3.098410550782391710e-03 
-4.382428969685851605e+00 -1.145891032409677601e+00 1.115598176431263355e-01 1.012220860576751988e+02 4.613462449917863847e-03 
-4.228771144845119068e+00 -1.108660338232918985e+00 1.146702696727735782e-01 1.055060622873253777e+02 5.626721096834266626e-03 
-4.376946054646857931e+00 -1.152042591189169851e+00 1.091424208686231634e-01 1.031294676083200130e+02 4.832917684078152573e-03 
-4.552972313433427232e+00 -1.175411154061696717e+00 1.021538589161836846e-01 9.998292814878197987e+01 3.739579374858649583e-03 
-4.552972313433427232e+00 -1.175411154061696717e+00 1.021538589161836846e-01 9.998292814878197987e+01 3.739579374858649583e-03 
-4.393483833830633678e+00 -1.229594172468349456e+00 9.114013561800118901e-02 9.863169687250373840e+01 2.761522232824145141e-03 
-4.446979861510437892e+00 -1.251690855881628872e+00 9.406884497239645371e-02 9.890933030271132509e+01 3.016856952434301617e-03 
-4.464490703051230192e+00 -1.247749337977423156e+00 9.039903566267451507e-02 9.974190281799968716e+01 2.921951044177396872e-03 
-4.499778258231026840e+00 -1.314663927891702500e+00 9.276403996833658405e-02 9.664913224762699429e+01 2.593405338439727648e-03 
-4.522915442161107080e+00 -1.270220872265310996e+00 8.492917068037436623e-02 9.578952506983284820e+01 2.045067223512354697e-03 
-4.495590684623723909e+00 -1.327719253404170630e+00 7.707127889804436804e-02 9.188805797736677050e+01 1.537041930000958463e-03 
-4.350079646861765958e+00 -1.338711727669315232e+00 8.549670049403285121e-02 8.889532862497070198e+01 1.387960013079597450e-03 
-4.273207407940406988e+00 -1.375355376397805918e+00 9.206989159529947730e-02 8.902600736458843755e+01 1.541654921993948577e-03 
-4.480357676800898581e+00 -1.391744848821981684e+00 7.929383666401135233e-02 8.274027845213934995e+01 1.343435244864767380e-03 
-4.389610957122504153e+00 -1.399179865706970061e+00 7.043470209583675701e-02 8.055064865999855783e+01 2.176252467824503576e-03 
-4.386535524960167187e+00 -1.410075124870884045e+00 7.299667817622106092e-02 7.972700276215896054e+01 2.002505362851396842e-03 
-4.386535524960167187e+00 -1.410075124870884045e+00 7.299667817622106092e-02 7.972700276215896054e+01 2.002505362851396842e-03 
-4.175754135423533242e+00 -1.426459424373354379e+00 7.920294435092234409e-02 7.559209859230770689e+01 1.927923431806085903e-03 
-3.808243334396958168e+00 -1.368599596543958352e+00 7.503150299642404042e-02 7.427157728645120471e+01 2.697657752177975727e-03 
-3.934668983704864065e+00 -1.447609581292687686e+00 7.954758958224286691e-02 7.216199398814977428e+01 2.417894112176407345e-03 
-3.934668983704864065e+00 -1.447609581292687686e+00 7.954758958224286691e-02 7.216199398814977428e+01 2.417894112176407345e-03 
-4.008923748796615172e+00 -1.349945734496606375e+00 9.682812710179319882e-02 6.974260037436569348e+01 1.406699835004083859e-03 
-3.952723404338484237e+00 -1.254616371681480436e+00 1.065427290907915575e-01 7.182716375646513995e+01 9.397310004635954896e-04 
-4.065662679201559548e+00 -1.203172685543582476e+00 1.023818481888244952e-01 7.459488572221252412e+01 9.412956756931073476e-04 
-4.300939631027850929e+00 -1.186128270269120044e+00 1.113998688922169938e-01 7.790813300253766727e+01 1.023075475567112192e-03 
-4.068010872076365025e+00 -1.196222099487685320e+00 1.117547640837197875e-01 7.730129022576973341e+01 9.789396609479060658e-04 
-3.981917654670677376e+00 -1.201764611371084479e+00 9.851265021236746411e-02 7.539740864789611408e+01 1.023229147147792931e-03 
-3.877705965995194237e+00 -1.157522345102903305e+00 1.005787402092928051e-01 7.502137456006975924e+01 1.019368597306125447e-03 
-3.817420508175545457e+00 -1.196653829177193984e+00 9.875022985114118024e-02 7.322136506460427086e+01 1.155821426997507466e-03 
-3.704207446403827042e+00 -1.205151102438008159e+00 9.238076609898090985e-02 7.182470700556255849e+01 1.654505084578138238e-03 
-3.543235884117300394e+00 -1.196588066704269648e+00 9.096400742393226380e-02 7.360089612095703160e+01 1.607479975754911314e-03 
-3.358966653703127303e+00 -1.198686418430022771e+00 9.298940600218651154e-02 7.536143884114380853e+01 1.339402199144232742e-03 
-3.375168802414263425e+00 -1.215105170270633694e+00 9.380048689338806034e-02 7.420333673192212132e+01 1.370957367888765797e-03 
-3.193182164817276902e+00 -1.209471325855226986e+00 8.768757788979208989e-02 7.717882029220595541e+01 1.439260957393272448e-03 
-3.297736442407744217e+00 -1.271751290095136433e+00 1.007117143431041223e-01 7.648804376154622275e+01 9.545818094690225464e-04 
-2.903812362369141198e+00 -1.238314572843337125e+00 1.054625581795324701e-01 7.270784170522715328e+01 8.656736992710062969e-04 
-2.620788831366802629e+00 -1.212909512874760898e+00 1.105201414277235533e-01 7.690339205982257909e+01 1.094896437079333597e-03 
-2.821095488873300638e+00 -1.175040283872539337e+00 9.952239494092504635e-02 7.768675547443716312e+01 9.289262229570051290e-04 
-2.821095488873300638e+00 -1.175040283872539337e+00 9.952239494092504635e-02 7.768675547443716312e+01 9.289262229570051290e-04 
-2.662166615114940349e+00 -1.158362931739852497e+00 1.070683551974931647e-01 7.785959652563163047e+01 1.082131172238527759e-03 
-2.427261888859664651e+00 -1.149370337429254540e+00 1.073620507963437415e-01 7.945197960094449741e+01 1.257215160934315032e-03 
-2.432461999923914320e+00 -1.103015448979498547e+00 1.051320954877589947e-01 7.753192266999407423e+01 1.050789604988120038e-03 
-2.285697139509118792e+00 -1.125039963820536393e+00 9.403691868980990076e-02 7.238739940128721173e+01 1.082532387559456515e-03 
-2.285697139509118792e+00 -1.125039963820536393e+00 9.403691868980990076e-02 7.238739940128721173e+01 1.082532387559456515e-03 
-2.016880997173442491e+00 -1.139150728986190186e+00 9.910236437928733599e-02 7.561805955290869008e+01 9.125993224081956762e-04 
-1.916501709728728686e+00 -1.114341865732707326e+00 9.451605010632876946e-02 8.251489526204946401e+01 1.223096636646443802e-03 
-2.014589473195329994e+00 -1.119282844050445203e+00 9.062202038688911554e-02 7.818392193283618496e+01 1.020391996082262945e-03 
-2.099004676334792041e+00 -1.084731559613302920e+00 8.792344652914289849e-02 8.435584902530716533e+01 1.258301576502510524e-03 
-1.914945487078844932e+00 -1.080934908602410038e+00 8.509567354843448894e-02 8.376620315743585365e+01 1.223755931124116594e-03 
-2.131796727283275850e+00 -1.084388816076659490e+00 9.191848259094517748e-02 8.498905065517003266e+01 1.371681290765887091e-03 
-2.131796727283275850e+00 -1.084388816076659490e+00 9.191848259094517748e-02 8.498905065517003266e+01 1.371681290765887091e-03 
-2.258287862118918188e+00 -1.060874848460093389e+00 9.191808502461580599e-02 8.463023867515936161e+01 1.344235536259473073e-03 
-2.258287862118918188e+00 -1.060874848460093389e+00 9.191808502461580599e-02 8.463023867515936161e+01 1.344235536259473073e-03 
-2.327089277471853013e+00 -1.082135519337613871e+00 1.022804941228295239e-01 7.534762111235133375e+01 9.143268967822741188e-04 
-2.222295128199456293e+00 -1.084240680498758991e+00 9.798172794991670542e-02 7.649755337605725458e+01 9.391145630944547525e-04 
-2.286094121064944584e+00 -1.032240606217282863e+00 1.022163541340751908e-01 7.254991620549488118e+01 8.839323746892112236e-04 
-2.169502529611046615e+00 -1.005599992317832481e+00 9.932535633714320578e-02 7.862276222075011844e+01 1.045184494062702208e-03 
-2.109692627610984417e+00 -9.610281281003825171e-01 1.022747312407558812e-01 8.055215273462512471e+01 1.275972458759302682e-03 
-2.109692627610984417e+00 -9.610281281003825171e-01 1.022747312407558812e-01 8.055215273462512471e+01 1.275972458759302682e-03 
-2.354011310333103957e+00 -9.685995074747167921e-01 9.140036965292419602e-02 8.106940481243553620e+01 1.126654199852840377e-03 
-2.380476687632167465e+00 -9.104970158385412571e-01 1.095500833792920764e-01 7.661339165322084455e+01 1.131428616567539290e-03 
-2.374195246599798192e+00 -9.476660555566521760e-01 1.092963043073834212e-01 7.692574988314044049e+01 1.138702462026737515e-03 
-2.592633993105623702e+00 -9.660338692382207659e-01 1.157841666136149861e-01 7.576594659304132051e+01 1.188949243513839210e-03 
-2.650024106252952816e+00 -9.797935675287687829e-01 1.207547334434484754e-01 7.474173884193507433e+01 1.226984928560744979e-03 
-2.688609692594832179e+00 -9.825639014021078088e-01 1.189389345390101105e-01 7.254880403385868703e+01 9.896449265295774803e-04 
-2.512580857044112381e+00 -9.230357255325646326e-01 1.237677456353556416e-01 6.446759162917797426e+01 8.705414681629307979e-04 
-2.416453461685921233e+00 -9.152553855791318860e-01 1.306220072851743963e-01 6.122036057749718196e+01 9.436502025050575154e-04 
-2.714426992359622925e+00 -8.593470121752998514e-01 1.362401203532933591e-01 5.736875618628168638e+01 1.203604537586024786e-03 
-2.737828207956822801e+00 -8.405742574289505331e-01 1.321177923159758683e-01 5.677240014988574757e+01 1.382917411777039984e-03 
-2.795485815973612898e+00 -8.301249767571383664e-01 1.283716823304461296e-01 6.062390846267452105e+01 1.159734947960121797e-03 
-2.795485815973612898e+00 -8.301249767571383664e-01 1.283716823304461296e-01 6.062390846267452105e+01 1.159734947960121797e-03 
-2.831203612120739344e+00 -7.579792378932420638e-01 1.412198610643487229e-01 5.621336017089142700e+01 1.517722728441098234e-03 
-2.837517062829888026e+00 -7.603856243426276862e-01 1.332447950253818902e-01 6.347762047928013374e+01 1.026420205715007855e-03 
-2.569967512406095000e+00 -7.764588190702563786e-01 1.293730075074955854e-01 6.612770318655064727e+01 9.216198871852645299e-04 
-2.436243293264799714e+00 -8.283071800687262787e-01 1.187768246115089854e-01 7.147784382583819252e+01 9.976089695514281635e-04 
-2.422383347727786962e+00 -8.092389838429769888e-01 1.234611990056826702e-01 7.029312289529703150e+01 1.033856319329888151e-03 
-2.324047816028747881e+00 -7.299599427717686773e-01 1.379304099545778650e-01 6.415273689702931392e+01 1.041802529533744203e-03 
-2.347431986969457096e+00 -7.420528937446256856e-01 1.337517344929912699e-01 6.343498164721849264e+01 9.347197855690066344e-04 
-2.129617224085874838e+00 -7.807543371281493449e-01 1.359208836980672630e-01 6.546611982069131841e+01 1.087420707786970709e-03 
-2.237485174497606533e+00 -8.524485599403209823e-01 1.231814227722854288e-01 6.325606822514214400e+01 8.951365084568312612e-04 
-2.101677996580451957e+00 -7.986875669109508857e-01 1.256522404843996854e-01 6.255528659747744769e+01 8.992813378640729122e-04 
-1.971161156090167177e+00 -7.336571776588352023e-01 1.244483841705548988e-01 6.382056732363434293e+01 8.726482485269103796e-04 
-1.998363562572569752e+00 -7.895792242841458419e-01 1.239212372018987929e-01 6.100964365065735251e+01 9.656588075077872976e-04 
-2.237018782917478799e+00 -7.642234872687335701e-01 1.124704473817070838e-01 5.850348786034203385e+01 1.580821708180026172e-03 
-2.294457809401683868e+00 -7.659712733245385152e-01 1.188281639762125697e-01 6.319052118854122568e+01 9.223052005537305236e-04 
-2.119276989483827922e+00 -7.792871534854870497e-01 1.207676086456428294e-01 6.391076881098594953e+01 8.741272077845207511e-04 
-2.068311390520070070e+00 -6.487674537663519203e-01 1.296212813850551870e-01 6.394137126131693805e+01 9.283669349944335698e-04 
-1.833158480075873786e+00 -6.785823420676291295e-01 1.260669162263204635e-01 6.639018380960165189e+01 9.918262119252665206e-04 
-1.585388916694781214e+00 -5.901602744592286953e-01 1.294406220926140882e-01 6.541342450427305266e+01 1.182460531110926701e-03 
-1.507379762696709147e+00 -5.529457648282958271e-01 1.342480063420800618e-01 6.364368602502457151e+01 1.296481637779578651e-03 
-1.403141640422834957e+00 -5.165292417887117349e-01 1.402772408285045957e-01 6.440809523844237106e+01 1.858913893134296787e-03 
-1.623317612231193419e+00 -5.604401106136444044e-01 1.468176883022396517e-01 6.068481996888542085e+01 1.377046336098752821e-03 
-1.427133530010600060e+00 -5.531835154224075124e-01 1.440278960817374942e-01 6.373672010175835112e+01 1.791381439140406640e-03 
-1.811088690026050996e+00 -4.855636930258419581e-01 1.476492574642201405e-01 6.324852972412151786e+01 1.689584806678446098e-03 
-1.910956253845471187e+00 -4.596674155687524577e-01 1.450253225458945638e-01 6.187859495760593376e+01 1.404649645186835166e-03 
-1.923061454652436719e+00 -4.227713621428798030e-01 1.495308018998725286e-01 5.986876374521628463e+01 1.425256103790050735e-03 
-1.938949591754646873e+00 -3.694919884740009985e-01 1.557021629327043633e-01 5.535539449217240815e+01 1.318069585657235653e-03 
-1.753271069382767333e+00 -3.769672345509368916e-01 1.483261721857950521e-01 5.106625736184353315e+01 1.076114896741324836e-03 
-1.737377338397854576e+00 -3.937056915320770734e-01 1.436050018076215629e-01 5.589913718783612495e+01 1.106886202319131134e-03 
-1.413735983893812165e+00 -4.363407735915607044e-01 1.489450931183349536e-01 5.012243570028023498e+01 1.125410864417770301e-03 
-1.562941838762776259e+00 -3.699222965451967049e-01 1.536047707332157397e-01 4.940688475432516924e+01 1.171164739000898382e-03 
-1.609244942188078342e+00 -4.143631504150954714e-01 1.592502131391245190e-01 5.139030365024855485e+01 1.309114338622350757e-03 
-1.324740608170581702e+00 -4.368513225805215616e-01 1.572710888815884445e-01 5.399278827190821772e+01 1.651640284219776846e-03 
-1.348715404053505207e+00 -3.742638273857481490e-01 1.491409668099479280e-01 5.388092674896203249e+01 1.547285145829671062e-03 
-1.249472158055635607e+00 -4.350106484571769627e-01 1.426505188476897834e-01 5.459881827922280451e+01 1.265864691067555619e-03 
-1.307615601408563144e+00 -4.850961367069545616e-01 1.490924968880133761e-01 5.622660725696638906e+01 1.435529748812345305e-03 
-1.324020372237661114e+00 -4.685548996543320022e-01 1.376115330031519035e-01 5.068429078078129635e+01 1.034868014959534899e-03 
-9.424386875894699145e-01 -4.781068670008054577e-01 1.358357857768089927e-01 5.566652144119850476e+01 1.330725588600840427e-03 
-8.360983074837916584e-01 -5.379405656268948510e-01 1.376153624587312940e-01 5.535133071280787931e+01 1.247126146464634351e-03 
-8.328589251504674440e-01 -5.336075240964172073e-01 1.385051450959262631e-01 5.514103931044967766e+01 1.276609961348941372e-03 
-6.022092851898424026e-01 -5.140479719249613222e-01 1.428755447156158653e-01 4.984799494229670103e+01 1.176451800681004587e-03 
-7.344936785547968583e-01 -5.093838693586760780e-01 1.503901618251297367e-01 4.541283876901038496e+01 1.179935746263039657e-03 
-6.949011407381862071e-01 -5.454193875010585613e-01 1.614263927746353022e-01 4.785693690456651694e+01 1.505699141079576940e-03 
-6.802049175100737255e-01 -6.462322593496485634e-01 1.505069689857372328e-01 5.037724717787061479e+01 1.193567899007078829e-03 
-6.802049175100737255e-01 -6.462322593496485634e-01 1.505069689857372328e-01 5.037724717787061479e+01 1.193567899007078829e-03 
-6.931211216022760135e-01 -6.735891178806731050e-01 1.506645024144199763e-01 5.005379572964368151e+01 1.189540828162888308e-03 
-5.199847051347918914e-01 -6.514411178916593714e-01 1.488478465799593919e-01 5.534113815435342332e+01 1.521178577067477987e-03 
-5.199847051347918914e-01 -6.514411178916593714e-01 1.488478465799593919e-01 5.534113815435342332e+01 1.521178577067477987e-03 
