-3.576935104008954536e+00 -8.956670854726968001e-01 1.226358876642947016e-01 6.809958087857083342e+01 1.119147578818946356e-03 
-3.576935104008954536e+00 -8.956670854726968001e-01 1.226358876642947016e-01 6.809958087857083342e+01 1.119147578818946356e-03 
-4.040396553862053430e+00 -9.094126200596891474e-01 1.131659478423569093e-01 6.895093018255715833e+01 1.132814185575248093e-03 
-4.015792049265392905e+00 -9.763229130220816288e-01 1.133452668109286576e-01 7.359712829670183964e+01 8.844318974887885581e-04 
-4.225165212984473229e+00 -1.011350855176426755e+00 1.136838768834537022e-01 7.653411109587628403e+01 9.338880083598318296e-04 
-4.333201778277945060e+00 -9.559286593680471622e-01 1.128226324521960228e-01 7.404128885246329617e+01 8.665233843897943112e-04 
-4.043687008182179632e+00 -9.861538919389197799e-01 1.134764093644911598e-01 7.265706140646959454e+01 8.885368388729155678e-04 
-3.976368796062711652e+00 -9.749173412288313356e-01 1.155173423674803745e-01 7.379959637298514963e+01 8.734367612122770266e-04 
-3.907107295326643914e+00 -1.016464640913592454e+00 1.059045718390998481e-01 7.686450677241926144e+01 9.488685458459258145e-04 
-3.763720894730536504e+00 -9.738444474516030347e-01 1.092475207095686129e-01 7.452889183452693089e+01 9.668553882477793834e-04 
-3.824101370307436465e+00 -9.219996661139966410e-01 1.033889314309553720e-01 7.719912336413322862e+01 1.061388825394808189e-03 
-3.758242660541690761e+00 -9.163978818509521673e-01 1.053622455745424069e-01 8.106628986214197141e+01 1.049477894684186594e-03 
-4.068116145552334473e+00 -8.431312198078178000e-01 1.186010282858856457e-01 8.279411665877134396e+01 1.351605553683340576e-03 
-4.068116145552334473e+00 -8.431312198078178000e-01 1.186010282858856457e-01 8.279411665877134396e+01 1.351605553683340576e-03 
-4.075167849009432075e+00 -9.121935126031328611e-01 1.143385582011136603e-01 8.423612101381026207e+01 1.454044419093897429e-03 
-3.747693783078876351e+00 -9.473180624281252182e-01 1.181372934060576502e-01 8.346568649417471875e+01 1.403791401326184244e-03 
-3.751032882067868890e+00 -9.719759803862884073e-01 1.174801556093197502e-01 8.439043542624905569e+01 1.516992895124945080e-03 
-4.131133894547235563e+00 -1.080400281992461187e+00 1.202571939912609744e-01 8.484477628979469443e+01 1.998994228407421480e-03 
-3.606138474814444717e+00 -1.011652451059839031e+00 1.250428296339322620e-01 8.472121503834502221e+01 1.814673919629832943e-03 
-3.677565386065124287e+00 -1.103256918061582992e+00 1.249053700636644504e-01 7.807610770474671824e+01 1.213673383709926645e-03 
-3.495153442979555436e+00 -1.103626172385667514e+00 1.313119511530943806e-01 7.830233460066310158e+01 1.381077274265613995e-03 
-3.495153442979555436e+00 -1.103626172385667514e+00 1.313119511530943806e-01 7.830233460066310158e+01 1.381077274265613995e-03 
-3.495153442979555436e+00 -1.103626172385667514e+00 1.313119511530943806e-01 7.830233460066310158e+01 1.381077274265613995e-03 
-3.580099475351938842e+00 -1.087556534842065492e+00 1.279325268852764819e-01 7.903439721375470128e+01 1.341423204497207587e-03 
-3.930116500769623489e+00 -1.121314898976830676e+00 1.320240500259934335e-01 8.126615673824285579e+01 2.007269677463448081e-03 
-3.956224751511896010e+00 -1.182979342057484340e+00 1.303626223617764257e-01 8.294560257990158902e+01 2.268145903772542972e-03 
-3.865654617871848053e+00 -1.160076053273457308e+00 1.431251965010035265e-01 7.680813588493266764e+01 1.911647829416286779e-03 
-3.775819889263801521e+00 -1.196038173165594465e+00 1.462096412159146763e-01 7.468093368196335291e+01 1.768764817291269527e-03 
-3.775819889263801521e+00 -1.196038173165594465e+00 1.462096412159146763e-01 7.468093368196335291e+01 1.768764817291269527e-03 
-3.790807833876593591e+00 -1.135146489534947678e+00 1.470724262706252228e-01 7.518281429414781769e+01 1.797743842167294319e-03 
-3.657675892887221725e+00 -1.155686220632041739e+00 1.432384460769446644e-01 7.440431057819132832e+01 1.504235701450933396e-03 
-3.657675892887221725e+00 -1.155686220632041739e+00 1.432384460769446644e-01 7.440431057819132832e+01 1.504235701450933396e-03 
-3.664716446342163536e+00 -1.162591044281158670e+00 1.466607765127105056e-01 7.205012614228299128e+01 1.388934260016281164e-03 
-3.579010483602120818e+00 -1.194780132920777449e+00 1.417659132130096034e-01 6.920139569705740712e+01 1.039089254970841300e-03 
-3.205765364701114617e+00 -1.171374923491538711e+00 1.257060078603420006e-01 7.004659854354862603e+01 8.616110499565943909e-04 
-3.205765364701114617e+00 -1.171374923491538711e+00 1.257060078603420006e-01 7.004659854354862603e+01 8.616110499565943909e-04 
-3.180328438248077205e+00 -1.142772392187557662e+00 1.296960808398709697e-01 6.662961425211250344e+01 9.563552029407964249e-04 
-3.220426028089853343e+00 -1.097756048458562672e+00 1.252787294228803472e-01 6.748584413449569297e+01 9.689935114858727778e-04 
-3.390406635592380979e+00 -1.081075488094862092e+00 1.195162273096084943e-01 6.700980054156889310e+01 1.087663423123834579e-03 
-3.591907314976557242e+00 -1.183718356672905925e+00 1.325623985425509466e-01 7.081092802362019256e+01 9.299239369848645142e-04 
-3.542284794211967291e+00 -1.102442542558139005e+00 1.433003627968967297e-01 7.013852577816376765e+01 1.049982713520933829e-03 
-3.389091371420021481e+00 -1.209339904833654833e+00 1.452273260020834067e-01 7.041657180571068864e+01 1.201128347743829049e-03 
-3.378329923308873273e+00 -1.240088585398506416e+00 1.455608889188705346e-01 7.069700444076502777e+01 1.260864763773354887e-03 
-3.501085229717910252e+00 -1.257459001373002261e+00 1.586531465986250056e-01 6.686747157726885860e+01 1.398297152542086336e-03 
-3.333563131114756661e+00 -1.331437459156338043e+00 1.594609666767776712e-01 6.247954430127004599e+01 1.218917651853291314e-03 
-3.281189130463001202e+00 -1.344049387347398428e+00 1.559999003813011820e-01 6.482222625665963278e+01 1.252152352872062599e-03 
-3.472940566229388626e+00 -1.336896849781163965e+00 1.498566558856990749e-01 6.556468183213326029e+01 1.129213645164690340e-03 
-3.132982044313423753e+00 -1.348744670672731738e+00 1.504236135969858890e-01 6.575545500507536190e+01 1.238564568566403318e-03 
-3.223018396782576289e+00 -1.282455640456056090e+00 1.556975361095938315e-01 6.729235736341081520e+01 1.376835487858457923e-03 
-3.223018396782576289e+00 -1.282455640456056090e+00 1.556975361095938315e-01 6.729235736341081520e+01 1.376835487858457923e-03 
-3.480108751219948893e+00 -1.185334563956850662e+00 1.539281800982977011e-01 6.159734637459116868e+01 1.056736909326757949e-03 
-3.456437033666551972e+00 -1.191681568455785989e+00 1.566064244042847664e-01 6.706975231401696647e+01 1.279735541719607917e-03 
-3.486154587929494841e+00 -1.092057339646284708e+00 1.628293103725735047e-01 6.597794512554453661e+01 1.268920438006202476e-03 
-3.143989374456843233e+00 -1.038391564457022076e+00 1.581829291091216283e-01 6.204381790304960020e+01 1.253815176068160189e-03 
-3.638497351458785722e+00 -1.057383545063621755e+00 1.568177608131994250e-01 6.010980223332072114e+01 1.055606063556985795e-03 
-3.272879132497616972e+00 -1.085818831552991082e+00 1.533147992840948326e-01 5.723993629516573378e+01 1.410352099379927164e-03 
-3.136834178479817936e+00 -1.044249648287567833e+00 1.572013169701584889e-01 5.941655281607013706e+01 1.370550061317858236e-03 
-2.933106650803620319e+00 -1.077090424421978776e+00 1.628474054474676747e-01 5.781442060747958323e+01 1.433444649112673198e-03 
-2.541726633180052097e+00 -1.090455860763897000e+00 1.566822974965311199e-01 5.420464004237398115e+01 1.305424496467629501e-03 
-2.498948483131653742e+00 -1.097236705919153010e+00 1.506866132797392566e-01 6.096701593160197774e+01 1.160156369663991553e-03 
-2.498948483131653742e+00 -1.097236705919153010e+00 1.506866132797392566e-01 6.096701593160197774e+01 1.160156369663991553e-03 
-2.335624841970465937e+00 -1.110046178291461683e+00 1.470952247879734609e-01 5.849558951602355705e+01 1.113033277732250210e-03 
-2.438435614976698140e+00 -1.090611226320964633e+00 1.481509527414670013e-01 5.574660152756707987e+01 1.214403086518727696e-03 
-2.356567515031807503e+00 -1.102706804029766730e+00 1.537856536505899652e-01 5.441780266820195777e+01 1.308238352171569446e-03 
-2.007546897712409795e+00 -1.098092421066433122e+00 1.586771250092916252e-01 6.269431523424039909e+01 1.560146011134123240e-03 
-2.369729621217521398e+00 -1.071742681340521308e+00 1.596223878979337318e-01 6.081204387865314231e+01 1.403116419621447224e-03 
-1.973965419185102599e+00 -1.063559451387296573e+00 1.560304344321569725e-01 5.998840356454770983e+01 1.319389439445683206e-03 
-1.728183167909870699e+00 -1.103676927621025206e+00 1.497130846303137974e-01 6.470685321787674127e+01 1.443131137937617332e-03 
-1.728183167909870699e+00 -1.103676927621025206e+00 1.497130846303137974e-01 6.470685321787674127e+01 1.443131137937617332e-03 
-1.881496912793825249e+00 -9.940571519057422867e-01 1.470598230683093643e-01 6.744679415143410495e+01 1.617541736017628472e-03 
-1.752748500943400956e+00 -9.381678574525300629e-01 1.474295245049015712e-01 6.187706676640155479e+01 1.217546694006652833e-03 
-1.881314229807270477e+00 -9.000741538027821065e-01 1.431195366975005212e-01 6.361351549103877545e+01 1.184530421727248437e-03 
-1.947169966670333263e+00 -9.031233920071169985e-01 1.471983906679715515e-01 6.216200559836013895e+01 1.207261594955673974e-03 
-2.022919004325868908e+00 -9.092666832721492121e-01 1.387130363631070840e-01 6.227860652647704143e+01 1.017749591465982829e-03 
-1.607407438068569672e+00 -9.315492327033418896e-01 1.330984400459612471e-01 6.283664838940273967e+01 9.628859566258793357e-04 
-1.358486729622498501e+00 -9.147964523461717956e-01 1.278168066177363948e-01 5.609984060867292754e+01 1.251202391835155338e-03 
-1.523089662697748370e+00 -9.033385501543732543e-01 1.179272659020076386e-01 5.825811936998312035e+01 1.310330924887320118e-03 
-1.657882630920784583e+00 -8.507779452795970476e-01 1.074731897248457635e-01 5.460225030860830486e+01 2.525130378174130896e-03 
-1.579108483657774009e+00 -9.383507758210584138e-01 1.099051380117713056e-01 5.966274054355047696e+01 1.488936016055618589e-03 
-1.449730752950406654e+00 -1.013562579256373830e+00 1.028043266450525683e-01 5.838728820924839624e+01 2.148182075082090935e-03 
-1.411527613268296566e+00 -9.920843829155265858e-01 1.081868724125668035e-01 6.144462282618949445e+01 1.317128157077915437e-03 
-1.520952572118022372e+00 -9.555878867379515862e-01 1.020654427938113146e-01 6.333060462009867564e+01 1.376184370608129603e-03 
-1.520952572118022372e+00 -9.555878867379515862e-01 1.020654427938113146e-01 6.333060462009867564e+01 1.376184370608129603e-03 
-1.345072169969557807e+00 -9.800527015241460305e-01 9.786667787796808626e-02 6.549499773747693609e+01 1.303056811588164648e-03 
-9.867547964243981173e-01 -9.913766742190253112e-01 9.888487600554163315e-02 6.534072355043666391e+01 1.174641001557611818e-03 
-9.961804212349573140e-01 -1.068211382132589371e+00 9.684646250109554821e-02 6.532409735600633383e+01 1.338876501368750681e-03 
-9.098516985107119037e-01 -1.012058484856670715e+00 9.165215641924660817e-02 7.119159441202552330e+01 1.062721220080092366e-03 
-9.098516985107119037e-01 -1.012058484856670715e+00 9.165215641924660817e-02 7.119159441202552330e+01 1.062721220080092366e-03 
-9.292662169265739625e-01 -1.004832509942715335e+00 9.985365962478057189e-02 6.378190199488133061e+01 1.281148376792391524e-03 
-7.479270337289285475e-01 -1.089565759941496292e+00 9.543203224948360042e-02 6.736653059439957758e+01 1.177896429769162423e-03 
-9.930038517999767445e-01 -1.069362398594210006e+00 9.017005255804685926e-02 7.137718958641929135e+01 1.147545206057288452e-03 
-1.234805245587166755e+00 -1.028490127109480401e+00 1.073766732960454717e-01 6.825545597852035939e+01 8.554981038333546754e-04 
-1.234805245587166755e+00 -1.028490127109480401e+00 1.073766732960454717e-01 6.825545597852035939e+01 8.554981038333546754e-04 
-1.215882187767801881e+00 -1.031896746120337882e+00 1.115273088651244221e-01 6.360613772526249221e+01 9.833166451825709180e-04 
-1.433589391384215039e+00 -1.016558528751868584e+00 1.159146062784820186e-01 6.405379936645736905e+01 9.083641668579280201e-04 
-1.494524501093180913e+00 -1.012275628640341374e+00 1.149520530260843137e-01 6.892950168127495658e+01 8.581271196100576223e-04 
-1.521036139341427784e+00 -1.002543848297837492e+00 1.122929791074380457e-01 7.213403569051489228e+01 9.425040769729824998e-04 
-1.493973589502544552e+00 -9.625366968542797830e-01 1.069651365353710692e-01 7.317309670038490310e+01 9.263043884520849244e-04 
-1.601065582664914722e+00 -9.608111654721701589e-01 1.123667318655985625e-01 7.769743083417395724e+01 1.428873831624559139e-03 
-1.370462169408437791e+00 -9.726925450720701471e-01 1.089800359716808220e-01 7.747017279581024241e+01 1.335569721600312265e-03 
-1.407956069161107271e+00 -9.745582212340414552e-01 1.068490477783565207e-01 7.643010156014257461e+01 1.152626928454222269e-03 
-1.438641443318694035e+00 -1.027964119499954254e+00 1.083449503064164154e-01 7.563820599405227085e+01 1.091765073176137859e-03 
-1.438641443318694035e+00 -1.027964119499954254e+00 1.083449503064164154e-01 7.563820599405227085e+01 1.091765073176137859e-03 
-1.123051502675021185e+00 -1.012442524768512264e+00 1.007474583388424383e-01 8.211203835458782407e+01 1.613206705479966821e-03 
-1.037080901398612864e+00 -1.069442863913706576e+00 1.000143210233973290e-01 8.532453970255649267e+01 1.993233468878569288e-03 
-1.070906666318954148e+00 -1.093660150948862375e+00 9.220302664688082017e-02 8.350927591327607047e+01 1.415465487963956000e-03 
-1.158366378347969405e+00 -1.130074731361964124e+00 8.526228658120778292e-02 8.059692657266202787e+01 1.148201136109603792e-03 
-1.073237881555709095e+00 -1.141750023166252070e+00 9.357245314985088158e-02 7.810184206956380137e+01 1.029227138284468691e-03 
-1.262771678709294854e+00 -1.098926138878759229e+00 9.817156938853756343e-02 7.741615803803526319e+01 1.019002909946702161e-03 
-1.022711941351458265e+00 -1.116619892623742505e+00 9.717671771959926486e-02 7.422686389022213405e+01 9.241611236045998122e-04 
-9.055967809479805730e-01 -1.078810791499188015e+00 9.833950744340667904e-02 7.204590643034829611e+01 9.050383246979256009e-04 
-6.335500857827800480e-01 -1.079713832396032247e+00 1.073186221025327763e-01 6.543248072155883222e+01 9.117807086581997773e-04 
-6.962637992798609288e-01 -1.058385784273903729e+00 1.104927829425287888e-01 6.773458390080921276e+01 8.411430719295207503e-04 
-4.259974341614717885e-01 -1.037354273224911028e+00 1.039752632607377492e-01 6.140893836879343581e+01 1.254838507655966183e-03 
-7.486935642677894354e-01 -1.006957803339318280e+00 1.025615016473345464e-01 5.773380555426141569e+01 1.953738562487765135e-03 
-4.466193801592610035e-01 -1.032971381884735695e+00 1.104442306477070590e-01 5.532433482455330420e+01 1.805464386239894132e-03 
-4.466193801592610035e-01 -1.032971381884735695e+00 1.104442306477070590e-01 5.532433482455330420e+01 1.805464386239894132e-03 
-5.775416665715285003e-01 -1.030016666880258835e+00 1.141391806580213664e-01 5.709317416868213968e+01 1.401883984535339791e-03 
