-3.596665437729046566e+00 -8.627680866309996865e-01 1.386415411781796170e-01 6.568834148496540593e+01 9.763523737718900588e-04 
-3.412706199794963702e+00 -8.877997090093415755e-01 1.391037142504242263e-01 6.837424696168564253e+01 8.711157436798719128e-04 
-3.313182690717385359e+00 -9.152677187402339376e-01 1.452266187527683772e-01 6.898434242664394844e+01 8.969285386374397338e-04 
-3.556132356308331577e+00 -8.921952262348434859e-01 1.408541137641635688e-01 6.645129910054988898e+01 9.020285223407179106e-04 
-3.556132356308331577e+00 -8.921952262348434859e-01 1.408541137641635688e-01 6.645129910054988898e+01 9.020285223407179106e-04 
-3.556132356308331577e+00 -8.921952262348434859e-01 1.408541137641635688e-01 6.645129910054988898e+01 9.020285223407179106e-04 
-3.556132356308331577e+00 -8.921952262348434859e-01 1.408541137641635688e-01 6.645129910054988898e+01 9.020285223407179106e-04 
-3.783085795534233409e+00 -8.511635820981866551e-01 1.430301520470219911e-01 7.143960129026316963e+01 9.376626848093701488e-04 
-3.899338978847827430e+00 -8.607373771737595325e-01 1.488912700670200484e-01 6.849515299347977759e+01 9.605520099154299558e-04 
-3.916308876836794184e+00 -8.730948975030469184e-01 1.492403638249361064e-01 6.862047131841686110e+01 9.884277699621930174e-04 
-3.792212688613136873e+00 -8.663387139647048540e-01 1.567477751713630962e-01 7.089479633028358307e+01 1.219012367723737531e-03 
-4.102015791525538191e+00 -8.459712857819320364e-01 1.446492106654669874e-01 7.624820574381335803e+01 1.564344832164303459e-03 
-4.015598629326338376e+00 -8.722890948508043030e-01 1.360969226356585904e-01 7.774288226586703843e+01 1.397665176725939847e-03 
-3.725072889676597665e+00 -8.648949669583674282e-01 1.362708596749573897e-01 7.483777164834653206e+01 9.991001528236963507e-04 
-3.561756595286253546e+00 -8.872268615225256116e-01 1.390894977424807222e-01 7.902343588137318875e+01 1.347873747517580904e-03 
-3.910605688394699797e+00 -8.616541250724855106e-01 1.346012904630285723e-01 8.293879687513259569e+01 1.889292550979879007e-03 
-3.905913283262592905e+00 -8.238951347346951115e-01 1.336264310938279909e-01 8.524856515226660747e+01 2.080328720818148003e-03 
-3.913284956177590423e+00 -7.736654619042000469e-01 1.224007985340657689e-01 8.531689171479500544e+01 1.546793436875621049e-03 
-3.695374755505577813e+00 -7.989718804582238709e-01 1.251275956796258360e-01 8.531712720560433638e+01 1.537083515529600198e-03 
-3.527029772237971983e+00 -7.621414798125691892e-01 1.194353802751573074e-01 7.992687412387431323e+01 9.550620118803396057e-04 
-3.468755001558630813e+00 -7.587951532368304441e-01 1.225394967794327522e-01 8.168645038799033387e+01 9.919735560085204181e-04 
-3.445401671836682667e+00 -7.149645783814738698e-01 1.239189967476109072e-01 8.310155744088201857e+01 1.031909690957878495e-03 
-3.458648274930935074e+00 -7.428368051134186523e-01 1.235119543861247782e-01 8.160178736933825405e+01 9.848033653269447178e-04 
-3.452834364637368036e+00 -7.067236296653074401e-01 1.251164528734531600e-01 8.218597033795010987e+01 9.951569222498538210e-04 
-3.162506460617751536e+00 -6.890382646219089802e-01 1.132884767327162479e-01 8.324799156182750437e+01 9.323892386677520589e-04 
-3.162506460617751536e+00 -6.890382646219089802e-01 1.132884767327162479e-01 8.324799156182750437e+01 9.323892386677520589e-04 
-3.039549964991814068e+00 -6.293460764660544493e-01 1.018660841521334404e-01 8.806730136984801049e+01 9.312894215992419209e-04 
-3.116052313022611209e+00 -6.245529219451833036e-01 1.032220316570399837e-01 8.925561994890107087e+01 9.811351466086702493e-04 
-3.095571263622423963e+00 -5.912361759470836642e-01 1.187948226349234693e-01 9.066852190668794265e+01 1.037912515832702717e-03 
-3.178042290496755573e+00 -5.690155223267880924e-01 1.098087127991556750e-01 8.665000012618685332e+01 1.250581828303542250e-03 
-3.110643247853860593e+00 -5.515240180476684850e-01 1.182690893426611434e-01 8.709838956753742423e+01 1.012004886988891999e-03 
-3.110643247853860593e+00 -5.515240180476684850e-01 1.182690893426611434e-01 8.709838956753742423e+01 1.012004886988891999e-03 
-3.349733444581531661e+00 -5.206341711668655003e-01 1.202436222214781913e-01 8.895982994697496338e+01 1.365144600898340194e-03 
-3.306924778862703640e+00 -5.728501899428403155e-01 1.171806368996797798e-01 9.455859760200692676e+01 1.280612426366558362e-03 
-3.306924778862703640e+00 -5.728501899428403155e-01 1.171806368996797798e-01 9.455859760200692676e+01 1.280612426366558362e-03 
-3.041511765172106863e+00 -4.930118597712538908e-01 1.206581374986320093e-01 9.385901769873397882e+01 1.255173098927918861e-03 
-3.071121400046756822e+00 -4.937652930420273201e-01 1.177904186739422709e-01 9.213283069733935804e+01 1.063144260499822909e-03 
-3.201443360458674281e+00 -5.261749634413379617e-01 1.360326169658340190e-01 8.983731332824011417e+01 9.695841498374548409e-04 
-3.201443360458674281e+00 -5.261749634413379617e-01 1.360326169658340190e-01 8.983731332824011417e+01 9.695841498374548409e-04 
-3.232081034174929535e+00 -4.924623875753472713e-01 1.179050307968383393e-01 9.358489594248058552e+01 1.183589168099102862e-03 
-3.232081034174929535e+00 -4.924623875753472713e-01 1.179050307968383393e-01 9.358489594248058552e+01 1.183589168099102862e-03 
-3.385278784802967511e+00 -5.759805602320995366e-01 1.195148264211858963e-01 9.732410530027857476e+01 1.689035939042570888e-03 
-3.468057002471141903e+00 -5.624023069685915033e-01 1.214139634175482318e-01 9.837564666833043248e+01 1.824588121606489019e-03 
-3.656582511715090966e+00 -5.451393997579165873e-01 1.248706874361027175e-01 9.573230503169408223e+01 1.957423777930765614e-03 
-3.604814975899165219e+00 -5.217516980256337034e-01 1.291074462350744467e-01 8.793871089464278157e+01 1.335301586776223206e-03 
-3.707848196078655345e+00 -5.048180337233214576e-01 1.334056466486907566e-01 8.147509986669030013e+01 1.320087876316792305e-03 
-3.526203278004250485e+00 -5.580687817211281709e-01 1.377026403380337272e-01 7.714822484437277694e+01 1.115215230838550878e-03 
-3.450080656265260171e+00 -6.379060339486891662e-01 1.391915856658608452e-01 8.014209504439398302e+01 9.378178091531371493e-04 
-4.074228668571558742e+00 -6.689169550818244714e-01 1.403149110167921376e-01 7.217166736010828743e+01 9.106670916719010684e-04 
-4.156646399371310530e+00 -6.989847888107693086e-01 1.352164524809842949e-01 7.555681969692777500e+01 1.033533443916660917e-03 
-3.941253115914026051e+00 -7.641980957593554891e-01 1.298151542506204847e-01 6.707638099399105158e+01 1.061271961533245302e-03 
-3.941253115914026051e+00 -7.641980957593554891e-01 1.298151542506204847e-01 6.707638099399105158e+01 1.061271961533245302e-03 
-4.104304165796753168e+00 -8.628034041008888488e-01 1.223617256366886508e-01 6.646569555808038388e+01 1.093608196086750823e-03 
-4.199113583254697524e+00 -7.745878838814616030e-01 1.292271203428823345e-01 7.343717801709358639e+01 9.198110077632712335e-04 
-4.499163347505734656e+00 -7.106069544043711605e-01 1.239777496053259265e-01 7.890272977853645386e+01 1.176968989222855781e-03 
-4.380447437417881673e+00 -7.788755720119455717e-01 1.304392272999551627e-01 7.752397428759368836e+01 1.287156152022405319e-03 
-4.542436352415413658e+00 -7.726973924269777694e-01 1.253248155221448057e-01 7.716978319893777893e+01 1.160108766929314299e-03 
-4.437088422080034178e+00 -7.591355589286182814e-01 1.215111774572419923e-01 7.843050129794302450e+01 1.099999921603115379e-03 
-4.483487551756848433e+00 -7.507929407025590862e-01 1.139509424474670768e-01 8.025848992197413168e+01 1.049064202317489310e-03 
-4.336464961430007037e+00 -7.022489696669882431e-01 1.036356867037518947e-01 8.506334837361521295e+01 1.137188924241948514e-03 
-4.274218164930873698e+00 -6.877245334213927253e-01 1.122439592637244632e-01 8.213254597771910426e+01 1.069780668855568363e-03 
-4.274218164930873698e+00 -6.877245334213927253e-01 1.122439592637244632e-01 8.213254597771910426e+01 1.069780668855568363e-03 
-4.274218164930873698e+00 -6.877245334213927253e-01 1.122439592637244632e-01 8.213254597771910426e+01 1.069780668855568363e-03 
-4.222965730171376109e+00 -6.593794453010043410e-01 1.036909562719738193e-01 8.531470733037539844e+01 1.167253818368189228e-03 
-4.056613898785246697e+00 -6.229684429839609239e-01 1.063126514445297266e-01 8.741829976262252444e+01 1.326750884142189387e-03 
-4.163765867276653765e+00 -6.149946559609483776e-01 1.058370028347035696e-01 8.244849390131564348e+01 1.150822555159376499e-03 
-4.163765867276653765e+00 -6.149946559609483776e-01 1.058370028347035696e-01 8.244849390131564348e+01 1.150822555159376499e-03 
-4.279536329722114729e+00 -6.096300723998349103e-01 1.065068913652048727e-01 8.021202140496308175e+01 1.081650586106564296e-03 
-4.473596621915638671e+00 -6.549075642031572109e-01 9.951797525783172282e-02 7.642809098369369281e+01 1.194424216223310877e-03 
-4.473596621915638671e+00 -6.549075642031572109e-01 9.951797525783172282e-02 7.642809098369369281e+01 1.194424216223310877e-03 
-4.263789761300907699e+00 -6.995642423184933456e-01 1.045135837845831694e-01 8.002382575199771964e+01 1.027574048558254922e-03 
-4.263789761300907699e+00 -6.995642423184933456e-01 1.045135837845831694e-01 8.002382575199771964e+01 1.027574048558254922e-03 
-4.263789761300907699e+00 -6.995642423184933456e-01 1.045135837845831694e-01 8.002382575199771964e+01 1.027574048558254922e-03 
-4.222393269362449963e+00 -7.663382260668540891e-01 1.073865027018196111e-01 7.403772688018150916e+01 1.077898711762051518e-03 
-4.222393269362449963e+00 -7.663382260668540891e-01 1.073865027018196111e-01 7.403772688018150916e+01 1.077898711762051518e-03 
-4.431246319814194479e+00 -7.949881917418293309e-01 1.109155904299238549e-01 7.804414392690536317e+01 9.216425867722305995e-04 
-4.389348632320239751e+00 -7.376457977105270736e-01 1.129603754514055536e-01 7.363551879548586498e+01 9.354939105107145910e-04 
-4.032473716352983573e+00 -7.307264840479880119e-01 1.234783714574600316e-01 7.876331520755009308e+01 1.016642076987899672e-03 
-3.770360511541212656e+00 -6.589254879180338476e-01 1.273174373630972522e-01 7.647823032585733927e+01 9.832410702169636866e-04 
-3.710664207858154207e+00 -6.571280350952473093e-01 1.305628010073733303e-01 7.690079622688182326e+01 9.808659083353145521e-04 
-3.705003409086034871e+00 -7.010694182367124272e-01 1.395861729742988167e-01 7.833635827286472875e+01 1.053353254837892687e-03 
-3.742292791325328771e+00 -6.617405323085743252e-01 1.459073898783498080e-01 7.644231627367288695e+01 9.876397193055491599e-04 
-3.327418758220718864e+00 -7.116762568877400552e-01 1.510417114584006459e-01 7.591314181619603119e+01 9.287064042233292424e-04 
-3.327418758220718864e+00 -7.116762568877400552e-01 1.510417114584006459e-01 7.591314181619603119e+01 9.287064042233292424e-04 
-3.344639231288817349e+00 -7.276945202660914935e-01 1.482940865585395673e-01 7.591089029969556634e+01 9.220456835889411212e-04 
-3.195855769529122981e+00 -7.079625894372495454e-01 1.545866753153447293e-01 7.212127404547909748e+01 1.031594036342399403e-03 
-3.195855769529122981e+00 -7.079625894372495454e-01 1.545866753153447293e-01 7.212127404547909748e+01 1.031594036342399403e-03 
-3.412366651187228150e+00 -7.106400740092140289e-01 1.606356098419087497e-01 7.711481816855392424e+01 1.201391121166084331e-03 
-3.462715182239080036e+00 -7.431450945932519536e-01 1.681905129228201679e-01 7.627215304885510250e+01 1.472077431947301732e-03 
-3.462715182239080036e+00 -7.431450945932519536e-01 1.681905129228201679e-01 7.627215304885510250e+01 1.472077431947301732e-03 
-3.354805218388273502e+00 -7.471043188122050704e-01 1.668791470879509853e-01 7.388761965207712024e+01 1.178764618545821014e-03 
-3.564054621345299712e+00 -6.384674800808408657e-01 1.721600102786633724e-01 8.133119361962991434e+01 1.698015409979194675e-03 
-3.430877670170736859e+00 -5.841073014546520614e-01 1.611121996352273822e-01 8.391793301383383152e+01 1.317530036296521477e-03 
-3.438193249933759077e+00 -5.755090766744859199e-01 1.735248897740861718e-01 8.243658043496009213e+01 1.409298579052852126e-03 
-3.502227948179619244e+00 -5.879157614500025719e-01 1.690134471888677103e-01 8.427839380073993425e+01 1.599305129246810604e-03 
-3.772815537760768834e+00 -5.475145187680676706e-01 1.647639360235967909e-01 8.111311817575359839e+01 1.380302339524606264e-03 
-3.566440049612364493e+00 -5.418157800808603985e-01 1.660763678685838185e-01 7.356771418486131608e+01 8.817855046239573679e-04 
-3.566440049612364493e+00 -5.418157800808603985e-01 1.660763678685838185e-01 7.356771418486131608e+01 8.817855046239573679e-04 
-3.566440049612364493e+00 -5.418157800808603985e-01 1.660763678685838185e-01 7.356771418486131608e+01 8.817855046239573679e-04 
-3.566440049612364493e+00 -5.418157800808603985e-01 1.660763678685838185e-01 7.356771418486131608e+01 8.817855046239573679e-04 
-3.202941605967984717e+00 -6.083969777634856690e-01 1.646722145169370877e-01 7.143440493525909574e+01 1.171937969677286882e-03 
-3.202941605967984717e+00 -6.083969777634856690e-01 1.646722145169370877e-01 7.143440493525909574e+01 1.171937969677286882e-03 
-3.374856081321148782e+00 -6.452525564507853861e-01 1.589633463960100634e-01 6.714390508242308897e+01 1.085085204476636533e-03 
-3.374856081321148782e+00 -6.452525564507853861e-01 1.589633463960100634e-01 6.714390508242308897e+01 1.085085204476636533e-03 
-3.605131220162484329e+00 -6.252697904961672659e-01 1.433582453733030782e-01 6.583935577637981851e+01 1.502351499799867152e-03 
-3.605131220162484329e+00 -6.252697904961672659e-01 1.433582453733030782e-01 6.583935577637981851e+01 1.502351499799867152e-03 
-3.538108481176178266e+00 -6.036108175324487179e-01 1.517740932059715164e-01 6.918640009951475633e+01 1.089582513639695627e-03 
-3.518822074374796216e+00 -6.246922819435132279e-01 1.489419456330209335e-01 7.332730207329454686e+01 8.819518134085419783e-04 
-3.341767859122902973e+00 -6.208151567266337878e-01 1.549684073581689969e-01 7.067680293982397188e+01 1.028820061070736527e-03 
-3.337465988348042423e+00 -6.353628897458351021e-01 1.589705217661414038e-01 6.667799668649281841e+01 1.216102089669633636e-03 
-3.485429125737040223e+00 -6.118280883136557602e-01 1.614853826929922298e-01 6.122041237914378087e+01 1.701057716876655437e-03 
-3.485429125737040223e+00 -6.118280883136557602e-01 1.614853826929922298e-01 6.122041237914378087e+01 1.701057716876655437e-03 
-3.725444490260104047e+00 -5.952371848846490510e-01 1.684569173465160219e-01 5.862992574764366793e+01 1.587689807671266657e-03 
-3.493447764001991196e+00 -6.047578766714660770e-01 1.656949821070506923e-01 6.181451867364916097e+01 1.529962325405063734e-03 
-3.588786655476012832e+00 -5.653535505220533830e-01 1.767239271102065967e-01 5.876589961832628006e+01 1.775965042636318313e-03 
-3.324993369372090779e+00 -5.961959705180105429e-01 1.637323379264738199e-01 6.198588388129972060e+01 1.954798926606490968e-03 
-3.088353959568166385e+00 -5.102567104395296926e-01 1.614323337943781300e-01 6.562123768123109357e+01 2.633371283623781381e-03 
-2.884591343733621471e+00 -5.258215241677218765e-01 1.588082334484417490e-01 6.804805595604895530e+01 1.557708342847451913e-03 
-2.884591343733621471e+00 -5.258215241677218765e-01 1.588082334484417490e-01 6.804805595604895530e+01 1.557708342847451913e-03 
-3.004239167148819334e+00 -5.220151545770983503e-01 1.676591026351849922e-01 7.062912921593465398e+01 1.858126139202239020e-03 
-2.844811129667096594e+00 -5.082429948219353566e-01 1.533847760071149480e-01 7.060611506225249911e+01 1.610238000277440778e-03 
-2.844811129667096594e+00 -5.082429948219353566e-01 1.533847760071149480e-01 7.060611506225249911e+01 1.610238000277440778e-03 
-2.844811129667096594e+00 -5.082429948219353566e-01 1.533847760071149480e-01 7.060611506225249911e+01 1.610238000277440778e-03 
-2.917591194775874364e+00 -5.605116755641805781e-01 1.577233515390266128e-01 6.410086308548493150e+01 1.526375359957030282e-03 
-3.086849958719151577e+00 -5.793627059946923064e-01 1.537072484594658728e-01 6.974664917415512377e+01 1.657936142085488819e-03 
-3.073233360076681908e+00 -5.365694486537437857e-01 1.575631390973695478e-01 7.293992606315786986e+01 1.626184142127694299e-03 
-3.291351987024051517e+00 -5.451643960774197328e-01 1.672003409337133317e-01 7.511519238521415787e+01 9.963525925181090578e-04 
-3.291351987024051517e+00 -5.451643960774197328e-01 1.672003409337133317e-01 7.511519238521415787e+01 9.963525925181090578e-04 
-3.291351987024051517e+00 -5.451643960774197328e-01 1.672003409337133317e-01 7.511519238521415787e+01 9.963525925181090578e-04 
-3.176940376973542257e+00 -5.611186144262259035e-01 1.653000643491069899e-01 7.873734738202578853e+01 1.176457289034190789e-03 
-3.046212017104037439e+00 -5.577523927169193430e-01 1.549219548778972277e-01 8.236584705261716977e+01 1.787314644842335262e-03 
-3.046212017104037439e+00 -5.577523927169193430e-01 1.549219548778972277e-01 8.236584705261716977e+01 1.787314644842335262e-03 
-3.153762607467575751e+00 -5.254255992880337844e-01 1.524958203345976315e-01 8.136269029522311769e+01 1.138785657164718274e-03 
-3.153762607467575751e+00 -5.254255992880337844e-01 1.524958203345976315e-01 8.136269029522311769e+01 1.138785657164718274e-03 
-2.952575856403736321e+00 -4.507759395769705968e-01 1.501507491497883484e-01 8.090647117096692398e+01 1.839682088391457818e-03 
-2.991655407424201218e+00 -4.943429792601809480e-01 1.468676687617261056e-01 7.940141103529036570e+01 1.558817139975281901e-03 
-3.015193030232179883e+00 -5.001574754678442813e-01 1.557421751219053019e-01 7.551002670737375411e+01 1.657430529611521840e-03 
-3.207717051828989252e+00 -5.234524742739765646e-01 1.490053178993389071e-01 7.683448935859883022e+01 1.307789084700639905e-03 
-3.207717051828989252e+00 -5.234524742739765646e-01 1.490053178993389071e-01 7.683448935859883022e+01 1.307789084700639905e-03 
-2.977654974134021693e+00 -4.893425300241885934e-01 1.557110631453788030e-01 7.149518080687633415e+01 1.688204715330354419e-03 
-2.941507074195685689e+00 -5.161662015677389581e-01 1.676356562012087381e-01 7.233218241923405856e+01 1.982353143509694646e-03 
-2.977058033401685400e+00 -4.652706865158147687e-01 1.725435579026152189e-01 7.369417617602350390e+01 2.100471220008155379e-03 
-2.977058033401685400e+00 -4.652706865158147687e-01 1.725435579026152189e-01 7.369417617602350390e+01 2.100471220008155379e-03 
-2.977058033401685400e+00 -4.652706865158147687e-01 1.725435579026152189e-01 7.369417617602350390e+01 2.100471220008155379e-03 
-2.977058033401685400e+00 -4.652706865158147687e-01 1.725435579026152189e-01 7.369417617602350390e+01 2.100471220008155379e-03 
-2.817815665436479211e+00 -4.044745346849274448e-01 1.698810655731648467e-01 7.414164397291385455e+01 2.682027054041210765e-03 
-2.817815665436479211e+00 -4.044745346849274448e-01 1.698810655731648467e-01 7.414164397291385455e+01 2.682027054041210765e-03 
-2.749180457069194894e+00 -4.241187338497939829e-01 1.639216462092746296e-01 7.555314679659923627e+01 3.139142027829184851e-03 
-2.547386275933812616e+00 -4.722635534762192333e-01 1.541053786221055766e-01 7.497793281901189744e+01 3.354149566187632648e-03 
-2.465817603503999145e+00 -4.535015631207213183e-01 1.470690657627126696e-01 7.820949064619364322e+01 3.821744487434624096e-03 
-2.323002653371983861e+00 -4.434219913669441016e-01 1.474387542987890265e-01 7.723068999820479519e+01 3.821311076502994890e-03 
-2.271730064699057472e+00 -4.582343817325034152e-01 1.495259077418954474e-01 7.863038853249041438e+01 4.216892254464549121e-03 
-2.267426523739483279e+00 -4.243105436559985177e-01 1.430602687264204975e-01 7.567802051909795580e+01 3.365033904154761391e-03 
-2.042867237226968058e+00 -3.719535356447215002e-01 1.524500416668123914e-01 7.415077064990347822e+01 4.107217456553083346e-03 
-2.241769286793468208e+00 -3.651044786050809399e-01 1.514528564928499244e-01 7.736396204906894525e+01 4.574794528995053573e-03 
-2.177522477357843655e+00 -3.748494981947315119e-01 1.418095942005330179e-01 7.143225665989024264e+01 2.766142757878580286e-03 
-1.951473448374769992e+00 -3.527588757936464536e-01 1.431637435562282124e-01 6.998352625275843764e+01 2.946767945004195866e-03 
-2.189245903432971652e+00 -3.655322157809448580e-01 1.488357847036774761e-01 6.261471188645380437e+01 1.696918921323761157e-03 
-2.189245903432971652e+00 -3.655322157809448580e-01 1.488357847036774761e-01 6.261471188645380437e+01 1.696918921323761157e-03 
-2.197090908596416092e+00 -3.498978969202194422e-01 1.554381885704239630e-01 6.064737784760419004e+01 1.751713228175765403e-03 
-2.197090908596416092e+00 -3.498978969202194422e-01 1.554381885704239630e-01 6.064737784760419004e+01 1.751713228175765403e-03 
-2.533145467336834322e+00 -3.178594918778782641e-01 1.448809587015552069e-01 6.025917722067151061e+01 1.404707629192828312e-03 
-2.533145467336834322e+00 -3.178594918778782641e-01 1.448809587015552069e-01 6.025917722067151061e+01 1.404707629192828312e-03 
-2.690420152367605233e+00 -3.739445404039934417e-01 1.442224618988548202e-01 5.809293922806003252e+01 1.280511210875725104e-03 
-2.430115133434400221e+00 -3.336676015540328555e-01 1.371869558366715092e-01 5.502467054320546680e+01 1.170234555086066986e-03 
-2.570440919809161340e+00 -3.907749714242144123e-01 1.317814837874208556e-01 5.534210743969462243e+01 1.357937478054431144e-03 
-2.607320866271951143e+00 -4.286097291813014132e-01 1.262687238591929106e-01 5.665283052532402053e+01 1.423233578228873947e-03 
-2.263918183091009340e+00 -4.158072960928229089e-01 1.266253397890527987e-01 5.664679996527211614e+01 1.053277134666015134e-03 
-2.335653702896729467e+00 -4.965833747278918797e-01 1.419041750988118689e-01 5.671873814113022405e+01 9.863107254054512101e-04 
-2.584103468788470970e+00 -5.602216357879895581e-01 1.451811165599450892e-01 5.267560980247355218e+01 1.317416809000201104e-03 
-2.285762546642839510e+00 -4.149082827531768158e-01 1.389709388016472369e-01 6.067169681165711381e+01 1.070952765565425955e-03 
-2.205582237384226207e+00 -4.186101458554732369e-01 1.382725134032319614e-01 5.845660391153138846e+01 9.745291901325393987e-04 
-1.970792144679440083e+00 -4.184900586730669336e-01 1.352228213886787767e-01 5.752162632273797271e+01 9.368277765611609641e-04 
-2.003224262900014097e+00 -5.052097057627408239e-01 1.409064962647012809e-01 5.642011581915592444e+01 9.982056014958460254e-04 
-2.003224262900014097e+00 -5.052097057627408239e-01 1.409064962647012809e-01 5.642011581915592444e+01 9.982056014958460254e-04 
-1.937403910013264730e+00 -5.416608929074002710e-01 1.398008541359926915e-01 5.754215430108049389e+01 9.919317281492463431e-04 
-1.745553955742686458e+00 -5.677912945266607725e-01 1.400758540984369249e-01 6.013591543700968600e+01 1.080260932397051482e-03 
-1.717549967403068090e+00 -5.703170683574618760e-01 1.364886442507542430e-01 6.056476979867698418e+01 1.025287746186363076e-03 
-1.717549967403068090e+00 -5.703170683574618760e-01 1.364886442507542430e-01 6.056476979867698418e+01 1.025287746186363076e-03 
-1.864542772954916217e+00 -5.460396848953715798e-01 1.258672658629281238e-01 6.193994687147112899e+01 8.809023787155033239e-04 
-1.782468393815295871e+00 -5.819180145199293053e-01 1.298382422220347998e-01 5.785170843203106017e+01 9.578872888533916576e-04 
-1.740707090213487573e+00 -5.439618509926833489e-01 1.226423927200332026e-01 5.921571302372146306e+01 9.062976463330904824e-04 
-1.740707090213487573e+00 -5.439618509926833489e-01 1.226423927200332026e-01 5.921571302372146306e+01 9.062976463330904824e-04 
-1.439043324085975684e+00 -4.372715991187440809e-01 1.256453710925020950e-01 5.975560984494401140e+01 9.998958895605738507e-04 
-1.347133615426244990e+00 -4.305987521370809867e-01 1.269849271606869612e-01 5.532272362592620141e+01 8.950219280655679396e-04 
-1.347491704738362106e+00 -3.617296951269601268e-01 1.202113444240820311e-01 5.749030801280970593e+01 9.845983939264111792e-04 
-1.347491704738362106e+00 -3.617296951269601268e-01 1.202113444240820311e-01 5.749030801280970593e+01 9.845983939264111792e-04 
-1.447464941805037153e+00 -3.787599618027097659e-01 1.275672464175033327e-01 6.068441897371376825e+01 1.326898207111794261e-03 
-1.345888110473867583e+00 -3.631818379674320307e-01 1.187271197602826206e-01 5.478262138160950201e+01 8.503351131286785401e-04 
-1.345888110473867583e+00 -3.631818379674320307e-01 1.187271197602826206e-01 5.478262138160950201e+01 8.503351131286785401e-04 
-1.692493846450623618e+00 -3.495635974711825411e-01 1.252400459684077094e-01 5.396642580475797502e+01 9.038586961359569355e-04 
-1.521029469706274950e+00 -2.916460863238946599e-01 1.149221062686885259e-01 5.727619157924615934e+01 9.423409529542793508e-04 
-1.712363465949737540e+00 -3.614788340638732667e-01 1.125143972061537628e-01 6.192766828289127545e+01 8.821670674368252201e-04 
-1.782693994880709232e+00 -3.592329039444362992e-01 1.098963596839391682e-01 5.996875547361111813e+01 8.875319538504042576e-04 
-1.673885374452092734e+00 -3.741701798933024792e-01 1.275446544600489229e-01 6.272896405325167990e+01 1.287756301379400312e-03 
-1.560365420509234768e+00 -3.491547742684385502e-01 1.199722848783453949e-01 5.720940208818599615e+01 8.676110542953200961e-04 
-1.520315232171006059e+00 -3.814894841251741386e-01 1.147548672639445017e-01 6.242403556181066193e+01 9.973358329672557358e-04 
-1.520315232171006059e+00 -3.814894841251741386e-01 1.147548672639445017e-01 6.242403556181066193e+01 9.973358329672557358e-04 
-1.558070698866299786e+00 -3.645916899838858583e-01 1.101147735583877102e-01 5.964392655332454751e+01 8.507851107722084159e-04 
-1.649990233866053702e+00 -3.224066820412146428e-01 1.200900295686136848e-01 5.564680204011769149e+01 8.579168991796938277e-04 
-1.676936390190440163e+00 -3.480979973510964220e-01 1.228866243828103388e-01 5.411231281005590432e+01 9.052127876230882430e-04 
-2.079010675906004302e+00 -3.070623733778451436e-01 1.314660757748141173e-01 5.378493161933605649e+01 1.002626568029054083e-03 
-2.079010675906004302e+00 -3.070623733778451436e-01 1.314660757748141173e-01 5.378493161933605649e+01 1.002626568029054083e-03 
-2.222167095736163667e+00 -3.492852585550630384e-01 1.321153511918173873e-01 5.796495041700164563e+01 9.835930008592615008e-04 
-2.040373121192110339e+00 -3.184797091559364302e-01 1.357009868783520257e-01 5.489472198814939219e+01 9.644111285906783407e-04 
-1.846696482005135476e+00 -3.779905102512450821e-01 1.299851958119043471e-01 5.558349686811880730e+01 9.100615759626029012e-04 
-1.704628959307396663e+00 -3.390111763063539674e-01 1.232739531009125200e-01 6.143740274316100880e+01 1.116749315847692832e-03 
-1.704628959307396663e+00 -3.390111763063539674e-01 1.232739531009125200e-01 6.143740274316100880e+01 1.116749315847692832e-03 
-1.581860760415074063e+00 -4.234868344767412918e-01 1.137436173696599051e-01 6.549693160183608143e+01 1.046957268082581143e-03 
-1.579709007710936364e+00 -4.216934030217106000e-01 1.088764012802795750e-01 6.460181950678783380e+01 9.079808455821360667e-04 
-1.305983953647460227e+00 -4.896410366657309443e-01 1.010008565331804997e-01 5.830112549952833945e+01 1.164793795247874835e-03 
-1.509064171491367512e+00 -5.138010887183711572e-01 1.049175665035524535e-01 6.018064195915327730e+01 1.055172740183209484e-03 
-1.449494104343228562e+00 -5.072167462716961062e-01 1.007050773395433141e-01 6.195474992030883499e+01 1.014280713919050395e-03 
-1.449494104343228562e+00 -5.072167462716961062e-01 1.007050773395433141e-01 6.195474992030883499e+01 1.014280713919050395e-03 
-1.221300752579089766e+00 -5.244373141058993326e-01 1.101189475860408912e-01 5.985058974906308293e+01 8.555071757938199645e-04 
-1.333983352082936058e+00 -4.872219066572861523e-01 1.102080672864415162e-01 5.778677188712538992e+01 9.368258569972265099e-04 
-1.113951565556748013e+00 -4.848202799705990662e-01 1.083366519389370036e-01 6.192012743221563653e+01 8.945814539272423441e-04 
-8.748014910975479008e-01 -5.774175959874047193e-01 1.087602514850375124e-01 6.347662480708255117e+01 9.440386679274524045e-04 
-9.414217715998079994e-01 -5.428785984496805606e-01 1.076146305790803837e-01 5.642634537843762388e+01 9.498717029524301244e-04 
-1.134514019195659085e+00 -5.629259280897154216e-01 1.141115230879714421e-01 5.756837845846735746e+01 9.034035133406571969e-04 
-1.367240697582451148e+00 -5.475437844093606898e-01 1.150884857662923116e-01 6.396453908070711236e+01 8.951700018943910394e-04 
-1.237172022966719576e+00 -5.546261118400219736e-01 1.091664517694295733e-01 6.213747846512859496e+01 8.424360899644563585e-04 
-1.243338658115951345e+00 -5.257425394604631208e-01 1.022161633736589498e-01 6.145953036923972235e+01 9.311126927541291251e-04 
-1.243338658115951345e+00 -5.257425394604631208e-01 1.022161633736589498e-01 6.145953036923972235e+01 9.311126927541291251e-04 
-1.271752231955290968e+00 -5.181893723731304524e-01 1.057283311626458916e-01 6.510207078897531119e+01 8.948162410154490189e-04 
-1.238263744550629930e+00 -6.308937576024897798e-01 1.035310320778756593e-01 5.850312157016001180e+01 1.332720499435324172e-03 
-1.175657831466019543e+00 -7.001299479025734351e-01 9.902213840068513351e-02 6.137249885653042725e+01 1.308114562836678284e-03 
-1.331889175555471372e+00 -6.496260431685315639e-01 9.954306371321111624e-02 5.886139941940930953e+01 1.621207422799514743e-03 
-1.942413284029647524e+00 -6.497790440336044249e-01 8.817508828418961497e-02 6.720500654555569042e+01 1.626405849726384563e-03 
-1.724827446403262909e+00 -7.141144225997968498e-01 8.332438605940013787e-02 6.648451320044829060e+01 2.094262759997924349e-03 
-1.684109132137347808e+00 -6.490117522396486871e-01 7.793190931676009792e-02 6.288173902322333220e+01 3.212079320877476128e-03 
-1.753153912541330017e+00 -5.383553277745438681e-01 8.543787168130001497e-02 5.967999223456725133e+01 2.793083637751664870e-03 
-2.157394747294244297e+00 -5.635469913574026046e-01 8.602581661367476873e-02 5.877043276690783102e+01 3.378195348819069618e-03 
-2.157394747294244297e+00 -5.635469913574026046e-01 8.602581661367476873e-02 5.877043276690783102e+01 3.378195348819069618e-03 
-1.996219261598001893e+00 -6.171069811519955817e-01 9.607062544547634309e-02 5.942529179940835604e+01 2.230205496825939625e-03 
-1.996219261598001893e+00 -6.171069811519955817e-01 9.607062544547634309e-02 5.942529179940835604e+01 2.230205496825939625e-03 
-1.996219261598001893e+00 -6.171069811519955817e-01 9.607062544547634309e-02 5.942529179940835604e+01 2.230205496825939625e-03 
-1.842247033712695048e+00 -6.303356530513721800e-01 8.387599803144496491e-02 5.935354673532398806e+01 3.384608690140501926e-03 
-1.854937571314456024e+00 -6.292113763631184131e-01 7.741952981897327890e-02 5.743680577841465862e+01 4.721986639267894761e-03 
-1.588899399336144214e+00 -7.084165532516505381e-01 7.291955548955197930e-02 5.627287659296501943e+01 5.634587547255480444e-03 
-1.932188084333430478e+00 -7.121295550042445743e-01 7.498450518867347259e-02 5.283626210664684208e+01 6.581078424877480175e-03 
-1.767098316048315132e+00 -6.582268609309502860e-01 7.862953051945496818e-02 4.924517707004619638e+01 6.894387128853865163e-03 
-1.769968920670394574e+00 -7.490908905845091725e-01 7.559905699510319210e-02 4.881327011724287956e+01 7.616904414774890511e-03 
-1.794227904449785083e+00 -7.756467545852738787e-01 6.862954977879094642e-02 4.853268319612924842e+01 8.641841277543598279e-03 
-1.796943048784923391e+00 -8.211600432860532983e-01 6.621803225230558920e-02 5.119221737811558626e+01 8.333654067446509550e-03 
-1.787829612630682963e+00 -7.944163185513756220e-01 6.670140870652423171e-02 4.593726609014702689e+01 9.566458753866032005e-03 
-1.885914125716547707e+00 -8.135333722944881885e-01 6.602738452808742942e-02 4.351417333944032606e+01 1.030281827210350817e-02 
-1.988772336703174215e+00 -7.538499552720587804e-01 7.530456225789793068e-02 4.367780408145322468e+01 9.222564652828856013e-03 
-2.145809170108779806e+00 -7.581376187816881718e-01 7.923497495334283491e-02 4.104301239790206779e+01 9.588831082167858372e-03 
-1.892289764052651924e+00 -7.171109474440305886e-01 7.671903937121192507e-02 3.967900382336669907e+01 1.011177642707702766e-02 
-1.827900856552211906e+00 -7.429139834835822853e-01 7.869577228255250634e-02 3.334342045509744423e+01 1.178958640630329083e-02 
-2.023526263414269444e+00 -6.868999500306854911e-01 7.641118171036398454e-02 3.462789777210794995e+01 1.154362325488823317e-02 
-2.056074375864025860e+00 -7.699192976218006690e-01 7.539340118457957263e-02 3.442614924184148606e+01 1.181327605780167420e-02 
-1.969668885285531079e+00 -7.628132109645945347e-01 7.895030544445866272e-02 3.468941230066376846e+01 1.143719002720854430e-02 
-1.954786141348171080e+00 -7.024332742414419739e-01 7.870377488113114439e-02 3.586725452732081010e+01 1.101526608435762777e-02 
-1.730294847433827110e+00 -6.911782857743244968e-01 9.402444782780228216e-02 3.438999165776589706e+01 1.004390100553890532e-02 
-1.778681887250702420e+00 -7.096113469459079948e-01 9.698311581194025977e-02 2.731609060573640235e+01 1.232449144864171051e-02 
-1.768886331214238883e+00 -7.128741288284775601e-01 8.823037443917289280e-02 3.455639472408915935e+01 1.055512824710598888e-02 
-1.514517124481247201e+00 -6.225140928947043850e-01 9.042499324001153360e-02 3.217585244532941857e+01 1.071404435407569480e-02 
-1.738307141522436261e+00 -5.954474831233182996e-01 8.049033481660508582e-02 3.469113380966997084e+01 1.086845970950530565e-02 
-1.946302411619632577e+00 -5.804287418596270065e-01 7.744892395597292867e-02 3.447778786099962645e+01 1.125679894064100101e-02 
-2.014165665707044806e+00 -5.508059239525778805e-01 6.926176190286024992e-02 3.717818358065349571e+01 1.116348093456846768e-02 
-2.142922964804109487e+00 -5.408459525252066191e-01 6.793906467682336858e-02 4.131500041516704869e+01 1.023177980367268904e-02 
-2.057635548817423388e+00 -5.605356959452438836e-01 7.561571047651363675e-02 4.552449279329568554e+01 8.309895781023405106e-03 
-1.701728901222583357e+00 -4.389794891950720701e-01 6.550266366487186853e-02 4.542956754294142740e+01 8.808163594530925289e-03 
-1.699024890091832107e+00 -5.238095347774439636e-01 7.124891309297173847e-02 4.870577583233000496e+01 7.526472206372522566e-03 
-1.637118095774029447e+00 -5.873734211508560010e-01 7.219388378215176039e-02 5.155542877763303977e+01 6.747187734538519395e-03 
-1.566122928832695660e+00 -5.663906659243597153e-01 7.564873183728007544e-02 5.612178526514993138e+01 4.777453509868108752e-03 
-1.520388876795567556e+00 -5.936878317184995923e-01 8.151610935051156748e-02 4.949758824248834088e+01 5.927213403777055814e-03 
-1.775437167481789480e+00 -5.676924643854396324e-01 7.883546650751317719e-02 5.382752515980229902e+01 5.254274088978369561e-03 
-1.844041874310044626e+00 -5.488638197610993252e-01 7.402512235423211462e-02 5.375597921572331472e+01 5.973710713501030958e-03 
-2.105324900461057691e+00 -5.644511419041771116e-01 7.048777813858979335e-02 5.492691109936510685e+01 6.452798220745315297e-03 
-2.094436466265293895e+00 -5.503118754436845395e-01 6.992816261874172656e-02 5.159210491391350217e+01 7.377563892671547968e-03 
-1.863577459314307516e+00 -5.719297322287336671e-01 7.402967753016934105e-02 4.726485233841526679e+01 7.913761706759829540e-03 
-1.651388239928174961e+00 -5.500947635000306146e-01 7.885554921352558311e-02 4.855618047921947777e+01 6.582178929640717865e-03 
-1.803594467245901445e+00 -5.824715477279631681e-01 7.787107850827094946e-02 5.483279834102634709e+01 5.187123179699659747e-03 
-1.931240214302805569e+00 -6.484099380071228769e-01 7.849750244892372830e-02 5.750032856089033828e+01 4.665327474634117094e-03 
-1.908370183740376147e+00 -7.197253103878279434e-01 7.590435199270216537e-02 5.815366093859933017e+01 4.980769710341325165e-03 
-1.981964642706141255e+00 -6.877264076383475810e-01 6.787896283495305216e-02 6.439039487481343826e+01 4.632872934325866360e-03 
-1.949197537957261028e+00 -7.340481261792760614e-01 7.447612861847863197e-02 6.678724696470239053e+01 3.193774724387629660e-03 
-1.949197537957261028e+00 -7.340481261792760614e-01 7.447612861847863197e-02 6.678724696470239053e+01 3.193774724387629660e-03 
-1.722799654732947383e+00 -6.602030091701166503e-01 7.683841783354929122e-02 6.349868474347566405e+01 3.279790869001993937e-03 
-1.735923460873537882e+00 -6.122046465499307866e-01 8.681331751471801916e-02 6.276035641525074738e+01 2.222320530207425558e-03 
-1.848543125120414965e+00 -5.461051972901836971e-01 7.968955736213281793e-02 6.490412661567853547e+01 2.509739705645743640e-03 
-1.587097504015302585e+00 -4.855291431853716588e-01 8.082048920602509512e-02 7.332701782525495560e+01 1.281892945777496871e-03 
-1.328420211316339472e+00 -5.486594784247043055e-01 7.258788106021599185e-02 6.698802457918431230e+01 2.386175280239676011e-03 
-1.328420211316339472e+00 -5.486594784247043055e-01 7.258788106021599185e-02 6.698802457918431230e+01 2.386175280239676011e-03 
-1.142442368204051206e+00 -5.834551467859924179e-01 7.825013598655838898e-02 6.745069442642770241e+01 1.693220341583331554e-03 
-1.253837791866860618e+00 -6.307807283781227126e-01 8.642147929376535476e-02 7.483525979100804193e+01 1.131979191772770812e-03 
-1.376057979251430474e+00 -6.659214136811569817e-01 8.758318104701455498e-02 7.334965181393840794e+01 1.078460205074657612e-03 
-1.059173867119352463e+00 -6.449822024902266415e-01 9.483104117782044373e-02 7.604391397392005558e+01 1.388229357410866900e-03 
-1.056639266032658897e+00 -6.121098872478056840e-01 9.864582152305745311e-02 7.621719800576462944e+01 1.657704601083782869e-03 
-1.094373087422701785e+00 -5.508819774202605712e-01 9.421495011553658594e-02 7.385253090279282162e+01 1.388952255812076104e-03 
-9.856003120999584644e-01 -5.442720447049467225e-01 9.214791012216515254e-02 7.227297819953015789e+01 1.306494368432675485e-03 
-9.319691668412171115e-01 -5.314265319486777273e-01 8.791059779578443145e-02 6.667625109919023885e+01 1.068109987289427108e-03 
-8.324644951736159815e-01 -4.563414462690621454e-01 8.221883844588798174e-02 6.822236958729406808e+01 1.304775784258844704e-03 
-8.138731668060037450e-01 -4.661192940414655705e-01 8.474119961206103002e-02 6.629099247984026988e+01 1.184443817494769229e-03 
-1.043190565083717658e+00 -4.610604903979616531e-01 8.757681580757785411e-02 6.857952978630548557e+01 1.174605986553695948e-03 
-1.108476437979058149e+00 -4.643160819843415998e-01 9.843777172505260853e-02 6.357524980102617462e+01 9.287109660963898620e-04 
-1.108476437979058149e+00 -4.643160819843415998e-01 9.843777172505260853e-02 6.357524980102617462e+01 9.287109660963898620e-04 
-1.258630482489352609e+00 -4.477412062041534746e-01 1.028879674636887231e-01 6.398816254242007062e+01 9.254016703501000401e-04 
-1.258630482489352609e+00 -4.477412062041534746e-01 1.028879674636887231e-01 6.398816254242007062e+01 9.254016703501000401e-04 
-1.267470939831815580e+00 -4.771626721617184819e-01 9.876351851124351433e-02 6.828004752696342905e+01 1.051824078928608689e-03 
-1.532212442949768771e+00 -4.351441635615885817e-01 9.085492855854673810e-02 6.489591382806324305e+01 1.125519921945573008e-03 
-1.652283561610040863e+00 -4.185091284970504644e-01 9.247436401229999769e-02 7.108683732044586634e+01 1.071909347713442037e-03 
-1.523245571490980499e+00 -4.423635037195008390e-01 8.372936839646376306e-02 7.013439299374441305e+01 1.202887418533061213e-03 
-1.519001205332822124e+00 -4.344042338415148308e-01 8.791361442340546450e-02 7.111497598951814325e+01 1.113822588890507528e-03 
-1.519001205332822124e+00 -4.344042338415148308e-01 8.791361442340546450e-02 7.111497598951814325e+01 1.113822588890507528e-03 
-1.699734754584375951e+00 -4.886341559692241043e-01 8.426855493663047703e-02 6.663154149461287545e+01 1.574128603877600644e-03 
-1.716601927164655761e+00 -4.172964993917777088e-01 7.761605562298616590e-02 6.950190982207534773e+01 1.648145416970308707e-03 
-1.683562659501301795e+00 -4.055688895342214884e-01 7.231592446692688969e-02 7.107297841750501277e+01 1.884519083187296759e-03 
-1.658062751824516123e+00 -4.149376662792597092e-01 8.300870337854862613e-02 6.864275344795700562e+01 1.323001930855965090e-03 
-1.640436884392252326e+00 -4.313569611218251443e-01 8.923573183066475789e-02 6.374625676787904638e+01 1.366539439625686280e-03 
-1.318652866003060975e+00 -3.996981456288387635e-01 9.771070492974945343e-02 6.798649960383849589e+01 1.211850591629926466e-03 
-9.815451239197029443e-01 -4.477943964354248463e-01 9.759764611917402799e-02 6.755817831545869012e+01 1.392685437820575210e-03 
-9.815451239197029443e-01 -4.477943964354248463e-01 9.759764611917402799e-02 6.755817831545869012e+01 1.392685437820575210e-03 
-1.059536591388038573e+00 -4.622949111168676017e-01 9.243258586208058514e-02 6.570340887919064699e+01 1.026955232075530203e-03 
-1.374486610819327215e+00 -4.295925459234115062e-01 9.431930264958335308e-02 7.325825796953242275e+01 1.476608656625303957e-03 
-1.666133434127030188e+00 -4.550998772045368179e-01 9.737833025326196601e-02 7.222314521661161280e+01 1.100006444712410287e-03 
-1.666133434127030188e+00 -4.550998772045368179e-01 9.737833025326196601e-02 7.222314521661161280e+01 1.100006444712410287e-03 
-1.514304742501675349e+00 -4.692694129228358046e-01 9.050465068526113155e-02 6.834866570626027737e+01 1.039817925893545599e-03 
-1.527325373315943535e+00 -3.999857321816170375e-01 8.508651297159135207e-02 6.908382367178587913e+01 1.163690582235271057e-03 
-1.315402410084206997e+00 -4.461260447838438226e-01 8.755375348853701445e-02 7.181603028352193974e+01 1.215325271086912205e-03 
-1.402544298156684910e+00 -4.661856885544908291e-01 8.614148866783134795e-02 6.237363413473134699e+01 1.572706745261230653e-03 
-1.324079657512851282e+00 -4.994114863436775464e-01 9.275608477183049094e-02 6.174094273852692538e+01 1.255953275814766399e-03 
-1.324079657512851282e+00 -4.994114863436775464e-01 9.275608477183049094e-02 6.174094273852692538e+01 1.255953275814766399e-03 
-1.232246669985253895e+00 -4.809952381914456288e-01 9.587275525604943560e-02 5.785962444938309091e+01 1.361960704656336269e-03 
-1.007145704430954414e+00 -5.011836635592207267e-01 9.515506285300655287e-02 5.188109999516115778e+01 2.133515751130555214e-03 
-7.198067529680267640e-01 -4.706857965676572442e-01 8.680246446625429491e-02 4.952811673993746666e+01 2.627931644325753359e-03 
-4.613099981281179596e-01 -4.765458253402292121e-01 8.303974930250020148e-02 4.755131287886136704e+01 3.019743615336533543e-03 
-7.960651690151616666e-01 -4.026134284912785688e-01 8.170051526044015688e-02 5.415483930089389020e+01 1.734667852102108991e-03 
-1.007805396011530075e+00 -3.880619659722684966e-01 8.797882539545436031e-02 5.865365358049457711e+01 1.120782610543955959e-03 
-1.231622029066820279e+00 -3.942450721634006561e-01 9.524737702996555200e-02 5.891110068484059070e+01 1.022831041915894671e-03 
-1.005574117002515644e+00 -3.866063375328205320e-01 9.792466287961766602e-02 5.895135424841078731e+01 9.447405417103743770e-04 
-9.094292105273436011e-01 -4.232589189486396508e-01 1.005974786158408962e-01 6.084980143442423639e+01 1.032355468795372088e-03 
-7.399930007809704113e-01 -4.588955316958025499e-01 9.743182018558967095e-02 5.965168162766289583e+01 9.378124770102892315e-04 
-6.782837380495758683e-01 -4.252252024849610956e-01 8.577772119848831034e-02 6.171260189329526469e+01 1.129174345732145320e-03 
-6.200272138114109044e-01 -3.811924691836059420e-01 8.646312518013681003e-02 5.799178020096924513e+01 1.114579760029197220e-03 
-6.200272138114109044e-01 -3.811924691836059420e-01 8.646312518013681003e-02 5.799178020096924513e+01 1.114579760029197220e-03 
-6.200272138114109044e-01 -3.811924691836059420e-01 8.646312518013681003e-02 5.799178020096924513e+01 1.114579760029197220e-03 
-6.200272138114109044e-01 -3.811924691836059420e-01 8.646312518013681003e-02 5.799178020096924513e+01 1.114579760029197220e-03 
-6.200272138114109044e-01 -3.811924691836059420e-01 8.646312518013681003e-02 5.799178020096924513e+01 1.114579760029197220e-03 
-6.200272138114109044e-01 -3.811924691836059420e-01 8.646312518013681003e-02 5.799178020096924513e+01 1.114579760029197220e-03 
-6.200272138114109044e-01 -3.811924691836059420e-01 8.646312518013681003e-02 5.799178020096924513e+01 1.114579760029197220e-03 
