-3.366302880350397597e+00 -8.273700702057756873e-01 1.225389241747815161e-01 6.938808534278059881e+01 1.224409248650931313e-03 
-3.299198932274173934e+00 -8.485226399861299784e-01 1.313615125872897860e-01 7.218930622439538070e+01 8.722251395889588999e-04 
-3.240501744589419530e+00 -8.605882067271288793e-01 1.370783421310328432e-01 7.149513393491925228e+01 8.835565365781991587e-04 
-3.240501744589419530e+00 -8.605882067271288793e-01 1.370783421310328432e-01 7.149513393491925228e+01 8.835565365781991587e-04 
-3.149652300740879873e+00 -8.179005009366923096e-01 1.346738216836443347e-01 7.223493410198889819e+01 9.564723416126959081e-04 
-3.196708422914196213e+00 -7.835334685849799641e-01 1.308306279997648036e-01 7.011067266776665008e+01 1.134224170349019045e-03 
-3.159775023722739995e+00 -7.257696740131838187e-01 1.246250716031482020e-01 7.102754575368889789e+01 1.401818021728418098e-03 
-3.218658920625464770e+00 -7.591627618494318774e-01 1.238675952973839756e-01 7.295488936272222702e+01 1.125236920587185420e-03 
-3.218658920625464770e+00 -7.591627618494318774e-01 1.238675952973839756e-01 7.295488936272222702e+01 1.125236920587185420e-03 
-3.403651249730842210e+00 -7.113408912290756225e-01 1.352293523018801846e-01 7.640132491829513128e+01 8.782730497350259378e-04 
-3.305448922831357272e+00 -6.580048507458906570e-01 1.350338977746877722e-01 7.216182812634237109e+01 1.216169298829917209e-03 
-3.305448922831357272e+00 -6.580048507458906570e-01 1.350338977746877722e-01 7.216182812634237109e+01 1.216169298829917209e-03 
-3.130350157301036607e+00 -6.735007157600079175e-01 1.367840492733942703e-01 6.957180303808425492e+01 1.459906666318916673e-03 
-3.130350157301036607e+00 -6.735007157600079175e-01 1.367840492733942703e-01 6.957180303808425492e+01 1.459906666318916673e-03 
-2.890334860315519006e+00 -6.354088160377111549e-01 1.341516465730112351e-01 7.274822087296651318e+01 1.150622461738746213e-03 
-2.969913841578608604e+00 -6.453308379155240360e-01 1.210765884057687508e-01 7.418035289632885565e+01 1.041046287895215378e-03 
-2.969913841578608604e+00 -6.453308379155240360e-01 1.210765884057687508e-01 7.418035289632885565e+01 1.041046287895215378e-03 
-2.969913841578608604e+00 -6.453308379155240360e-01 1.210765884057687508e-01 7.418035289632885565e+01 1.041046287895215378e-03 
-2.749700896730018052e+00 -7.061980247147952028e-01 1.209449492535029091e-01 7.513265686537758370e+01 1.215809642829607891e-03 
-2.749700896730018052e+00 -7.061980247147952028e-01 1.209449492535029091e-01 7.513265686537758370e+01 1.215809642829607891e-03 
-3.075969802499921357e+00 -6.739747109396549973e-01 1.234966085905756517e-01 7.583753857352176908e+01 1.102178773297228000e-03 
-2.848173123968366305e+00 -7.660943523892107532e-01 1.262352564717535153e-01 7.359501892750333241e+01 1.094607780085525301e-03 
-2.894022675239496856e+00 -7.448700373951235854e-01 1.199860627160229121e-01 7.251883791681586899e+01 9.096467583436336143e-04 
-2.894022675239496856e+00 -7.448700373951235854e-01 1.199860627160229121e-01 7.251883791681586899e+01 9.096467583436336143e-04 
-2.959743561892800301e+00 -7.670185957157532597e-01 1.096135736836880564e-01 7.376312121022492363e+01 9.828122764925864303e-04 
-2.981626408635305925e+00 -7.807901275681163877e-01 1.003406355178516896e-01 7.881087504474993466e+01 9.508206503923383006e-04 
-2.981626408635305925e+00 -7.807901275681163877e-01 1.003406355178516896e-01 7.881087504474993466e+01 9.508206503923383006e-04 
-3.040319749896373214e+00 -7.644742014164622734e-01 1.042066303055514537e-01 7.352166635950339924e+01 1.458647463427370245e-03 
-3.040319749896373214e+00 -7.644742014164622734e-01 1.042066303055514537e-01 7.352166635950339924e+01 1.458647463427370245e-03 
-2.933308231887731043e+00 -7.572898850497012946e-01 1.167276304606417875e-01 7.168738484672567779e+01 9.490409192336086725e-04 
-2.933308231887731043e+00 -7.572898850497012946e-01 1.167276304606417875e-01 7.168738484672567779e+01 9.490409192336086725e-04 
-3.086031236469223504e+00 -7.738083693395131357e-01 1.206896432146337822e-01 7.622108888429372087e+01 9.385349176832167260e-04 
-2.966556234284237092e+00 -7.225284148472214119e-01 1.169256570718803234e-01 7.753922638698621483e+01 9.310674929444285979e-04 
-2.966556234284237092e+00 -7.225284148472214119e-01 1.169256570718803234e-01 7.753922638698621483e+01 9.310674929444285979e-04 
-2.916517065253669827e+00 -7.502143447818012678e-01 1.102593833371829646e-01 7.443346705055438406e+01 8.979574632094753425e-04 
-2.916517065253669827e+00 -7.502143447818012678e-01 1.102593833371829646e-01 7.443346705055438406e+01 8.979574632094753425e-04 
-2.920982253108022508e+00 -7.449861766365174498e-01 1.085771933127156197e-01 7.709147680679846815e+01 8.821248734558784525e-04 
-2.884929832421640583e+00 -7.849711268154619948e-01 1.044205904667120516e-01 7.606708184808110218e+01 8.888295431337437606e-04 
-3.002366179811847058e+00 -7.595238383033796614e-01 1.094822694607587993e-01 7.331656181026917807e+01 1.150188070971649035e-03 
-2.750123562249037423e+00 -7.969262628177513630e-01 1.120636833185294917e-01 7.385424701397359115e+01 9.351332133426453006e-04 
-2.493312813193462318e+00 -7.690123440719736081e-01 1.087125175495545909e-01 7.351664298116678253e+01 9.646590463552858017e-04 
-2.433506590327645380e+00 -7.947997302748037729e-01 9.097826926227184363e-02 6.990805436636451020e+01 1.408687247980053422e-03 
-2.192372965083075886e+00 -7.274611937688308938e-01 9.312668734997624209e-02 7.401952631454973641e+01 1.021839993673676191e-03 
-1.869755513591365492e+00 -7.419355258054458613e-01 8.908478550180129463e-02 7.207460743775304479e+01 1.173871280055359487e-03 
-1.599959694789502729e+00 -8.024157827536133603e-01 9.301763108733353269e-02 7.270112337439374528e+01 9.925611892899757153e-04 
-1.605209942530364975e+00 -7.370844687485884617e-01 1.072543446836896480e-01 6.914134219145010718e+01 8.529719579109604080e-04 
-1.691597972619210521e+00 -8.069207152935843341e-01 1.031304932052037465e-01 6.601427209544431207e+01 1.025941501849197881e-03 
-1.904544104906483293e+00 -8.531621145724276323e-01 1.136858752037371717e-01 6.071645704019708489e+01 1.229440467337775946e-03 
-1.844001891673714644e+00 -8.406521069011789749e-01 1.204608274715948668e-01 6.000133177953536290e+01 1.095066273301801988e-03 
-1.844001891673714644e+00 -8.406521069011789749e-01 1.204608274715948668e-01 6.000133177953536290e+01 1.095066273301801988e-03 
-1.799039032478756406e+00 -8.227117687298632909e-01 1.092459288956837971e-01 6.434640264413310717e+01 9.981673334049680213e-04 
-1.967460020324076853e+00 -7.817537671100983632e-01 1.057440025040554538e-01 7.517904131445895644e+01 1.020327378324396243e-03 
-1.850333324679857228e+00 -8.080619689073983425e-01 1.149680253862009477e-01 7.349856842428823711e+01 1.127146383415158874e-03 
-1.892218707188519700e+00 -8.106367596674520781e-01 1.169634980501186861e-01 7.565373471478082479e+01 1.401519577766486505e-03 
-1.551691838762006004e+00 -8.483072571688087260e-01 1.259826332604097598e-01 7.796369962977740897e+01 2.286197185943224588e-03 
-1.469945431264156888e+00 -8.906724456082246721e-01 1.297317382868171942e-01 7.520325779601937199e+01 2.039897251501444821e-03 
-1.216549268404663264e+00 -8.990714652765909864e-01 1.255066882506313264e-01 7.173260812887808413e+01 1.474226426434328743e-03 
-1.216549268404663264e+00 -8.990714652765909864e-01 1.255066882506313264e-01 7.173260812887808413e+01 1.474226426434328743e-03 
-1.448387227243316921e+00 -9.185991533742388082e-01 1.226545464994511780e-01 7.133177819489731064e+01 1.216171825725417344e-03 
-1.536325016004678634e+00 -9.347934522390098921e-01 1.193130380230453952e-01 7.320304098965036133e+01 1.243627510575049874e-03 
-1.338893841091017167e+00 -9.214341267152839077e-01 1.190636450765061027e-01 7.352705252215612575e+01 1.342278079584784643e-03 
-1.332929916643648793e+00 -8.600883372970643537e-01 1.191772099062126666e-01 7.144084804336850425e+01 1.193685108865652272e-03 
-1.367042544538099591e+00 -8.625853467022380761e-01 1.217853599933739622e-01 6.716292821632517018e+01 9.461922049761325266e-04 
-1.666526409731768910e+00 -9.046142117236832814e-01 1.179849613437735090e-01 6.391283630104725688e+01 8.900133010125361229e-04 
-1.579010296494822052e+00 -8.183013022030405370e-01 1.185057971663671939e-01 5.834682776632537582e+01 1.230936476887396509e-03 
-1.601703724154667885e+00 -8.594204127199266408e-01 1.178447550236328550e-01 5.986472752434735867e+01 1.128387725503859473e-03 
-1.491764468305166735e+00 -8.524801679090694417e-01 1.089053089081473830e-01 6.329631588671493603e+01 1.035729800753459190e-03 
-1.328935443080862422e+00 -9.174065789103859059e-01 1.084832709243773313e-01 6.168170843812785620e+01 1.197203069384289963e-03 
-1.414356530098984210e+00 -8.887966416946949666e-01 1.038282152158041677e-01 6.086812086732283689e+01 1.516445047155592094e-03 
-1.572416402232272414e+00 -8.607781201573283525e-01 9.731599565064373569e-02 6.250176883268536443e+01 1.705624564351095572e-03 
-1.685255454577055279e+00 -8.332256533923039221e-01 1.014016696869568662e-01 6.073465835216972408e+01 1.738767216087682473e-03 
-1.838009698079443366e+00 -8.351270243502598722e-01 1.039597403937429637e-01 6.365056402916271594e+01 1.256986530488623383e-03 
-1.727307534383394572e+00 -8.394517427802555831e-01 1.101929534774624686e-01 6.383812559158533162e+01 1.005174336620896910e-03 
-1.779579446198078285e+00 -8.849821494890582896e-01 1.185675656107780945e-01 6.763274591223041909e+01 8.644934531249623888e-04 
-1.826584940996343054e+00 -8.891921148752363058e-01 1.144509364389832834e-01 6.393914739775893707e+01 9.427445697579323741e-04 
-1.967707127956098034e+00 -8.679264592569165826e-01 1.163386957261155208e-01 6.382318176761534545e+01 9.276051750730134526e-04 
-2.222580791330095007e+00 -8.729521838917617682e-01 1.110896578004163665e-01 6.551764469779392641e+01 9.460038718343256013e-04 
-1.942633237222712195e+00 -7.463892170449089036e-01 1.120559999690893677e-01 6.361847464356102222e+01 9.716466791825080322e-04 
-2.293980680179735998e+00 -7.222973803040149132e-01 1.160319572402056520e-01 6.424345740415870409e+01 9.033802618260389997e-04 
-2.304797549149777858e+00 -7.575572231838721970e-01 1.184281702073673448e-01 6.421688027428028533e+01 8.839856202434114279e-04 
-2.706386274841082518e+00 -7.043967971175628673e-01 1.301197328509768047e-01 6.061854080031797309e+01 1.035400383601489671e-03 
-2.689801056284412795e+00 -6.977736465302750712e-01 1.240363990575716197e-01 6.878805711996592720e+01 9.354457842596179944e-04 
-2.689801056284412795e+00 -6.977736465302750712e-01 1.240363990575716197e-01 6.878805711996592720e+01 9.354457842596179944e-04 
-2.586961428015718489e+00 -7.811988217657523936e-01 1.228653074677134860e-01 6.979307674880530499e+01 9.718353060894134674e-04 
-2.524676323306268788e+00 -7.503265621991452861e-01 1.173895633869376509e-01 6.851339638256351350e+01 8.725452760017563501e-04 
-2.621907265797983388e+00 -7.313538079720079965e-01 1.183408086279051780e-01 6.449477496721370073e+01 9.294784315434337666e-04 
-2.494872644549989360e+00 -6.788054233980430618e-01 1.248984231047289978e-01 6.169954684803111888e+01 9.299994550248305699e-04 
-2.504616880301441917e+00 -7.340119723756324266e-01 1.163897453292149081e-01 6.337507341707352282e+01 9.790680353444561335e-04 
-2.408141504602189897e+00 -7.520925239363708270e-01 1.037807857657338517e-01 6.370059564560475707e+01 1.350430010710154238e-03 
-2.408141504602189897e+00 -7.520925239363708270e-01 1.037807857657338517e-01 6.370059564560475707e+01 1.350430010710154238e-03 
-2.408141504602189897e+00 -7.520925239363708270e-01 1.037807857657338517e-01 6.370059564560475707e+01 1.350430010710154238e-03 
-2.408141504602189897e+00 -7.520925239363708270e-01 1.037807857657338517e-01 6.370059564560475707e+01 1.350430010710154238e-03 
-2.359998936506450207e+00 -7.012454636497331695e-01 1.121657352162482302e-01 6.638675118101004102e+01 8.861946526785820580e-04 
-2.359998936506450207e+00 -7.012454636497331695e-01 1.121657352162482302e-01 6.638675118101004102e+01 8.861946526785820580e-04 
-2.559673167493714985e+00 -7.449427025809496339e-01 1.179510021724879398e-01 6.504386250525969615e+01 8.941796659166730867e-04 
-2.559673167493714985e+00 -7.449427025809496339e-01 1.179510021724879398e-01 6.504386250525969615e+01 8.941796659166730867e-04 
-2.555231667366615333e+00 -8.005039516819334455e-01 1.128801945772898302e-01 7.067158099891037182e+01 8.842838036055772951e-04 
-2.595839871821953526e+00 -7.124714480405831551e-01 1.174103279394093508e-01 6.916382202825401748e+01 8.966781784057048510e-04 
-2.110922891024821446e+00 -8.217410917689156324e-01 1.203638998398114252e-01 6.676979970661220420e+01 8.568821301772897372e-04 
-2.039175608379346194e+00 -8.487924394063558475e-01 1.169212427834305651e-01 6.523402253476879764e+01 8.667034483209741210e-04 
-2.039175608379346194e+00 -8.487924394063558475e-01 1.169212427834305651e-01 6.523402253476879764e+01 8.667034483209741210e-04 
-1.954038462801731324e+00 -8.370666874694400184e-01 1.146606563227081238e-01 6.175678479907304563e+01 1.095428453361719547e-03 
-2.138133795085868982e+00 -8.565015687188941573e-01 1.172257691387997153e-01 6.763407949977553812e+01 8.446063360622030466e-04 
-1.854896578210331048e+00 -8.639099220331731832e-01 1.189117144369582907e-01 7.301643701415819976e+01 1.175296880778670203e-03 
-1.900032940602464526e+00 -9.544878946801479414e-01 1.092462499517096036e-01 7.374330521658166049e+01 9.467158833751106823e-04 
-1.690156563961748404e+00 -9.364765477748743239e-01 1.157063995077366736e-01 7.033759072968301496e+01 9.124652134578315962e-04 
-1.642138174567685738e+00 -8.894617526022708942e-01 1.149882963831934529e-01 7.052646145049932613e+01 9.277868628972528887e-04 
-1.642138174567685738e+00 -8.894617526022708942e-01 1.149882963831934529e-01 7.052646145049932613e+01 9.277868628972528887e-04 
-1.924058440426159811e+00 -9.493510245281328030e-01 1.151134958719140927e-01 7.342871736258805981e+01 1.050940231267466756e-03 
-2.243514176538305982e+00 -9.040506570354526206e-01 1.227485848395633156e-01 7.183483629600129916e+01 1.119996877194961906e-03 
-2.356282162877742614e+00 -8.559173351068801727e-01 1.316391248908198863e-01 7.258804581293587432e+01 1.521128453165753684e-03 
-1.859142947989425920e+00 -8.234593662216377341e-01 1.174928389261144512e-01 7.391676587331940596e+01 1.235853403812693652e-03 
-1.872132710806730049e+00 -8.015058874632519093e-01 1.147731322452713310e-01 7.428262649339822588e+01 1.190192880073054869e-03 
-1.696079922559541320e+00 -7.879595604047461288e-01 1.074831338118085039e-01 7.648724578775203042e+01 1.228076899216784187e-03 
-1.563589163141441141e+00 -7.702029650541313277e-01 1.062850966700724237e-01 8.186281415396307182e+01 1.941783586755634191e-03 
-1.301616994573710828e+00 -7.660589139412976589e-01 1.127168135190766973e-01 8.241544385797973860e+01 2.634713483136817778e-03 
-1.365518418884907437e+00 -7.443578523421925386e-01 1.111146235134066046e-01 8.214298902553521486e+01 2.480459193930343101e-03 
-1.213067682170478889e+00 -7.818486142433669350e-01 1.111161369195937804e-01 7.576929592772208366e+01 1.526848426565421578e-03 
-1.213067682170478889e+00 -7.818486142433669350e-01 1.111161369195937804e-01 7.576929592772208366e+01 1.526848426565421578e-03 
-1.213067682170478889e+00 -7.818486142433669350e-01 1.111161369195937804e-01 7.576929592772208366e+01 1.526848426565421578e-03 
-1.126728475498270932e+00 -7.653299183776725023e-01 1.131145924232852817e-01 7.758852921353370391e+01 2.000788546584457255e-03 
-7.999695231990642252e-01 -7.713106579352619896e-01 1.100529584657924803e-01 7.786814849756807178e+01 2.147161868260738342e-03 
-1.064877264301471449e+00 -8.231057994108159637e-01 1.173744629250788180e-01 8.001730764777093441e+01 2.564493244443222329e-03 
-1.061877419600496086e+00 -7.593789294069240858e-01 1.180555363280145903e-01 7.802825682971143806e+01 2.444445755452748920e-03 
-1.115752664333343969e+00 -7.456623566010759374e-01 1.125587420945163980e-01 7.857554655806758603e+01 2.199584997662923282e-03 
-1.011152852060296592e+00 -7.552419823382764408e-01 1.133224173057549994e-01 7.806121343291772519e+01 2.238948762069150125e-03 
-8.087064518448165984e-01 -7.776505850451085333e-01 1.000419255913737732e-01 7.457909169379638570e+01 1.240801720162830989e-03 
-6.868866614127577819e-01 -7.039082545710937389e-01 1.078122867257921697e-01 7.303559924033166340e+01 1.598858097984406272e-03 
-8.954466331832706683e-01 -7.068019718075988500e-01 1.149935686092717901e-01 7.151582281433989863e+01 1.579629006406070915e-03 
-6.625013281914645669e-01 -6.871378569501337408e-01 1.022111361489348447e-01 6.930402730130889211e+01 1.069619534076884232e-03 
-3.834171699885297602e-01 -6.142713999253075485e-01 1.074776002913173240e-01 6.152297611521257181e+01 9.270965608268026160e-04 
-3.262672440956465025e-01 -6.194107766763112810e-01 1.082378587765627648e-01 6.605832091679194207e+01 1.309440657924661839e-03 
