-3.583624465467976528e+00 -7.946250242642582950e-01 1.349656308397818860e-01 7.263593617876080089e+01 8.478743934016194205e-04 
-3.583624465467976528e+00 -7.946250242642582950e-01 1.349656308397818860e-01 7.263593617876080089e+01 8.478743934016194205e-04 
-3.583624465467976528e+00 -7.946250242642582950e-01 1.349656308397818860e-01 7.263593617876080089e+01 8.478743934016194205e-04 
-3.583624465467976528e+00 -7.946250242642582950e-01 1.349656308397818860e-01 7.263593617876080089e+01 8.478743934016194205e-04 
-3.583624465467976528e+00 -7.946250242642582950e-01 1.349656308397818860e-01 7.263593617876080089e+01 8.478743934016194205e-04 
-3.583624465467976528e+00 -7.946250242642582950e-01 1.349656308397818860e-01 7.263593617876080089e+01 8.478743934016194205e-04 
-3.710061647993143197e+00 -7.845920059523646684e-01 1.363868673048519164e-01 7.113877599513153882e+01 8.567281316372874021e-04 
-3.459984134122721322e+00 -6.910335399805338508e-01 1.255581950807461711e-01 7.174890271398224684e+01 1.286650720377654090e-03 
-3.331472283890500652e+00 -7.453022004069902451e-01 1.245487229663940210e-01 8.112654879244695394e+01 9.334880566313748327e-04 
-3.252981796230929756e+00 -7.344893874533479083e-01 1.281290262901336185e-01 7.950783373293090506e+01 8.714139020736708877e-04 
-3.384500761079615394e+00 -6.524827079885318071e-01 1.234212890065763263e-01 8.264966300273248123e+01 1.026960478048965153e-03 
-3.501080216268770418e+00 -6.421926274690129555e-01 1.249498644125261182e-01 8.647478533282743740e+01 1.139053791240444372e-03 
-3.559721480601651500e+00 -6.315476424507820985e-01 1.129045512395097095e-01 8.068773202505545328e+01 1.374376761729531517e-03 
-3.623223130348183219e+00 -5.737052927057459950e-01 1.103447079557624971e-01 8.018781211561133659e+01 1.881323524349673773e-03 
-3.177335634979066459e+00 -5.937546388944580089e-01 1.056193574969714333e-01 8.404634323824764408e+01 1.497055569200195398e-03 
-3.059868203563515188e+00 -5.694047717654402430e-01 9.653964421401353690e-02 8.858861624526257117e+01 1.191269815185650328e-03 
-3.059868203563515188e+00 -5.694047717654402430e-01 9.653964421401353690e-02 8.858861624526257117e+01 1.191269815185650328e-03 
-3.046040729093402621e+00 -5.473453650009084681e-01 9.359825044491380808e-02 8.478668623350257860e+01 1.724100712214608798e-03 
-3.203368539597502007e+00 -5.038347049911697795e-01 9.365155014075385309e-02 8.896520714335750313e+01 2.655186829188870695e-03 
-3.064444767912728018e+00 -5.424517725789201883e-01 8.857751317422418724e-02 8.891839735211242157e+01 1.738507965503658390e-03 
-3.015159635102456992e+00 -4.999547719085277730e-01 9.158169015836190030e-02 8.618024600168347149e+01 1.737704216260493959e-03 
-3.015159635102456992e+00 -4.999547719085277730e-01 9.158169015836190030e-02 8.618024600168347149e+01 1.737704216260493959e-03 
-3.127602164213438396e+00 -5.477216492240302159e-01 8.975012637500445756e-02 9.230335331030433110e+01 1.685981402592274647e-03 
-3.035536156774828687e+00 -6.461122146545610345e-01 8.699000624088029654e-02 9.300552808424239970e+01 1.047292560006024423e-03 
-3.035536156774828687e+00 -6.461122146545610345e-01 8.699000624088029654e-02 9.300552808424239970e+01 1.047292560006024423e-03 
-2.944250168558141922e+00 -7.138986779392870741e-01 8.581773013097657166e-02 9.360109048731844439e+01 1.228931359674176674e-03 
-2.919534058678874722e+00 -7.127216292590227154e-01 8.287424983412214341e-02 9.186506669567862104e+01 1.209304531846218562e-03 
-2.962175479083276830e+00 -7.479605831807532024e-01 7.845659292010774555e-02 9.354187223213401126e+01 1.221504557808732357e-03 
-2.962175479083276830e+00 -7.479605831807532024e-01 7.845659292010774555e-02 9.354187223213401126e+01 1.221504557808732357e-03 
-2.962175479083276830e+00 -7.479605831807532024e-01 7.845659292010774555e-02 9.354187223213401126e+01 1.221504557808732357e-03 
-2.962175479083276830e+00 -7.479605831807532024e-01 7.845659292010774555e-02 9.354187223213401126e+01 1.221504557808732357e-03 
-3.037955392616762396e+00 -6.841912843328784577e-01 8.763177970938779149e-02 9.718894293686659580e+01 1.120521490034368742e-03 
-2.960623509405709619e+00 -6.765902351625283639e-01 8.308506777384816466e-02 9.474349470208167645e+01 1.168400498177073372e-03 
-3.069971628200037106e+00 -6.643675992067058500e-01 8.234335367659435800e-02 1.028221194438729498e+02 1.270746276118603791e-03 
-3.171321947710469047e+00 -6.811063203932621324e-01 8.762719833420222482e-02 1.041827968770985677e+02 1.520658605439148287e-03 
-3.026803384293232924e+00 -6.719179818380113245e-01 9.185563529885004685e-02 1.038635097934416507e+02 1.786230054656943664e-03 
-3.028403089517650582e+00 -5.921791289341847841e-01 8.475903860303916904e-02 1.113943557164850802e+02 1.921153423076562379e-03 
-3.256196577507267875e+00 -6.254771492880825123e-01 8.490023874825908257e-02 1.078678691410712247e+02 1.950070541413267446e-03 
-3.160445617544631158e+00 -6.380458194769288438e-01 8.265480007012031283e-02 1.099554921901845006e+02 1.711968033275417054e-03 
-3.544511358717354010e+00 -6.120738683570664529e-01 7.512116583547268078e-02 1.077690080503244729e+02 2.794395310190097431e-03 
-3.701046183312757698e+00 -5.641780956188009455e-01 7.813798368634060354e-02 1.085960645065302259e+02 3.063029849710994373e-03 
-4.183398182807944288e+00 -5.832707117604707392e-01 7.449263299932543103e-02 1.054401530777556957e+02 2.448155070465396141e-03 
-4.138772570559095421e+00 -6.296537755959673577e-01 7.549001809713346001e-02 1.093056852671184487e+02 2.828044382851537843e-03 
-3.871743789993177476e+00 -5.892635846508880171e-01 6.999748391253335367e-02 1.095739947948947304e+02 3.233987331174114840e-03 
-3.912932546508766762e+00 -6.047263707093055718e-01 7.446524394951006820e-02 1.070809328607336539e+02 2.876067666959219137e-03 
-3.912932546508766762e+00 -6.047263707093055718e-01 7.446524394951006820e-02 1.070809328607336539e+02 2.876067666959219137e-03 
-4.100037821833382168e+00 -6.548082550528392387e-01 8.266031771253759541e-02 1.101940756305073279e+02 3.212568840227111693e-03 
-3.974529761681856233e+00 -7.042499167910998281e-01 9.065087505126617762e-02 1.086421779074269409e+02 3.451116668741701504e-03 
-3.812019194269895550e+00 -7.388088913011139347e-01 1.013740678557834146e-01 1.132603923175451257e+02 4.894317402558725529e-03 
-3.975266295224050950e+00 -7.306971453872488365e-01 9.816383037868903205e-02 1.087654435479854129e+02 3.993415947456848379e-03 
-4.121976917410322905e+00 -7.419020108526166446e-01 1.049061381599241255e-01 1.116932570556819968e+02 5.229472111241616379e-03 
-3.865222826974802572e+00 -7.909778231349964273e-01 9.661009100865794452e-02 1.176389603144378384e+02 5.792845852833348672e-03 
-3.988059690347498520e+00 -7.421543943826455214e-01 1.013491384950798574e-01 1.214584575009445189e+02 6.889133198485149732e-03 
-3.976726462519393213e+00 -6.956987629906120629e-01 9.991058285012395512e-02 1.170358268900811396e+02 5.610885695273047820e-03 
-4.005552242227039983e+00 -6.482657262247675245e-01 8.779930238327397773e-02 1.149403576603160531e+02 4.211116999312248393e-03 
-3.922740294330379740e+00 -6.126341370744146086e-01 8.428130734276981229e-02 1.158293129328868361e+02 3.996730313978970849e-03 
-3.959786968929822404e+00 -6.343330237086626244e-01 9.929630500437149065e-02 1.054208260461966660e+02 3.105131193712629828e-03 
-3.961180318176412918e+00 -6.692797262822209881e-01 1.078988020561935934e-01 1.065085670017420370e+02 3.892346261225429829e-03 
-4.154274719480401501e+00 -6.757649741683187106e-01 1.101585368064239290e-01 1.029868867202031169e+02 3.604380353217766578e-03 
-4.121574518882244575e+00 -7.093947798485776834e-01 1.053591339855445563e-01 1.049747813434064625e+02 3.786183376710378426e-03 
-4.349288139309822832e+00 -6.952315858108049085e-01 9.318900927433194925e-02 1.000496184986015322e+02 2.344057724843522095e-03 
-3.880814858158726288e+00 -7.666163973558588474e-01 9.688094135960349795e-02 1.013599532806168497e+02 2.710408482670003012e-03 
-3.928092617322161306e+00 -7.404492985469237620e-01 9.116913210957229563e-02 1.043868897013982888e+02 2.889811053697596659e-03 
-4.047404363467459021e+00 -7.353328794155912229e-01 8.848035199187005706e-02 1.072223258175720417e+02 3.242411918478227233e-03 
-4.180134907255387056e+00 -7.088470301713866162e-01 8.195849046537546922e-02 1.093399242943993102e+02 3.198036633492147215e-03 
-4.090448611644863064e+00 -6.254143923716333209e-01 8.473503453979731870e-02 1.102804935143785343e+02 3.237512204709211069e-03 
-4.127399232619691993e+00 -5.961322589779521897e-01 9.289542716172047299e-02 1.145796406245063395e+02 4.291358676692986693e-03 
-3.955822320587091490e+00 -5.776558268488951597e-01 7.648786579890298754e-02 1.209206078041534056e+02 4.334576309968644209e-03 
-3.931834124151195820e+00 -5.396740099978952765e-01 7.076964670911937982e-02 1.209225162612225972e+02 4.122962659978413047e-03 
-4.061180326568074150e+00 -5.487866404418784150e-01 6.956687374598044538e-02 1.162420535044786192e+02 3.508911071878419857e-03 
-4.049436024932499656e+00 -5.583079094083337468e-01 7.065757850404907892e-02 1.177318155381706504e+02 3.694071809511876095e-03 
-3.946427543830548057e+00 -5.032678222266800949e-01 6.331641982089353249e-02 1.188977842358849983e+02 4.145663458520756905e-03 
-4.213680377239734653e+00 -4.391020984872404664e-01 5.805133207391422606e-02 1.314092530380761730e+02 4.621120618553267029e-03 
-4.213680377239734653e+00 -4.391020984872404664e-01 5.805133207391422606e-02 1.314092530380761730e+02 4.621120618553267029e-03 
-4.280227141603023533e+00 -4.629502067278099542e-01 6.253381994083945239e-02 1.333589165138723160e+02 4.916906297604410267e-03 
-4.139526336676320639e+00 -5.138179041380882550e-01 6.178954910813472950e-02 1.373773197208984982e+02 5.914875803387535311e-03 
-4.139526336676320639e+00 -5.138179041380882550e-01 6.178954910813472950e-02 1.373773197208984982e+02 5.914875803387535311e-03 
-4.130108988430446715e+00 -5.402306045927540712e-01 6.507908379082255612e-02 1.350170467611997935e+02 5.861536282236406645e-03 
-4.218206500030603934e+00 -5.843252942707056752e-01 6.210603168982899158e-02 1.294871674990970405e+02 4.902369950987812974e-03 
-4.147086489730962278e+00 -6.679446718919384018e-01 7.718688884813960926e-02 1.335773777168250263e+02 7.302020602593885593e-03 
-4.122238890825492774e+00 -5.618509427858637828e-01 9.067148313649112112e-02 1.244925133837334243e+02 5.879788822536121187e-03 
-3.975289514586385131e+00 -5.422152660327113072e-01 8.956897872074241762e-02 1.258860237884098012e+02 5.786809120349111282e-03 
-4.129355972273864417e+00 -5.800017986095913347e-01 8.989644600081136971e-02 1.271639434824019759e+02 6.503356511474000373e-03 
-4.166430832017211650e+00 -6.067947783012803686e-01 7.838981947712768406e-02 1.275991604230866443e+02 5.858603015795977795e-03 
-4.249911282730376882e+00 -6.162422600062480438e-01 8.486650395542029435e-02 1.288186832322707573e+02 6.758935824989853111e-03 
-4.418973240855665452e+00 -5.737293420661270238e-01 8.619390781462318851e-02 1.268539547863356347e+02 6.287331521622366998e-03 
-4.217151021891751839e+00 -6.020478287372305060e-01 7.775344390005614614e-02 1.319460676727383088e+02 6.689343106444332887e-03 
-4.217151021891751839e+00 -6.020478287372305060e-01 7.775344390005614614e-02 1.319460676727383088e+02 6.689343106444332887e-03 
-4.404235231387400695e+00 -6.172423646051448110e-01 7.522217970968542167e-02 1.223623683365915014e+02 4.667554744633800774e-03 
-4.375609480216558822e+00 -5.981502120785735510e-01 7.531551316571284682e-02 1.176021922549585810e+02 3.757419718864204831e-03 
-4.167983672814020046e+00 -6.297023324560160340e-01 7.137070357726489622e-02 1.160495657576033040e+02 3.530384856686280201e-03 
-4.197361298476599778e+00 -5.908797106594317894e-01 6.576043758386834748e-02 1.105841758209487864e+02 2.899434768106282784e-03 
-4.180419042622227188e+00 -6.344435971454921441e-01 7.417863114389271206e-02 1.076840994001122453e+02 2.633680895847591644e-03 
-4.157489621112991252e+00 -5.962092065770687732e-01 7.466401337805472771e-02 1.111251236118997241e+02 2.962404111262957260e-03 
-4.190350423194273866e+00 -5.983355109486050427e-01 7.489435944292341385e-02 1.053124999511795181e+02 2.419762826654892757e-03 
-3.899606965703236394e+00 -6.053443603794361749e-01 8.416450230147848321e-02 9.848270386007597210e+01 2.228945713763486221e-03 
-3.693931328881574050e+00 -6.559789948484430200e-01 7.457346927548062776e-02 9.561436698346857099e+01 2.779783701627657096e-03 
-3.594167103727087476e+00 -6.565942256773735775e-01 9.085471577830950274e-02 9.359155597800967996e+01 1.876922711067934187e-03 
-3.224750654101994574e+00 -5.649735909347264329e-01 9.492740667299527646e-02 9.150028168358755920e+01 1.758473715761623129e-03 
-3.348374113268470786e+00 -5.145280404534625651e-01 9.775034230707409233e-02 8.655198230808014159e+01 2.796177688956255278e-03 
-3.349341880010438643e+00 -3.950898915884104579e-01 9.805658726487810617e-02 8.840368764384589895e+01 4.674193691592388490e-03 
-3.425297999149810924e+00 -3.771708978573288240e-01 1.023195918817727396e-01 8.800214875918995006e+01 4.604905513820973031e-03 
-3.425297999149810924e+00 -3.771708978573288240e-01 1.023195918817727396e-01 8.800214875918995006e+01 4.604905513820973031e-03 
-3.586436481373232343e+00 -3.936046512264962938e-01 9.360073957301624781e-02 8.739554519856460502e+01 5.179618300036025955e-03 
-3.586436481373232343e+00 -3.936046512264962938e-01 9.360073957301624781e-02 8.739554519856460502e+01 5.179618300036025955e-03 
-3.730564767583158137e+00 -3.603482265950390118e-01 9.581072852669555995e-02 8.817236032001132173e+01 5.146598971540871682e-03 
-3.969840748567777577e+00 -3.671630691304580973e-01 8.926561720048170612e-02 9.167542095506424005e+01 4.133278887537293438e-03 
-3.969840748567777577e+00 -3.671630691304580973e-01 8.926561720048170612e-02 9.167542095506424005e+01 4.133278887537293438e-03 
-4.124524871991171793e+00 -4.169374114491532501e-01 8.293702722152486440e-02 9.137541348061795077e+01 3.157590681143717867e-03 
-4.273276695918668544e+00 -4.031181097745450415e-01 8.675936712056714351e-02 9.130896538179779043e+01 2.360172843607591560e-03 
-4.140073223049204110e+00 -3.759849058274636335e-01 7.659523028555645374e-02 9.256830941466948559e+01 4.245063747902584790e-03 
-4.474756511028148864e+00 -4.353928977486139495e-01 6.206194696032223124e-02 9.080161460893917535e+01 3.923245927508697134e-03 
-4.212096007255948571e+00 -4.307126736814867463e-01 6.758648493373607680e-02 9.334753018555052506e+01 4.123424497311892721e-03 
-4.166225954140938548e+00 -4.155404923354482083e-01 7.648447659159432477e-02 9.580773607708354689e+01 3.256472802007088184e-03 
-4.353450083100096180e+00 -3.956489813298499914e-01 8.490248502610497905e-02 9.703285842336727285e+01 1.969491539339363398e-03 
-4.353450083100096180e+00 -3.956489813298499914e-01 8.490248502610497905e-02 9.703285842336727285e+01 1.969491539339363398e-03 
-4.407839165197432685e+00 -4.706442799492759899e-01 8.809562703999532229e-02 9.698414614787621701e+01 1.560063340215902747e-03 
-4.434026570916266508e+00 -4.325716230901348602e-01 9.076079804435660536e-02 9.646606970197966291e+01 1.491039933950726211e-03 
-4.434026570916266508e+00 -4.325716230901348602e-01 9.076079804435660536e-02 9.646606970197966291e+01 1.491039933950726211e-03 
-4.395545631214059945e+00 -4.684023276568591854e-01 9.970121752736921250e-02 9.007432220621556951e+01 1.278503082200109844e-03 
-4.250958334809694428e+00 -4.306979885431609367e-01 9.368127857098547395e-02 9.192916619719719051e+01 1.817025478933487377e-03 
-4.217837164930626770e+00 -3.822743485685799469e-01 9.294196415281490153e-02 9.681806283496894139e+01 2.172365629192116697e-03 
-4.225584018817769127e+00 -3.656668554558148432e-01 9.836121597241315184e-02 9.627153528716854680e+01 2.058321132309490729e-03 
-4.358394663943200520e+00 -3.481113263656474555e-01 9.291574858740382636e-02 9.001063191622894522e+01 2.210217626803573886e-03 
-4.126687995296443923e+00 -3.650377566368188109e-01 9.435962999221635117e-02 9.149033141048511197e+01 2.875703987924680717e-03 
-4.504714402442429488e+00 -2.915949192630248321e-01 1.012186466774824128e-01 9.167231613313830962e+01 1.672241340195860290e-03 
-4.512441321309534459e+00 -2.902884798909496356e-01 1.018413769517464151e-01 9.089969156410521123e+01 1.675081733565333617e-03 
-4.414194550726282529e+00 -2.863341806054744421e-01 1.178591860779976130e-01 9.647244266407867030e+01 1.600368795626127064e-03 
-4.414194550726282529e+00 -2.863341806054744421e-01 1.178591860779976130e-01 9.647244266407867030e+01 1.600368795626127064e-03 
-4.414194550726282529e+00 -2.863341806054744421e-01 1.178591860779976130e-01 9.647244266407867030e+01 1.600368795626127064e-03 
-4.436161217358879583e+00 -2.659015070620959209e-01 1.220685127863055663e-01 9.542942287205994489e+01 1.573811626010429739e-03 
-4.497988386252364634e+00 -2.720219898597663333e-01 1.151521253101776832e-01 9.274027288144361592e+01 1.457047005530126647e-03 
-4.384689883563181567e+00 -2.749490022705319281e-01 1.123656251177963111e-01 8.963183945799394792e+01 2.009785406353838209e-03 
-4.382249182363074702e+00 -2.720279766744659322e-01 1.140458915390089173e-01 9.132406816871213096e+01 1.902143542501527444e-03 
-4.323246341123414993e+00 -2.095516701574644258e-01 1.090249970447864508e-01 9.551725269011150488e+01 3.614513131925838930e-03 
-4.417093365331861143e+00 -2.048669761400442602e-01 1.186230566072856429e-01 9.997040261307505205e+01 2.246640587470282759e-03 
-4.197197938929797090e+00 -2.665938870310746167e-01 1.189830909427519456e-01 9.575257529850777871e+01 2.554185221955915068e-03 
-4.248610604280464997e+00 -2.624656655760522761e-01 1.195946393596215712e-01 9.905184913795712021e+01 2.311455675741605487e-03 
-4.098255705547403593e+00 -2.917162839450551659e-01 1.224340917706164128e-01 9.747288547224401611e+01 2.477264055403502821e-03 
-4.098255705547403593e+00 -2.917162839450551659e-01 1.224340917706164128e-01 9.747288547224401611e+01 2.477264055403502821e-03 
-3.958592254862952409e+00 -3.735624054414534156e-01 1.225777290282348553e-01 1.015558522800431405e+02 2.409188163523733224e-03 
-4.298307714292511683e+00 -4.162903401552590088e-01 1.153655437141580808e-01 1.050263496294515591e+02 2.968478599158152001e-03 
-4.222700683087426299e+00 -4.061854386506673076e-01 1.253925658143815736e-01 1.049758524231941692e+02 3.270746564606566952e-03 
-3.963048433523338687e+00 -3.735393913524649445e-01 1.217278877243679058e-01 1.112669414237172560e+02 3.477883692714031291e-03 
-4.012258610683642424e+00 -4.252993319309628650e-01 1.118132936179816184e-01 1.188480906918629927e+02 4.861973699042860392e-03 
-4.136792860282392681e+00 -4.147748152072039396e-01 1.013512949380635519e-01 1.197229919818757935e+02 4.525304808795763828e-03 
-4.166483184532182804e+00 -3.589045027815931932e-01 1.035208565171965162e-01 1.174492477753449577e+02 3.835558620953565673e-03 
-3.953766192010603309e+00 -3.938896592135182617e-01 1.053386089805946058e-01 1.181353812988318737e+02 4.126976956902068949e-03 
-3.845075910403640940e+00 -4.811490409791001621e-01 1.074546868046237225e-01 1.170584654710012273e+02 4.430044429306251308e-03 
-3.662623434693501601e+00 -4.249382928700498052e-01 1.057987734791206724e-01 1.170004823336366400e+02 3.767144300646839070e-03 
-3.662623434693501601e+00 -4.249382928700498052e-01 1.057987734791206724e-01 1.170004823336366400e+02 3.767144300646839070e-03 
-3.804309029707388046e+00 -4.525802179831096006e-01 1.125219787659571952e-01 1.176557962437846641e+02 4.373556428750325839e-03 
-3.734359294261363260e+00 -4.691069168478847473e-01 1.138062674725388995e-01 1.255727950962188686e+02 5.973543080621408416e-03 
-3.840247622604389122e+00 -4.546852804112387902e-01 1.126249284869657030e-01 1.184056533397135524e+02 4.659192393892917783e-03 
-4.278852967337506641e+00 -4.277331686222861085e-01 1.101780322045707861e-01 1.212803469578220472e+02 5.735373969861859433e-03 
-4.155405377543516465e+00 -5.050165300274609415e-01 1.163063247867220096e-01 1.179885678696172278e+02 5.977903322393304450e-03 
-4.242354634942573810e+00 -5.232361136900822718e-01 1.287052290275851607e-01 1.200411183352296121e+02 7.584612927255021154e-03 
-3.850225681764941399e+00 -5.075801943586668585e-01 1.412459545312396703e-01 1.218411373657207406e+02 7.462859452730829027e-03 
-3.762285729236999554e+00 -5.550630535870688664e-01 1.288929602211717484e-01 1.178934137854820818e+02 6.199298506980991698e-03 
-3.875847760973311296e+00 -5.296539919563860721e-01 1.238692014190237445e-01 1.200349677160682234e+02 6.467440506407537947e-03 
-3.701642541295577349e+00 -5.328117860834803432e-01 1.314855994678202356e-01 1.206857740635981031e+02 6.560137486479786749e-03 
-3.674283808739897683e+00 -5.618248452750016497e-01 1.342277352405758517e-01 1.210666802388186341e+02 6.956716543048548779e-03 
-3.690521794521059995e+00 -5.255622837357143418e-01 1.440266283427500127e-01 1.205914698772388221e+02 7.032831042462521151e-03 
-3.644683956154553872e+00 -5.317487273411212190e-01 1.465840443335104104e-01 1.225868062680325608e+02 7.358593553103942066e-03 
-3.893601497495055241e+00 -4.426229116326214075e-01 1.478066553295081242e-01 1.258040384387624897e+02 8.046975595684664403e-03 
-3.712179971377809640e+00 -4.823676811409419729e-01 1.481180065141552427e-01 1.236565661482198379e+02 7.435302822703357233e-03 
-3.722114964624585021e+00 -4.499031032325330193e-01 1.399649760097079476e-01 1.203593784772163104e+02 5.986579732557532549e-03 
-3.898850026836973459e+00 -4.589074756509272102e-01 1.478105541458495931e-01 1.208557520289398894e+02 7.241821977855828277e-03 
-3.926723788392356251e+00 -4.686895226043215623e-01 1.462153616440808046e-01 1.233476774398270948e+02 7.914455806812194238e-03 
-3.661868502014028248e+00 -4.871756882432292657e-01 1.481904395749897019e-01 1.275734746688883945e+02 7.999578065417612543e-03 
-3.833098012422481382e+00 -4.682152867265912954e-01 1.508428816061719857e-01 1.316669787341426456e+02 9.412335689726469487e-03 
-3.976299108239519597e+00 -4.252665186060288205e-01 1.547483435125782680e-01 1.335370115650247271e+02 1.000291631631388886e-02 
-3.828689700684267727e+00 -4.384940481441207405e-01 1.573036929256444172e-01 1.379675151130111885e+02 1.053407908538624149e-02 
-4.095279361411837904e+00 -4.263968985684272184e-01 1.481821458426763327e-01 1.336794265425113792e+02 1.026946800420573680e-02 
-4.017984455011221812e+00 -3.363848444668203208e-01 1.442995602682699274e-01 1.377853979340993362e+02 9.202345893168621324e-03 
-4.029367063339079458e+00 -2.502301568846387880e-01 1.374964321626709896e-01 1.362133614900800183e+02 6.863778595515459061e-03 
-4.064423187957192596e+00 -2.908895031714608947e-01 1.289688168601389739e-01 1.338118164718758294e+02 6.981172942383432473e-03 
-3.761173096384997638e+00 -2.623258219852686035e-01 1.370302753729110701e-01 1.344535707524252359e+02 5.614145578145515042e-03 
-3.761173096384997638e+00 -2.623258219852686035e-01 1.370302753729110701e-01 1.344535707524252359e+02 5.614145578145515042e-03 
-3.724910462807088152e+00 -2.925593448710374633e-01 1.261017705401128730e-01 1.347858148269640708e+02 5.819075548031439615e-03 
-3.648910576234348557e+00 -2.437948798720094845e-01 1.363446977513511349e-01 1.350266612546047895e+02 5.450393670547859851e-03 
-4.022039808036605102e+00 -2.302236332765804083e-01 1.410088776939812660e-01 1.353945382951002614e+02 6.446636618308606084e-03 
-4.126970895871614253e+00 -1.914930051629111507e-01 1.430395775853029461e-01 1.355492819786876169e+02 6.015732487657961952e-03 
-4.077563485532070153e+00 -2.498281842970221378e-01 1.394904375621926484e-01 1.349984736639289338e+02 6.901029695783824150e-03 
-4.162370989558190182e+00 -2.764137135486119945e-01 1.353910982152047582e-01 1.363245864225931143e+02 7.771115940294516175e-03 
-4.127315784474785865e+00 -2.126441131197884804e-01 1.444159743045086430e-01 1.349857980114962288e+02 6.325521605503862943e-03 
-4.102285250123784976e+00 -1.350105508945810828e-01 1.557773634606032243e-01 1.368876511538245779e+02 7.034229300071657975e-03 
-4.229666632767317580e+00 -1.615688408614873450e-01 1.536395007593481521e-01 1.381619163862829964e+02 6.156002790702334165e-03 
-4.229666632767317580e+00 -1.615688408614873450e-01 1.536395007593481521e-01 1.381619163862829964e+02 6.156002790702334165e-03 
-4.335729054879037037e+00 -7.512742704440207586e-02 1.551144192154736423e-01 1.395211770130209743e+02 8.153123085074737153e-03 
