-1.080215815769112186e+00 2.078224364368454289e-03 
-1.941942330101455338e+00 1.724222165189689916e-03 
-2.109025657574756352e+00 1.690872031490193647e-03 
-2.959784697397184861e+00 1.235379986986665998e-03 
-2.758913513686118257e+00 1.451454928960809561e-03 
-3.543048044335923574e+00 1.014035571027588865e-03 
-2.195183993017844948e+00 1.676572169482132627e-03 
-1.714804025388392272e+00 1.784842444430456872e-03 
-1.002013680453450517e+00 2.129291494985004543e-03 
-2.725903244114030066e+00 1.483330825957598475e-03 
-1.617437709368822807e+00 1.817643122794429869e-03 
-3.192711584383731704e+00 1.054601163352923482e-03 
-1.879561186043170240e+00 1.738716010086751272e-03 
-3.214688896986327205e+00 1.044005915753218891e-03 
-3.045179599204403953e+00 1.171319624994142470e-03 
-2.368750314027648685e+00 1.647343760266907920e-03 
-3.880009362539618589e+00 1.056458562028934813e-03 
-1.835798114094123301e+00 1.750066423175790191e-03 
-8.360097277970821583e-01 2.229539740855218753e-03 
-2.428548165419993410e+00 1.634650631469180410e-03 
-3.721765267814770795e+00 1.035994851294023489e-03 
-2.294630133615309653e+00 1.660559622311107847e-03 
-4.040240657706317684e+00 1.091101950199428391e-03 
-3.994943150315633851e+00 1.079374265528317564e-03 
-3.661296418374798023e+00 1.028218720370980329e-03 
-1.947704465381357553e+00 1.722941845522504845e-03 
-2.044377029544727442e+00 1.702831076440341172e-03 
-2.624067809116505945e+00 1.559077232763174262e-03 
-1.334731914809703879e+00 1.937498221578265673e-03 
-2.301403616133244956e+00 1.659455330088963109e-03 
-4.300605674815624724e+00 1.171181149869245574e-03 
-3.958547262442860593e+00 1.071762717656023775e-03 
-4.603411093873434723e+00 1.265876080155051413e-03 
-4.329092125981580885e+00 1.180668406975912774e-03 
