-4.494947853605770760e+00 1.461642740235629062e-03 
-4.165574919651324315e+00 1.357429168232100834e-03 
-3.726777806495957801e+00 1.092597977348882653e-03 
-4.065358642984278958e+00 1.302641213060502182e-03 
-2.908089530671371215e+00 1.254874602980501908e-03 
-3.315776277731990351e+00 1.029048232749445440e-03 
-3.173080271695263743e+00 1.076712292490613178e-03 
-4.369364009695720696e+00 1.435309854766178258e-03 
-2.768302702997475606e+00 1.427173715234743290e-03 
-5.064404326434733150e+00 1.496197629178467898e-03 
-3.834201163077373575e+00 1.155177348434729273e-03 
-3.973439447535446423e+00 1.245649193810012892e-03 
-4.396142168946076900e+00 1.442120674948134352e-03 
-4.465321064180380439e+00 1.456683299274703176e-03 
-4.333779634855630114e+00 1.425015880670016692e-03 
-4.302023069766742758e+00 1.414739958813361967e-03 
-3.432285855835053301e+00 1.017016966921355410e-03 
-5.252658790644248121e+00 1.499054448771684625e-03 
-2.713780034339089209e+00 1.487397940360129503e-03 
-2.656393837634532407e+00 1.539570128487151779e-03 
-4.584281677778397679e+00 1.473164132851424203e-03 
-3.631974904175320429e+00 1.050130072085283302e-03 
-2.422667894713435466e+00 1.650417469807641951e-03 
-4.021421690263417226e+00 1.275874356155408309e-03 
-4.754958716888466164e+00 1.485792413328825695e-03 
-2.227973818244489479e+00 1.684102647855754108e-03 
-3.089483866458231365e+00 1.121983854852935409e-03 
-3.293645102705164529e+00 1.033420583298861857e-03 
-4.046903418552192377e+00 1.291513540489235608e-03 
-2.294321111603710328e+00 1.674582639217582275e-03 
-3.679227191907891381e+00 1.069381567820430539e-03 
-2.346664053747884893e+00 1.666344385568428905e-03 
-3.428923659806455415e+00 1.017075223522974749e-03 
-2.656112280799090453e+00 1.540121107369968149e-03 
-1.707617198133031033e+00 1.787007678655710800e-03 
-1.814003832755168411e+00 1.756831243479864673e-03 
-4.931731797374805382e-01 2.601998940265790473e-03 
-2.953975922330996928e-01 2.520501554833508642e-03 
-1.218394474027826302e+00 2.014137259423184369e-03 
-1.879052933402626024e+00 1.740988013212632982e-03 
