-4.423170301815834704e-01 2.357728713060608730e-03 
-1.067885830858658736e+00 2.233750633471022658e-03 
-6.831480110706739106e-01 2.379848694261116858e-03 
-1.875111883892785825e+00 1.848661347866459737e-03 
-9.894387449390757983e-01 2.267600814244227422e-03 
-7.802845308980939087e-01 2.375843606809302337e-03 
-4.590742036459520836e-01 2.366213240445200899e-03 
-1.088575877138460601e+00 2.221174434214977147e-03 
-5.370822364672594995e-01 2.419676147350850216e-03 
-2.570288053223204194e+00 1.644926448913052461e-03 
-1.583771760732521017e+00 1.965567957704195991e-03 
-1.228059772739222399e+00 2.141181640222372326e-03 
-2.208775074200992172e+00 1.755707547826635198e-03 
-1.255390607525092905e+00 2.128655699179999184e-03 
-7.770688433642916060e-01 2.376934474667272753e-03 
-1.270979662219037465e+00 2.121403397635025171e-03 
-3.068868659041033564e-01 2.428154073945101854e-03 
-1.521746641840569403e+00 1.994589734597596899e-03 
-8.936115949592098318e-01 2.320293321931904927e-03 
-2.914420630671651136e+00 1.312905309788566172e-03 
-3.214185617420809216e+00 1.049896413476578529e-03 
-3.705701259812792525e-01 2.407749664075071669e-03 
-1.703295729275810522e-01 2.169235462773097881e-03 
-2.899820133409856115e+00 1.330584550163778790e-03 
-3.424603890400644168e+00 2.247480539200178914e-02 
-2.296370754095296896e+00 1.735236083807696486e-03 
-2.112459704315323705e+00 1.779115442637180765e-03 
-2.373008673093484067e+00 1.716293528169638913e-03 
-4.106129728816418911e+00 3.227900377735950510e-01 
-3.498699699966277166e+00 4.079364033945379053e-01 
-4.417777228144504242e+00 3.741021032689418879e-01 
-2.966176535743055176e+00 1.261204850591049996e-03 
-3.086813769872706725e+00 1.154117614934379969e-03 
-2.697404551089242819e+00 1.558187411394466610e-03 
-2.871499385392611625e+00 1.363853422062640637e-03 
-4.057423473549611970e+00 3.324931583779922595e-01 
-4.389927966302092699e+00 3.446309999410009373e-01 
-4.188093468220371207e+00 3.313005156234093418e-01 
-3.489298626966405248e+00 1.860278964646353284e-01 
-3.568183784214792098e+00 5.652430467532327807e-01 
-3.204104912238754377e+00 1.054009813759415387e-03 
-3.674171760898289563e+00 8.727259357668819273e-02 
-3.553480597157000265e+00 5.848879451463340207e-01 
-4.304769358831069148e+00 3.210074254064950727e-01 
-1.753520953796219750e+00 1.892656571264924193e-03 
-1.949501530083915579e+00 1.824693114695368715e-03 
-1.236596819582931328e+00 2.137053825597522508e-03 
-1.960877827684344155e+00 1.821112082022517415e-03 
-5.905165367822753364e-01 2.424681888165899479e-03 
-1.881523364197878578e+00 1.846090520580172603e-03 
-1.336829739503928582e+00 2.083940193908561354e-03 
-1.569060693857106781e+00 1.972439277486707533e-03 
-3.119829710750567919e+00 1.119581060048944251e-03 
-3.374398928669294140e+00 1.036673950435280066e-03 
-3.491446344380143785e+00 1.990218490834694542e-01 
-3.707363710766786280e+00 2.176595479795144783e-01 
-3.526023446744227741e+00 5.437669771233690774e-01 
-3.997734673393017690e+00 3.212078789041709070e-01 
-4.400186556011605354e+00 3.759930626562394407e-01 
-3.555116000589865433e+00 4.608656810753100630e-01 
-4.364902981994104536e+00 3.833053273820763440e-01 
-4.069143425419570193e+00 3.324288779162429819e-01 
-3.505701701573667783e+00 5.686283850575923893e-01 
