-3.660300704216563616e+00 -9.297278403096609356e-01 1.370071789050980593e-01 6.513034783763323787e+01 9.496823854018072346e-04 
-3.889351780581603357e+00 -8.629612801584930493e-01 1.359846456136863113e-01 7.527557639661945643e+01 1.087945151087351282e-03 
-3.876651526966197192e+00 -8.514925156303289056e-01 1.309224769860084792e-01 7.574220150465212953e+01 1.000952091134249501e-03 
-3.660300704216563616e+00 -9.297278403096609356e-01 1.370071789050980593e-01 6.513034783763323787e+01 9.496823854018072346e-04 
-3.594515600741176264e+00 -8.769732951190760684e-01 1.264146544938723471e-01 7.903317021817899501e+01 1.044111920837678372e-03 
-4.058343569578946486e+00 -8.730423816369521361e-01 1.259848410379651173e-01 7.315261744798766586e+01 8.865546432987236533e-04 
-3.943704604404725700e+00 -9.837961785640190193e-01 1.409704958429036648e-01 6.706183557055469180e+01 9.095981780237676713e-04 
-3.763704898565394252e+00 -8.901330696607416826e-01 1.271519450448680977e-01 7.772531658428091816e+01 1.058896659496891702e-03 
-4.058343569578946486e+00 -8.730423816369521361e-01 1.259848410379651173e-01 7.315261744798766586e+01 8.865546432987236533e-04 
-3.943704604404725700e+00 -9.837961785640190193e-01 1.409704958429036648e-01 6.706183557055469180e+01 9.095981780237676713e-04 
-3.781986352276571317e+00 -9.095117033923233452e-01 1.316917649959004899e-01 7.455004702453435073e+01 9.651641816429773696e-04 
-4.100819431326820919e+00 -9.256521696484676376e-01 1.294176472720280913e-01 7.215482639793228259e+01 9.192884542027145948e-04 
-3.718167448154784616e+00 -9.400866383322535880e-01 1.302663649497236287e-01 7.138226285450629405e+01 8.500300299143545135e-04 
-4.078032383858603893e+00 -1.016329218371703647e+00 1.490530122895240284e-01 6.889197311620307573e+01 1.221731612461463695e-03 
-3.684443925554938382e+00 -9.286366980040755559e-01 1.244141859581807674e-01 7.010823144611832447e+01 8.964756141880355928e-04 
-4.241233674781411445e+00 -9.332725795050211826e-01 1.161051366344768437e-01 7.238577171673748012e+01 8.671059582587244997e-04 
-3.942426660703367336e+00 -1.071170248156708915e+00 1.470208000124330616e-01 6.400616839540165870e+01 9.754122999075492528e-04 
-3.684443925554938382e+00 -9.286366980040755559e-01 1.244141859581807674e-01 7.010823144611832447e+01 8.964756141880355928e-04 
-3.994029922474504168e+00 -9.321702103033788767e-01 1.115434747773937640e-01 7.572903634852661980e+01 9.093935485569458379e-04 
-3.926666445773370206e+00 -1.040193211608099189e+00 1.459169956135902280e-01 6.013245288169797220e+01 1.085144741841187564e-03 
-4.227671426722986681e+00 -9.350348519905147260e-01 1.257109393608221160e-01 7.028857222026485374e+01 8.698118925735498583e-04 
-3.684810174305659825e+00 -9.866205355082898754e-01 1.514900479130384114e-01 5.847722460593050187e+01 1.189659785410389532e-03 
-3.994029922474504168e+00 -9.321702103033788767e-01 1.115434747773937640e-01 7.572903634852661980e+01 9.093935485569458379e-04 
-3.684810174305659825e+00 -9.866205355082898754e-01 1.514900479130384114e-01 5.847722460593050187e+01 1.189659785410389532e-03 
-4.356637857119447510e+00 -9.042435303229241494e-01 1.207563209931470927e-01 6.876494734321073565e+01 9.164043737895454346e-04 
-4.180364391349033149e+00 -9.700801990356953119e-01 1.118596083027370569e-01 7.627589493538242493e+01 9.016042560673564153e-04 
-3.668335983129396460e+00 -1.005378322678003089e+00 1.421590497036397116e-01 5.904179619443794991e+01 1.290649158128297181e-03 
-4.238939747119794710e+00 -9.136096857753339684e-01 1.211820488892314251e-01 6.637702346128278919e+01 1.046373779448894498e-03 
-3.668335983129396460e+00 -1.005378322678003089e+00 1.421590497036397116e-01 5.904179619443794991e+01 1.290649158128297181e-03 
-4.446984198260812704e+00 -9.536285223917707610e-01 1.060672139014319226e-01 7.544368423386376321e+01 8.822314147455410016e-04 
-4.238939747119794710e+00 -9.136096857753339684e-01 1.211820488892314251e-01 6.637702346128278919e+01 1.046373779448894498e-03 
-3.552760478440050385e+00 -9.655427594933164714e-01 1.468049970500258095e-01 5.797559132508614965e+01 1.423532611326991121e-03 
-4.189340651100318169e+00 -9.177025379351909651e-01 1.101633253852203204e-01 7.592690233467013172e+01 8.980140080265739105e-04 
-3.548208586659930663e+00 -9.731364556106417707e-01 1.386021207235196007e-01 6.073310960790387725e+01 1.287253205661900409e-03 
-4.238939747119794710e+00 -9.136096857753339684e-01 1.211820488892314251e-01 6.637702346128278919e+01 1.046373779448894498e-03 
-4.058339674704624755e+00 -9.060040108608293785e-01 1.095927271068015824e-01 7.486098146512640028e+01 9.360448198901917885e-04 
-3.602928424982510869e+00 -1.001158110617475838e+00 1.358973666904072508e-01 6.259947554137609416e+01 1.107015689049670876e-03 
-4.238939747119794710e+00 -9.136096857753339684e-01 1.211820488892314251e-01 6.637702346128278919e+01 1.046373779448894498e-03 
-3.473676999945324084e+00 -9.292598225634440823e-01 1.416207208862405031e-01 6.092933309122652474e+01 1.275658781841328268e-03 
-4.061286429530793107e+00 -8.522833026722725913e-01 1.133798200954542340e-01 7.296758079282298581e+01 9.553691720158971525e-04 
-4.030976407669137451e+00 -9.016361505080258132e-01 1.294499222998657939e-01 6.664579341590169292e+01 9.327748672079746312e-04 
-3.788734203550056190e+00 -8.685160764146951928e-01 1.356363631615677412e-01 6.266070000849117605e+01 1.195356449317027444e-03 
-3.914342576071257351e+00 -8.585799503752407080e-01 1.132005063752114932e-01 7.589835579054971504e+01 9.394836635766570191e-04 
-4.211359601210070025e+00 -9.616536291581800899e-01 1.183264226506941519e-01 7.010143686523996109e+01 8.849869035215793180e-04 
-3.805681094662991093e+00 -8.617701189007830331e-01 1.262096861080024002e-01 5.995341037493100345e+01 1.932794252107528695e-03 
-3.914342576071257351e+00 -8.585799503752407080e-01 1.132005063752114932e-01 7.589835579054971504e+01 9.394836635766570191e-04 
-3.880858142996443938e+00 -9.111452045094349250e-01 1.365054682154944188e-01 6.148610784726645306e+01 1.205149658539667653e-03 
-4.264010857675147648e+00 -9.357959861054244710e-01 1.143444327762542512e-01 7.444685318472360791e+01 8.734392745408288156e-04 
-4.062177857676505965e+00 -8.569958634643195516e-01 1.150525553874337803e-01 7.239993031563628278e+01 9.397266184634544888e-04 
-3.880858142996443938e+00 -9.111452045094349250e-01 1.365054682154944188e-01 6.148610784726645306e+01 1.205149658539667653e-03 
-4.264010857675147648e+00 -9.357959861054244710e-01 1.143444327762542512e-01 7.444685318472360791e+01 8.734392745408288156e-04 
-3.894952538475377590e+00 -8.289683803047006583e-01 1.237306224447357189e-01 7.816594758997614178e+01 1.020552747416820583e-03 
-3.925597495764157507e+00 -9.712746299529366745e-01 1.425104568387293158e-01 6.044063109020513025e+01 1.125316776759766220e-03 
-3.950670762988247375e+00 -9.377040282993783782e-01 1.126513444712051587e-01 7.808329982513255629e+01 9.584091098619679575e-04 
-4.019441842858148206e+00 -7.792731544958695356e-01 1.285944128719569979e-01 7.425692396087198688e+01 9.013674556029019000e-04 
-3.719170127461220776e+00 -1.000921906098722003e+00 1.431354454430655287e-01 6.133886514006130852e+01 1.052548143699741931e-03 
-3.853314338599118205e+00 -8.078283839868378724e-01 1.327806565579106035e-01 7.368177709545712162e+01 8.947471615094594426e-04 
-3.531975537116007757e+00 -9.059810634770217863e-01 1.498838080264686401e-01 5.842203415467842120e+01 1.396434178278715358e-03 
-3.950670762988247375e+00 -9.377040282993783782e-01 1.126513444712051587e-01 7.808329982513255629e+01 9.584091098619679575e-04 
-3.480844943591069995e+00 -9.346119714103725551e-01 1.552131880502103656e-01 6.202052279047393313e+01 1.018105677128073715e-03 
-3.805351435207511290e+00 -9.007895885582194451e-01 1.371187590840911852e-01 7.358065311613934512e+01 1.005879733915066845e-03 
-4.088065137756214718e+00 -8.619219776244646525e-01 1.139853547394383410e-01 8.033699942396178528e+01 1.069446767034134931e-03 
-3.370097142953570657e+00 -8.318455276497426221e-01 1.673568271477448299e-01 6.596198721534858578e+01 1.005234843094754632e-03 
-3.725844293994577061e+00 -8.720164845570286261e-01 1.401359639491114861e-01 6.740880855262591353e+01 8.619645794759342537e-04 
-3.860175772378928727e+00 -8.751360715018379199e-01 1.101204067334124737e-01 7.671009513229842014e+01 9.700656806852999987e-04 
-3.922285901829777544e+00 -7.750130868320336264e-01 1.654681695915830031e-01 6.551113408977060715e+01 1.031222210603662155e-03 
-3.680179116384207028e+00 -9.130206652915281440e-01 1.383997700963684185e-01 6.373429705705903814e+01 1.023640778199374438e-03 
-3.860175772378928727e+00 -8.751360715018379199e-01 1.101204067334124737e-01 7.671009513229842014e+01 9.700656806852999987e-04 
-3.502747022632500595e+00 -9.100097687115729084e-01 1.380663446644863623e-01 6.356069388771733486e+01 1.117283161646918021e-03 
-4.094247300666699729e+00 -7.379444652771504076e-01 1.654414940388820032e-01 6.485258927859240430e+01 1.092767469843165373e-03 
-3.502747022632500595e+00 -9.100097687115729084e-01 1.380663446644863623e-01 6.356069388771733486e+01 1.117283161646918021e-03 
-3.725398570771465856e+00 -8.861552772016854096e-01 1.121604278069887883e-01 7.406022002825069706e+01 1.015756745384932850e-03 
-4.094247300666699729e+00 -7.379444652771504076e-01 1.654414940388820032e-01 6.485258927859240430e+01 1.092767469843165373e-03 
-3.681823727869332430e+00 -9.241558237935163511e-01 1.311425958049042273e-01 6.023275730289075369e+01 1.591853498523183516e-03 
-3.734276348957156877e+00 -9.033867972595945872e-01 1.031804217960726189e-01 7.861900324621701941e+01 1.086539667494880197e-03 
-4.311228556668826428e+00 -7.147599258168463310e-01 1.553955996184978594e-01 6.257738527111294502e+01 1.125362715519609034e-03 
-3.681823727869332430e+00 -9.241558237935163511e-01 1.311425958049042273e-01 6.023275730289075369e+01 1.591853498523183516e-03 
-3.592912790061058903e+00 -8.577676317188536181e-01 1.146212935721690751e-01 7.953923517953526812e+01 9.736889309557188784e-04 
-3.080399684633674529e+00 -8.799087585379904430e-01 1.111873074350767654e-01 7.919338294999181471e+01 8.596471705779080855e-04 
-3.680272943507866490e+00 -9.452121276945760764e-01 1.285092921138676902e-01 6.760619812909062887e+01 9.260114859912717700e-04 
-4.115725525553716402e+00 -7.422432006783125091e-01 1.549597652727863206e-01 6.173834358975961578e+01 1.072653159996705139e-03 
-3.069371278591533692e+00 -9.058157503107870934e-01 1.123813929355325092e-01 7.667355678734881508e+01 8.675431368443476191e-04 
-3.757224649275703765e+00 -8.942477920721129125e-01 1.364040864629169625e-01 7.165590343424467790e+01 8.880299245976994334e-04 
-4.276153933567191423e+00 -7.730009902739128913e-01 1.570208541084073262e-01 6.401767611928580948e+01 1.113942836223464532e-03 
-3.069371278591533692e+00 -9.058157503107870934e-01 1.123813929355325092e-01 7.667355678734881508e+01 8.675431368443476191e-04 
-3.800832977338191032e+00 -9.362847408488971235e-01 1.386619645111363264e-01 7.267493524512731540e+01 1.016852485753856573e-03 
-3.374280626554085671e+00 -8.964324317256114893e-01 1.215049721992262632e-01 7.021462980466647252e+01 1.041048506696757399e-03 
-4.083285360976196543e+00 -8.218109919241470829e-01 1.638057702500309853e-01 6.465312418355506452e+01 1.141140734299075444e-03 
-3.800832977338191032e+00 -9.362847408488971235e-01 1.386619645111363264e-01 7.267493524512731540e+01 1.016852485753856573e-03 
-3.256274486686141501e+00 -9.359403046630082601e-01 1.226212854207321540e-01 7.356627111952502673e+01 8.590274707425634738e-04 
-4.170417612687092657e+00 -7.975857917874580316e-01 1.666290778353841651e-01 5.954327946778813896e+01 1.195985084014383228e-03 
-3.035904281370758628e+00 -9.048378775444361199e-01 1.208910150719973292e-01 6.879788187875379890e+01 1.098262159073251556e-03 
-3.718130401262401019e+00 -9.948136118705245279e-01 1.382411255324896560e-01 7.957167773550069967e+01 1.726256988112749840e-03 
-4.151097065952496834e+00 -7.822295618136800854e-01 1.798629475839212677e-01 5.452175328345278871e+01 1.467404257584125314e-03 
-3.152514220676140067e+00 -8.997686560707105485e-01 1.171111465004253810e-01 6.492781944102442537e+01 1.890803830805449105e-03 
-3.612297686992056001e+00 -1.029137566141831384e+00 1.424116932542893732e-01 7.776994651115366253e+01 1.649400779358444185e-03 
-2.903416580270066660e+00 -8.363701799981559937e-01 1.166741099249672398e-01 6.928119122483893477e+01 9.450034872250428954e-04 
-3.889735996353539171e+00 -7.162414597924624537e-01 1.657422435390860371e-01 5.406095022020905105e+01 1.767186824134743973e-03 
-3.604345699099924083e+00 -1.071196288583307066e+00 1.327934805286671016e-01 7.677537346421620157e+01 1.260122669652539171e-03 
-2.730541940774826148e+00 -8.616018669176614964e-01 1.195661586471030713e-01 7.178708306004094197e+01 9.519690974178769260e-04 
-3.829851030200339679e+00 -6.622878485439646079e-01 1.707277555412701764e-01 5.409460049445673491e+01 1.839584688787600317e-03 
-3.460930947752702380e+00 -1.037324948335998975e+00 1.382620368350089834e-01 7.465301424467314462e+01 1.159262697506276574e-03 
-2.457366692932224872e+00 -8.613840267468809708e-01 1.155201218620620918e-01 7.117901164678632142e+01 9.148885053417487928e-04 
-3.829851030200339679e+00 -6.622878485439646079e-01 1.707277555412701764e-01 5.409460049445673491e+01 1.839584688787600317e-03 
-3.460930947752702380e+00 -1.037324948335998975e+00 1.382620368350089834e-01 7.465301424467314462e+01 1.159262697506276574e-03 
-2.147594557796449699e+00 -8.852538821760175258e-01 1.113476929462659942e-01 7.591555124773788066e+01 1.143934614525716435e-03 
-3.650755149087001161e+00 -6.551906200476708131e-01 1.702514042984037690e-01 5.226450917848544009e+01 2.453981507292638496e-03 
-3.567165300710139153e+00 -9.916569041071469082e-01 1.421430400727730081e-01 7.391194515085602745e+01 1.156615466448668262e-03 
-2.147594557796449699e+00 -8.852538821760175258e-01 1.113476929462659942e-01 7.591555124773788066e+01 1.143934614525716435e-03 
-3.611042980107990630e+00 -7.250516538931283117e-01 1.690805558652133112e-01 4.919714898744049236e+01 2.907443562630945746e-03 
-2.147594557796449699e+00 -8.852538821760175258e-01 1.113476929462659942e-01 7.591555124773788066e+01 1.143934614525716435e-03 
-3.713211697821936053e+00 -9.892396753107530749e-01 1.502676268849923724e-01 7.195956809642845542e+01 1.284411060174361647e-03 
-3.377294638957138773e+00 -6.697531609264141261e-01 1.748003943844971264e-01 5.919426943455346901e+01 1.499269671024563294e-03 
-1.844726232879000616e+00 -8.723223628200744706e-01 1.082815397539977076e-01 7.731657131402407401e+01 1.232994443850671988e-03 
-3.713211697821936053e+00 -9.892396753107530749e-01 1.502676268849923724e-01 7.195956809642845542e+01 1.284411060174361647e-03 
-1.877407749257156588e+00 -8.299536024895893815e-01 1.036405296576798085e-01 7.690892228424084465e+01 1.088970941480124415e-03 
-3.243760092195236755e+00 -6.687698053228359196e-01 1.728498826390826304e-01 5.657401122203639687e+01 2.351930628551874083e-03 
-3.758339924844280144e+00 -1.010695497055147829e+00 1.398220845266079926e-01 7.363699855006811390e+01 1.182111026008603270e-03 
-1.971181893081531911e+00 -7.684366364454970899e-01 8.527588869882266054e-02 7.598168077993727820e+01 1.184397582440088574e-03 
-3.243760092195236755e+00 -6.687698053228359196e-01 1.728498826390826304e-01 5.657401122203639687e+01 2.351930628551874083e-03 
-2.150449815685753663e+00 -8.034610671964523831e-01 9.042682994628439830e-02 7.544153732080201280e+01 1.056570880823041189e-03 
-3.102894074551497461e+00 -6.563600491056740260e-01 1.750839202660383342e-01 5.846446544454337868e+01 2.353023032762855890e-03 
-3.960663640988880907e+00 -1.032108699952511977e+00 1.392282772467356433e-01 7.389163824277972026e+01 1.298902342545792512e-03 
-1.797919255793328341e+00 -8.389263513581051157e-01 9.657358457716615219e-02 7.662160361688769683e+01 9.875612731253952115e-04 
-3.179561070380605869e+00 -7.280936145762453293e-01 1.808138043010275864e-01 6.276351066869720796e+01 1.488261738607139263e-03 
-3.705126793471508417e+00 -1.111650199897364022e+00 1.523582037396402078e-01 7.588915113565370518e+01 2.036358574807602823e-03 
-1.945010260130574542e+00 -7.996698491453445579e-01 9.477862253434779505e-02 7.815149870809445076e+01 1.046160538721395590e-03 
-2.805259231668720155e+00 -7.612668048605877313e-01 1.785397827045761554e-01 5.943909951911915357e+01 1.709178248848651754e-03 
-3.502169588020191959e+00 -1.105321096439654704e+00 1.601860890447993624e-01 7.495363453017016298e+01 2.150887352146788056e-03 
-2.149540135243082073e+00 -7.642879829326598706e-01 9.161515901238068138e-02 7.888671091780553013e+01 1.081560539972164711e-03 
-2.924515868683144948e+00 -6.972391859134186021e-01 1.771421209632137450e-01 6.084811164188362653e+01 1.781372882739962540e-03 
-3.432165675720292963e+00 -1.164523171966322934e+00 1.638587872023620773e-01 7.926956995489642566e+01 3.122955463608398808e-03 
-2.245164651291864821e+00 -7.325480725789765835e-01 9.289467474098435373e-02 7.840970175337568548e+01 1.082695812904189980e-03 
-2.993365509999333263e+00 -7.255303214559239988e-01 1.778189949790032198e-01 5.964127063918189720e+01 1.885156614445709401e-03 
-2.165483240985358382e+00 -7.358709677320164344e-01 8.928591094401325257e-02 8.433388057967289342e+01 1.424527568339607232e-03 
-3.547426031947778391e+00 -1.126684349399666552e+00 1.632039419763416377e-01 7.494284111218028954e+01 2.341273963449541987e-03 
-3.002838646784355525e+00 -7.476930195644651000e-01 1.827739083125243247e-01 6.253740173048644380e+01 1.967065190494782755e-03 
-2.165483240985358382e+00 -7.358709677320164344e-01 8.928591094401325257e-02 8.433388057967289342e+01 1.424527568339607232e-03 
-2.574190656409239608e+00 -6.854091616151777311e-01 1.762745876328904171e-01 6.006727272511223958e+01 1.787282966522799575e-03 
-3.752089621892354732e+00 -1.147384988017130736e+00 1.418136877800763862e-01 7.618701470684862898e+01 1.701291251529573820e-03 
-2.234848851391721514e+00 -7.319202933084160145e-01 7.995283690843146829e-02 8.047800480904659537e+01 1.348033096913349525e-03 
-2.814363140842211397e+00 -6.477857252140568622e-01 1.812015738387420249e-01 5.890088852817307696e+01 1.717831196312222079e-03 
-3.722121233647198935e+00 -1.160711376155997732e+00 1.431519573353703112e-01 8.060587251091031646e+01 2.409146870448489360e-03 
-2.534798727145907371e+00 -7.915346762761334976e-01 7.572878908420153932e-02 7.527459257680722260e+01 2.064317796550866908e-03 
-2.970459957638399651e+00 -6.993641575208435768e-01 1.772303300198817266e-01 5.771868042402260102e+01 1.945380075494665233e-03 
-2.534798727145907371e+00 -7.915346762761334976e-01 7.572878908420153932e-02 7.527459257680722260e+01 2.064317796550866908e-03 
-3.888179672808305565e+00 -1.070648510130656650e+00 1.360152547355407138e-01 7.879830854899208248e+01 1.754173837956584476e-03 
-2.974239795572711564e+00 -7.386773973741360688e-01 1.768675773925597328e-01 5.979984844267361410e+01 1.824524550268812398e-03 
-2.429246308176590929e+00 -7.852941652275731155e-01 8.154828569193305066e-02 8.134766987388168502e+01 1.334233694750183372e-03 
-2.802110413632994845e+00 -6.941038405002818434e-01 1.767275717262770940e-01 5.741871545908605157e+01 1.551821950047961845e-03 
-3.590791517464284155e+00 -1.104465566495694828e+00 1.333559682741572161e-01 7.531914625228981208e+01 1.178288494142707213e-03 
-2.740632180936849238e+00 -8.293007679115963482e-01 9.215337414012524098e-02 8.117329743597782965e+01 1.121850229370720091e-03 
-2.676260735577928873e+00 -6.641077086069269164e-01 1.782432587032571625e-01 5.524493226671315682e+01 1.447420972151869031e-03 
-3.489366533358058131e+00 -1.099647107363151521e+00 1.147169094843550341e-01 7.402734451532622018e+01 8.588330876307200988e-04 
-2.606089105751370649e+00 -8.294779128978170268e-01 1.012638398750267121e-01 7.923657471561578802e+01 1.163207652250121838e-03 
-2.775963885678753851e+00 -6.340913007331561158e-01 1.709533356163207563e-01 5.503078789213649458e+01 1.412701926302186144e-03 
-3.675558097277022984e+00 -1.071679718766456402e+00 1.186197025815098754e-01 7.457304668704577466e+01 8.796966544964916323e-04 
-2.637060479832971538e+00 -8.608409913221022336e-01 8.951149535779388822e-02 7.983157311413219759e+01 1.141317005256731881e-03 
-2.923900060734369255e+00 -6.282802099126126860e-01 1.739035288052570849e-01 5.757387357509544756e+01 1.856868393537344439e-03 
-2.576923830088118983e+00 -8.624005673353604129e-01 9.898893612165357569e-02 8.208420891967722355e+01 1.346218479238973746e-03 
-3.675558097277022984e+00 -1.071679718766456402e+00 1.186197025815098754e-01 7.457304668704577466e+01 8.796966544964916323e-04 
-2.919406501647414220e+00 -6.421281341643759744e-01 1.779102668796613829e-01 4.767408418740703979e+01 3.048050131360480718e-03 
-2.256196000947739755e+00 -8.568889972348833206e-01 9.405235157581348648e-02 8.215248808573494443e+01 1.256307758921910468e-03 
-2.919406501647414220e+00 -6.421281341643759744e-01 1.779102668796613829e-01 4.767408418740703979e+01 3.048050131360480718e-03 
-3.887480462309272689e+00 -1.037134832660417727e+00 1.165650667869177065e-01 7.644331892527296191e+01 9.393465486195230491e-04 
-2.256196000947739755e+00 -8.568889972348833206e-01 9.405235157581348648e-02 8.215248808573494443e+01 1.256307758921910468e-03 
-2.919406501647414220e+00 -6.421281341643759744e-01 1.779102668796613829e-01 4.767408418740703979e+01 3.048050131360480718e-03 
-2.290688384746194295e+00 -8.789642690534281710e-01 1.087024822668987284e-01 7.942578088158484206e+01 1.397427887658894870e-03 
-2.896041864231144736e+00 -6.916039784477229224e-01 1.815053567804302825e-01 4.193765879265377805e+01 3.899342341025523878e-03 
-4.085034573108162093e+00 -9.658502232582255598e-01 1.259462857316840378e-01 7.042994212245638153e+01 8.598889369954888524e-04 
-1.991681745163778494e+00 -8.998838871894477842e-01 1.100299872895131592e-01 8.171837403056615301e+01 1.775694240080200482e-03 
-2.843606534813620357e+00 -6.649663494767943384e-01 1.763648464338643251e-01 4.229920990980183149e+01 3.483835763932973534e-03 
-4.179561973925136620e+00 -9.316261808161655500e-01 1.277663954657416723e-01 6.867520933075458345e+01 8.760219436160232576e-04 
-2.424530306885203323e+00 -8.753875569955256175e-01 1.082600871352387834e-01 7.787648301066735712e+01 1.218916883419758363e-03 
-2.884009625200649296e+00 -6.544507538549700909e-01 1.759547862966983067e-01 4.553797951870138405e+01 3.136073896289737380e-03 
-2.446610660702187356e+00 -8.685737490235815317e-01 1.046429300328087092e-01 7.522976718683906938e+01 9.674789503186700251e-04 
-2.818974785727817789e+00 -6.373489211077946193e-01 1.768519630584079183e-01 4.717701869432171691e+01 2.287567540758752779e-03 
-4.173325112150263472e+00 -8.845054070627980103e-01 1.311222464146243882e-01 6.731574129391405847e+01 9.036864238372660724e-04 
-2.099303225775289050e+00 -8.640370768415374103e-01 9.846157607708824755e-02 6.842079072641104176e+01 1.109274142179412712e-03 
-2.998460661596811683e+00 -6.289294773003535344e-01 1.847266161850623090e-01 5.118462701721549024e+01 3.157948521433649562e-03 
-2.181540469481202837e+00 -8.385497151854313103e-01 9.549953550273429514e-02 7.145964154967566628e+01 1.038847688895607954e-03 
-2.726537991414342166e+00 -6.940980544160820775e-01 1.735693007670749133e-01 5.640870574377999702e+01 1.408387885189792653e-03 
-4.672487996860761328e+00 -8.235236551109074155e-01 1.342639812066758476e-01 7.098175287196009720e+01 1.087880698229538911e-03 
-2.210213170455820553e+00 -8.615730986538852054e-01 1.009992830598695629e-01 7.806652437111566201e+01 1.076023942556075027e-03 
-2.726537991414342166e+00 -6.940980544160820775e-01 1.735693007670749133e-01 5.640870574377999702e+01 1.408387885189792653e-03 
-2.210213170455820553e+00 -8.615730986538852054e-01 1.009992830598695629e-01 7.806652437111566201e+01 1.076023942556075027e-03 
-2.726537991414342166e+00 -6.940980544160820775e-01 1.735693007670749133e-01 5.640870574377999702e+01 1.408387885189792653e-03 
-4.470798982400678412e+00 -8.922192741909713565e-01 1.401435156221507439e-01 7.439880707035652563e+01 1.510712532650849635e-03 
-2.340210502515967406e+00 -9.402527578984959389e-01 9.462964241548872668e-02 8.072539384188168299e+01 1.135726321347404512e-03 
-2.369068249885814659e+00 -6.931561509521606546e-01 1.791707238854672313e-01 5.357543081027489507e+01 1.531788690203545432e-03 
-2.212535207592491115e+00 -8.651369468030086773e-01 9.856015994725705887e-02 7.854793691832479396e+01 1.069515892314447207e-03 
-2.324770427207999646e+00 -6.510589574886262998e-01 1.702779465869770636e-01 4.870316245464227478e+01 1.499333584861175378e-03 
-4.913624750558637899e+00 -8.513035134071337273e-01 1.412880653433151446e-01 7.612682697883762728e+01 1.936301745495006953e-03 
-2.332834976990963760e+00 -6.799778842528847456e-01 1.695322942925309162e-01 4.829539759222265616e+01 1.557966933725085136e-03 
-2.144559085653055419e+00 -8.637014878203012058e-01 1.043904922456320855e-01 7.653411080670856848e+01 1.034986262513642010e-03 
-2.520429596962028729e+00 -6.704822232586907793e-01 1.739117190400807644e-01 4.828270905888983577e+01 1.507591822560000981e-03 
-2.047053460007547177e+00 -9.401296198436824847e-01 1.149989619199015406e-01 7.275601379853381445e+01 9.917573413061018823e-04 
-4.734148223266012145e+00 -8.637102483704476308e-01 1.331316647752065208e-01 7.753407535616952373e+01 1.661523390261019067e-03 
-2.418762551148462947e+00 -8.008609966066791985e-01 1.828704891460037063e-01 5.738132411530033750e+01 1.868965835104214723e-03 
-1.860920981630402204e+00 -8.609108304953752011e-01 1.145359187200400003e-01 7.463788813061809435e+01 1.182590521990650213e-03 
-2.418762551148462947e+00 -8.008609966066791985e-01 1.828704891460037063e-01 5.738132411530033750e+01 1.868965835104214723e-03 
-1.980031736936502806e+00 -8.002923884966379742e-01 1.177928207501486718e-01 7.560511396274546314e+01 1.412513167820990834e-03 
-4.620555533459685726e+00 -8.772997651282431475e-01 1.298704721002319207e-01 7.346485743330310925e+01 1.124296916239520558e-03 
-2.468638399899350855e+00 -7.760910528650382112e-01 1.849596950434886922e-01 5.837502211948732622e+01 2.005555038699698405e-03 
-1.980031736936502806e+00 -8.002923884966379742e-01 1.177928207501486718e-01 7.560511396274546314e+01 1.412513167820990834e-03 
-2.655768991049623384e+00 -6.888604859829071669e-01 1.872620135811516873e-01 6.096228445867484425e+01 2.226343178614514223e-03 
-2.217276721224862968e+00 -8.277885130890799692e-01 1.234902209476090446e-01 7.544360912488035353e+01 1.562676686973503946e-03 
-4.375665053587626474e+00 -8.444625692552084617e-01 1.340017998212839623e-01 7.324948199063631193e+01 1.116185871816070515e-03 
-2.655768991049623384e+00 -6.888604859829071669e-01 1.872620135811516873e-01 6.096228445867484425e+01 2.226343178614514223e-03 
-2.203943000808586739e+00 -8.502667592173247524e-01 1.288170500058006818e-01 6.773855070535267942e+01 1.015608604888759616e-03 
-4.375665053587626474e+00 -8.444625692552084617e-01 1.340017998212839623e-01 7.324948199063631193e+01 1.116185871816070515e-03 
-1.778341938305689096e+00 -8.272893680162205499e-01 1.365946784040878992e-01 6.435251270983154370e+01 1.086946636165574522e-03 
-2.816396047615948639e+00 -6.873462789123840899e-01 1.942871695398532272e-01 5.653555167303748874e+01 1.963265415600957790e-03 
-1.676692829432534282e+00 -7.958618083646217256e-01 1.389730657745486819e-01 5.969509797328398548e+01 1.017195328283994858e-03 
-2.915389061614233945e+00 -6.776109691028224802e-01 1.971812738747443228e-01 5.704781495618405529e+01 2.172679894202948075e-03 
-4.491057370377394165e+00 -8.746802264379992531e-01 1.367328550909632789e-01 7.034780369501486064e+01 1.081052614792562660e-03 
-1.374318065297937874e+00 -7.744768141711272369e-01 1.362772563800031256e-01 5.769576832006725198e+01 1.004854511011819135e-03 
-2.875555151947848831e+00 -6.996671223298158715e-01 1.840525098884421840e-01 6.033237245025009798e+01 1.912147638312374203e-03 
-1.609622190484794046e+00 -7.339806057106320614e-01 1.346781801023759773e-01 5.705241047943553667e+01 1.039432734509219795e-03 
-2.982993761874880079e+00 -7.011689598919356170e-01 1.887416936808181123e-01 6.133905544789801212e+01 2.107545881780775732e-03 
-4.383067898501584736e+00 -8.131575566504716246e-01 1.425891940504218081e-01 6.881032769576057717e+01 1.067438856953283055e-03 
-1.575564197066987582e+00 -7.624945226124354436e-01 1.384631887203061074e-01 5.667829175580712331e+01 1.063137946943340170e-03 
-2.580593312929183814e+00 -7.404168632168611763e-01 1.827557313695563346e-01 6.219242875802108017e+01 2.289512622430198152e-03 
-1.606910617062964342e+00 -8.067105583899085719e-01 1.449727222650977754e-01 5.628445203692157861e+01 1.122521200396211800e-03 
-4.359342694567028609e+00 -7.791924257878277693e-01 1.480131872359415901e-01 6.744718428744459970e+01 1.094214871854886717e-03 
-2.389369885405556282e+00 -6.900400013021814605e-01 1.875860420015327545e-01 6.276435786073843559e+01 2.762064190876412171e-03 
-1.606910617062964342e+00 -8.067105583899085719e-01 1.449727222650977754e-01 5.628445203692157861e+01 1.122521200396211800e-03 
-2.389369885405556282e+00 -6.900400013021814605e-01 1.875860420015327545e-01 6.276435786073843559e+01 2.762064190876412171e-03 
-4.499382447367144877e+00 -8.008428505113301954e-01 1.463745562836960279e-01 6.924470406113479726e+01 1.232091631320137706e-03 
-1.674707137564138693e+00 -9.027173037710861658e-01 1.460171798621913986e-01 5.658535840537810202e+01 1.146587158416941584e-03 
-2.366115973514819615e+00 -6.949205043204179644e-01 1.956427796482366199e-01 6.269463584891571628e+01 3.136475883591748927e-03 
-1.741652739543556816e+00 -9.123911063234571017e-01 1.465315916461074341e-01 5.825520660172047371e+01 1.121509953327905033e-03 
-2.353299791556532572e+00 -6.772363760785331532e-01 1.957182120546330784e-01 5.744158518611158115e+01 2.395461048932985473e-03 
-4.140294385053399751e+00 -7.303099213820035684e-01 1.422861921569344990e-01 6.959170468512186858e+01 9.262137393284569122e-04 
-1.741652739543556816e+00 -9.123911063234571017e-01 1.465315916461074341e-01 5.825520660172047371e+01 1.121509953327905033e-03 
-2.350654715256236482e+00 -7.222412835870775094e-01 1.992287474903291777e-01 6.078848186099364170e+01 3.000239625764001845e-03 
-1.550677429554351283e+00 -9.423081685298952959e-01 1.555596190869953377e-01 5.470908633353383976e+01 1.286383409156864957e-03 
-4.262807140304243347e+00 -7.096745818157195185e-01 1.295024444102804151e-01 7.113232537969440727e+01 9.044811576498424559e-04 
-2.350654715256236482e+00 -7.222412835870775094e-01 1.992287474903291777e-01 6.078848186099364170e+01 3.000239625764001845e-03 
-1.667176762157293046e+00 -9.132366742533331028e-01 1.472265846365276021e-01 5.000664495484529937e+01 1.731167841798626067e-03 
-2.078782886979972933e+00 -6.994901846483717600e-01 1.935918822716902188e-01 5.303883982314525980e+01 2.054204867022153304e-03 
-1.710618759995175431e+00 -8.797084886230414069e-01 1.427651657581172628e-01 4.768370376845939518e+01 2.250310259549420742e-03 
-4.377168770416668409e+00 -6.944932931458955849e-01 1.404712332406719000e-01 6.695372152084917161e+01 1.002028655244945402e-03 
-2.121869354911977368e+00 -7.458632803947348178e-01 1.918637606833054066e-01 4.586536359899527326e+01 1.947943289014846500e-03 
-1.424105103018411755e+00 -8.566198370992849087e-01 1.382290973414849466e-01 5.024483456048731966e+01 1.760561659460945817e-03 
-1.753286271537899843e+00 -7.851625744507622073e-01 1.954199172862313427e-01 4.848983173761362053e+01 2.010773063461374598e-03 
-4.426783542541702587e+00 -6.371678056487639630e-01 1.382096011388403711e-01 6.541422762343621855e+01 1.120783936852759628e-03 
-1.317730578109486572e+00 -8.274825047372846853e-01 1.337060693535840894e-01 5.314836507044668679e+01 1.370523807061234476e-03 
-1.585648629743624305e+00 -8.005470989532763593e-01 2.059823021262680298e-01 5.326052198659252213e+01 2.662165253967935415e-03 
-1.518084149871613109e+00 -8.087347352637701547e-01 1.431460808203603996e-01 5.107741581160210842e+01 1.515408827589126341e-03 
-4.510628827484627124e+00 -5.959636167538633345e-01 1.255972387808033386e-01 6.915327774319038667e+01 1.085004326621173774e-03 
-1.688918493004229138e+00 -7.343321803141624748e-01 1.984637547992101070e-01 5.445539786254690995e+01 2.504669947455912937e-03 
-1.567493502118892490e+00 -8.228336724365485910e-01 1.465351190457703789e-01 5.848043030287058031e+01 1.127053017551117066e-03 
-1.455194760457207526e+00 -7.536176541744511459e-01 1.994287766999092992e-01 5.405464281499443757e+01 2.595144427561508951e-03 
-1.669744966019612198e+00 -8.306181643319304753e-01 1.409756906643475360e-01 5.843311334727316364e+01 1.050509394802182951e-03 
-4.429907004318797803e+00 -5.611877457526729396e-01 1.259505411998350921e-01 6.839359553532683833e+01 1.241042137499634218e-03 
-1.455194760457207526e+00 -7.536176541744511459e-01 1.994287766999092992e-01 5.405464281499443757e+01 2.595144427561508951e-03 
-1.669744966019612198e+00 -8.306181643319304753e-01 1.409756906643475360e-01 5.843311334727316364e+01 1.050509394802182951e-03 
-1.223303347016468479e+00 -7.340544852346364557e-01 1.934444025485742014e-01 5.743141141640128211e+01 2.965645409932477546e-03 
-1.508288646290334212e+00 -7.724063101250357999e-01 1.388673808210018623e-01 6.033515352297224155e+01 1.035101646926255697e-03 
-4.525104117390795544e+00 -5.602788291987346181e-01 1.331612288879770734e-01 6.185634232001079624e+01 1.738467314513289595e-03 
-1.443937070517229193e+00 -7.980100401209176963e-01 1.996399459194001802e-01 5.312764789103520258e+01 2.468193233131706250e-03 
-1.508288646290334212e+00 -7.724063101250357999e-01 1.388673808210018623e-01 6.033515352297224155e+01 1.035101646926255697e-03 
-1.423673480586063578e+00 -8.390527487281180807e-01 1.974909417151249347e-01 5.573654344848772269e+01 2.639843810659646406e-03 
-1.718605363109609208e+00 -8.144878964630520857e-01 1.427481194675641329e-01 5.918702533496438889e+01 1.065217980276244106e-03 
-4.525104117390795544e+00 -5.602788291987346181e-01 1.331612288879770734e-01 6.185634232001079624e+01 1.738467314513289595e-03 
-1.684632538670578494e+00 -7.630856095274732853e-01 1.985051383957210647e-01 5.798526701813971584e+01 2.919386056231244430e-03 
-1.572763713186854373e+00 -7.732088794532603337e-01 1.457112671450471464e-01 6.341022082041121166e+01 1.378351597257747264e-03 
-1.708448255003736760e+00 -8.451415287388696074e-01 1.960159439411154336e-01 5.624198885260138070e+01 2.519247459661618730e-03 
-1.842118744533415287e+00 -7.948187205602521566e-01 1.489673735015694389e-01 6.037475586740966094e+01 1.205444932987675358e-03 
-4.525104117390795544e+00 -5.602788291987346181e-01 1.331612288879770734e-01 6.185634232001079624e+01 1.738467314513289595e-03 
-1.748172064587485197e+00 -8.780367199618538399e-01 1.859233751901894771e-01 5.951844854958482500e+01 2.450267709155698036e-03 
-2.185062519121749425e+00 -8.587243215330468971e-01 1.505974902025128404e-01 6.012264045515479438e+01 1.174988513229179715e-03 
-4.220825329509626300e+00 -5.768220150217040487e-01 1.356435610400385794e-01 5.871019941072616177e+01 2.331133866987824838e-03 
-1.508143905944639762e+00 -8.699347013531906203e-01 1.792039724668686995e-01 6.200025264483589638e+01 2.578610334245016924e-03 
-2.496491586663647233e+00 -8.035046145713724552e-01 1.511330087553013624e-01 6.043756305944143037e+01 1.124064539060599249e-03 
-1.607536881439402876e+00 -8.692144724163188840e-01 1.877420056955684813e-01 6.098761627602027602e+01 2.788177087389329036e-03 
-2.596863281091231102e+00 -7.779588560321608615e-01 1.544073744425529526e-01 6.226993996307530921e+01 1.266574076594307414e-03 
-4.234403122547514720e+00 -5.835552432681638813e-01 1.331003072621590178e-01 6.344002872832906093e+01 1.624986754682417826e-03 
-1.549420080544174239e+00 -8.660153885901652471e-01 1.920877146406286262e-01 5.441918986998557983e+01 2.227000899233654366e-03 
-2.596863281091231102e+00 -7.779588560321608615e-01 1.544073744425529526e-01 6.226993996307530921e+01 1.266574076594307414e-03 
-1.549420080544174239e+00 -8.660153885901652471e-01 1.920877146406286262e-01 5.441918986998557983e+01 2.227000899233654366e-03 
-4.234403122547514720e+00 -5.835552432681638813e-01 1.331003072621590178e-01 6.344002872832906093e+01 1.624986754682417826e-03 
-2.846360668459460896e+00 -7.121525180466788951e-01 1.517741265294886288e-01 6.187434410694071829e+01 1.204969465222320048e-03 
-1.683269082887075108e+00 -8.975083407843604810e-01 1.843537471996573307e-01 5.875157099596415122e+01 2.303089891453501212e-03 
-2.836240729419853501e+00 -7.025979317649563294e-01 1.470141103213694900e-01 6.005516267672025776e+01 1.195984256216056380e-03 
-3.931551332337728244e+00 -5.266466415788136901e-01 1.400784469178073532e-01 6.699367816948071663e+01 1.591331201984767102e-03 
-1.763540324889407263e+00 -9.102414399271957501e-01 1.881338777083322866e-01 6.175952201935573527e+01 2.821559201200525818e-03 
-2.836240729419853501e+00 -7.025979317649563294e-01 1.470141103213694900e-01 6.005516267672025776e+01 1.195984256216056380e-03 
-2.145432411491334346e+00 -9.289403613552237315e-01 1.959800284065565112e-01 6.378520418592732710e+01 3.353384326880218692e-03 
-4.023050809586625753e+00 -5.567815837918791422e-01 1.379941562735645111e-01 6.899247183995274213e+01 1.188737373766260604e-03 
-2.793264441105734353e+00 -7.247654486766362814e-01 1.502218864108889607e-01 5.445219739916606727e+01 1.469822243093402148e-03 
-2.263719091633595859e+00 -9.620166161725022258e-01 1.918821300365185778e-01 6.194389221869190720e+01 2.829740551192731074e-03 
-2.794968874710471063e+00 -7.785801204555654609e-01 1.579098685241747679e-01 4.840403868447496194e+01 2.184866438717213317e-03 
-4.050078859637932460e+00 -5.807882603051228720e-01 1.359521846051866822e-01 7.464305491131338499e+01 9.450413605986639730e-04 
-2.676725395016823938e+00 -9.062878767160574833e-01 1.944186811590838670e-01 6.271025854790606502e+01 2.806845221996223574e-03 
-2.794968874710471063e+00 -7.785801204555654609e-01 1.579098685241747679e-01 4.840403868447496194e+01 2.184866438717213317e-03 
-2.569373004264235760e+00 -8.957270348083744560e-01 2.007387196093642912e-01 6.231014388963408379e+01 3.111379002940311243e-03 
-3.859425018847980837e+00 -6.010593907569562466e-01 1.353459528935646583e-01 7.396320495519768201e+01 9.891559730854822263e-04 
-2.715812298757197318e+00 -7.354754514153581946e-01 1.541747852414935560e-01 5.143872604379428992e+01 1.558697381039557926e-03 
-2.668240178215945946e+00 -8.367591047573221807e-01 2.081607294668674779e-01 5.991499986170295244e+01 2.968866283114162882e-03 
-2.593894940027350771e+00 -7.060630097465979693e-01 1.549437991153461702e-01 5.442896437249478936e+01 1.162201929415800691e-03 
-3.859425018847980837e+00 -6.010593907569562466e-01 1.353459528935646583e-01 7.396320495519768201e+01 9.891559730854822263e-04 
-2.497395035235523864e+00 -8.630933377691863972e-01 2.233659464945577100e-01 5.849176570859285818e+01 3.554943199509452006e-03 
-2.417919749921411121e+00 -7.722160142162965979e-01 1.609108308006995114e-01 5.365703059770127226e+01 1.254092948105576741e-03 
-3.424325017747190447e+00 -6.626999797463681841e-01 1.284593651859150809e-01 7.304287539389906669e+01 1.217986637926850128e-03 
-2.715650433385766505e+00 -8.257340873129225267e-01 2.248147708454708849e-01 5.668133431726883487e+01 3.137314277870942390e-03 
-2.526674849031564030e+00 -7.249802412218255832e-01 1.606309602892133648e-01 5.561189418136606832e+01 1.176338143640716372e-03 
-3.529499735337709776e+00 -6.875515223829851141e-01 1.275708726375802959e-01 7.558732309972376129e+01 9.876811737257386748e-04 
-2.304324934865854768e+00 -7.774438799294515201e-01 2.176096219651342811e-01 5.343671796923890582e+01 2.794141588755469710e-03 
-2.265340698446878243e+00 -7.513192882271034767e-01 1.649069042787350559e-01 5.903453101678694281e+01 1.483787399280418057e-03 
-3.546967144837062769e+00 -6.576767321141051559e-01 1.347317322513882920e-01 7.283836501098618044e+01 1.038193965384522511e-03 
-2.462847381053827167e+00 -8.075355926861389477e-01 2.191435294133189104e-01 5.255234664132994737e+01 2.633638282745202029e-03 
-2.230368005144401256e+00 -7.075655481334972574e-01 1.616786736251377421e-01 6.296829626559535598e+01 1.749656082052392482e-03 
-2.349395941193545223e+00 -9.132143628810441838e-01 2.098097360853269921e-01 4.861600184503814859e+01 2.207776699994648886e-03 
-3.582546084732781466e+00 -6.571934803855243867e-01 1.335133051333798060e-01 7.266259424751849849e+01 1.073513738681962718e-03 
-2.248942269556222229e+00 -7.328225081852460798e-01 1.497492346712765432e-01 6.645563497400621600e+01 1.641435391856164170e-03 
-2.175960275976641434e+00 -9.273705310131120649e-01 2.098133137382132973e-01 5.373906529206173133e+01 2.610172221256990173e-03 
-2.318873177577151168e+00 -7.001087526939168137e-01 1.598976821256409553e-01 6.466018716884735795e+01 1.839836626295248811e-03 
-3.700236336236908397e+00 -6.111238725211134426e-01 1.409270546793722489e-01 7.514698552871372783e+01 9.560107362140187609e-04 
-2.420864820168444176e+00 -8.705694334397391376e-01 2.155707952907608693e-01 5.550633974463388398e+01 2.887044279290033877e-03 
-2.160660513888037038e+00 -6.961535145385242540e-01 1.543300411219141743e-01 6.847993129510402355e+01 2.179010460182278456e-03 
-4.040101886280139887e+00 -6.092467693021583752e-01 1.423755238402746592e-01 7.348367633175037383e+01 9.194160947347236948e-04 
-2.396476552728493914e+00 -8.357193331991941143e-01 2.189344500816118588e-01 5.253121588434471079e+01 2.686438271565495112e-03 
-2.510794922856158351e+00 -7.541045224117417511e-01 1.657165565799092466e-01 7.121002740500954076e+01 2.965120165576195458e-03 
-2.320775085063570220e+00 -7.822447116604300810e-01 2.146497983883759730e-01 5.253896291819203412e+01 2.581985531201366063e-03 
-2.783452213175962697e+00 -7.721135613189151758e-01 1.785404901154422630e-01 7.109674270926835504e+01 3.171999419434899138e-03 
-3.821936676222837725e+00 -6.008944780614646763e-01 1.362380588213648325e-01 7.898641282398645558e+01 1.004149603633970253e-03 
-2.212914836365281079e+00 -7.928668703705157306e-01 2.190791507311499187e-01 5.074173267404004406e+01 2.640273788267036986e-03 
-2.844516129453989350e+00 -7.608854168632024351e-01 1.826179033263374829e-01 7.264341401873321047e+01 3.445340829405828600e-03 
-3.821936676222837725e+00 -6.008944780614646763e-01 1.362380588213648325e-01 7.898641282398645558e+01 1.004149603633970253e-03 
-1.989525768699191621e+00 -7.475835503236251123e-01 2.173440393409239169e-01 5.085970093788464652e+01 2.707248336641879943e-03 
-2.855534028806381297e+00 -7.932206256231000285e-01 1.797240515794884530e-01 6.679745626768215061e+01 2.448979266913868177e-03 
-3.865903702400435904e+00 -5.365041687335629916e-01 1.321720463046398286e-01 7.903833804000581154e+01 1.112362256581311305e-03 
-2.970971011168775711e+00 -7.881373936583458972e-01 1.757911165742522264e-01 6.028345759983756125e+01 1.764455966629658971e-03 
-3.094866708504499186e+00 -7.765727990257865754e-01 1.889004516226784336e-01 6.118953870890712921e+01 1.884782773600772628e-03 
-4.114615049016431492e+00 -5.069783668746172811e-01 1.365196669620061809e-01 7.894764945326213024e+01 1.052931065023990972e-03 
-3.256617010130351542e+00 -7.645760127905034675e-01 1.848930504918085693e-01 6.048494649260950240e+01 1.366155187394673537e-03 
-4.181961330780652020e+00 -5.033585001125667757e-01 1.332826649747777814e-01 7.810652911535338205e+01 1.025429782032486088e-03 
-3.417737700873134887e+00 -7.315637928437149773e-01 1.803177814753131047e-01 5.824607773455498716e+01 1.291148563246815283e-03 
-3.931529675771253451e+00 -4.364328708454066619e-01 1.348259926862819258e-01 8.147107356553813418e+01 1.396727183399520782e-03 
-3.349176598677240158e+00 -7.061486954217097711e-01 1.928861169783013807e-01 5.517762080004433756e+01 1.667198051359538528e-03 
-3.349176598677240158e+00 -7.061486954217097711e-01 1.928861169783013807e-01 5.517762080004433756e+01 1.667198051359538528e-03 
-4.209239626380839816e+00 -4.089694737846318318e-01 1.362993490294181764e-01 8.164017396851501474e+01 1.189094127489978125e-03 
-3.335796732437357637e+00 -6.909375164651431200e-01 2.045871290071524518e-01 5.537921963450911989e+01 1.614880514704670773e-03 
-4.209239626380839816e+00 -4.089694737846318318e-01 1.362993490294181764e-01 8.164017396851501474e+01 1.189094127489978125e-03 
-3.395234273905616718e+00 -7.381686499884435593e-01 2.103118608803566658e-01 5.420817821950191018e+01 1.506899460050007550e-03 
-3.418141069915073604e+00 -6.436073491863698592e-01 2.043933356924295119e-01 5.242758661156704392e+01 1.928562771227101697e-03 
-4.218970443316204744e+00 -4.306108993853299260e-01 1.341025500615810606e-01 8.306943068951837006e+01 1.200553660651303232e-03 
-3.418141069915073604e+00 -6.436073491863698592e-01 2.043933356924295119e-01 5.242758661156704392e+01 1.928562771227101697e-03 
-3.402817357768135320e+00 -6.254580668271378929e-01 2.065255164041388813e-01 5.627704123705226635e+01 1.500182667206218737e-03 
-4.185146336575074955e+00 -4.702078133466117693e-01 1.279862216416308707e-01 8.899609849768008019e+01 1.534598529850703975e-03 
-3.324129047797687253e+00 -5.628917876859080849e-01 2.142782776598373962e-01 5.406945920851599396e+01 2.328860057752665802e-03 
-4.385445032608665805e+00 -4.461885905684336295e-01 1.319738209716475041e-01 8.370978367539071030e+01 1.268737574212443035e-03 
-3.298378344347238311e+00 -6.021781641785033390e-01 2.122903603065146583e-01 5.060753854694422671e+01 2.842476007120653923e-03 
-3.218790758746348679e+00 -6.080408482818093763e-01 2.053503680806214038e-01 5.670862130475667584e+01 2.227117154805600442e-03 
-4.270266885829627768e+00 -3.909707133122144462e-01 1.346141257927741253e-01 8.584496071706439579e+01 1.320864903757811796e-03 
-3.233465519124717691e+00 -5.934407570116051467e-01 2.139307225336584406e-01 5.290152424641053841e+01 2.770278595200880919e-03 
-3.278087889148090905e+00 -6.245291230717839870e-01 2.211141322411125931e-01 5.980548726346540889e+01 1.578845325555080885e-03 
-4.278462349594272851e+00 -3.559036676722978076e-01 1.436854032157457162e-01 7.902460771288524199e+01 1.271311301451156801e-03 
-3.379856381351775685e+00 -6.077046025322057066e-01 2.284690287369569583e-01 6.299360773800612634e+01 1.291592238783968987e-03 
-4.096399581158315151e+00 -3.676812182777799420e-01 1.500128779497512110e-01 8.015664118077350508e+01 1.310748996240950447e-03 
-3.416415956996155412e+00 -6.066924289030307671e-01 2.299497037654868181e-01 6.596776353893686462e+01 1.389978167380176606e-03 
-3.208188362815682204e+00 -6.052943725118098417e-01 2.305254499703729421e-01 6.673842187342562227e+01 1.994052136723205304e-03 
-4.393263672376988005e+00 -3.633940297663106889e-01 1.605669312706945462e-01 7.921890740308957390e+01 1.410098159498795285e-03 
-3.622614496518903771e+00 -5.562129437914173913e-01 2.225835138347892206e-01 6.935527855046883872e+01 1.242478246624066857e-03 
-4.313429136456965018e+00 -3.633965611944336982e-01 1.670994470892198103e-01 7.940511759997497165e+01 1.415227733818876562e-03 
-3.601195340881751861e+00 -5.412946593209928547e-01 2.204022011489077948e-01 7.373291347002506768e+01 1.458190453491785190e-03 
-3.361962738888109037e+00 -5.283159208678371854e-01 2.190600125691398725e-01 7.179140139823991262e+01 1.182650417333502109e-03 
-4.337845056217621398e+00 -3.459970744511475793e-01 1.617440968442989679e-01 7.623186983659687144e+01 1.266200389727139544e-03 
-3.298663699750987721e+00 -5.533471643935636841e-01 2.060704759393137409e-01 7.427582058579410784e+01 1.280336992544802181e-03 
-4.372164015051664521e+00 -3.577578469723705634e-01 1.540569647533411579e-01 7.157417754130665344e+01 1.364840813787405061e-03 
-3.228466154116626630e+00 -5.255649098088011062e-01 2.090716858591039340e-01 7.363805799633398408e+01 1.449678483608863710e-03 
-3.443314491022946289e+00 -5.189449330906974467e-01 2.102791130131672070e-01 7.201145251706807926e+01 1.031126190770692477e-03 
-4.445941843909134050e+00 -3.658259956719098205e-01 1.571123478930208373e-01 7.521786180599184490e+01 1.269682346344267561e-03 
-3.489571825443449793e+00 -5.496663134077649504e-01 2.036040255437107094e-01 7.578813276588495285e+01 1.312085953701423117e-03 
-3.681161485634422803e+00 -5.979059032998562673e-01 1.921362987156489954e-01 7.831312366472016606e+01 1.852446209581144320e-03 
-4.852273296114764101e+00 -3.413578312893854050e-01 1.601729244842215460e-01 7.394812525792946190e+01 1.687723801324215664e-03 
-3.616881571503918646e+00 -5.967831745427082391e-01 1.881787220411485773e-01 7.423430308376646281e+01 1.197623129031248883e-03 
-3.601031095415874184e+00 -5.920640480979397768e-01 1.786856397068736502e-01 7.638303296199377712e+01 1.154432313041163461e-03 
-4.780976336930333304e+00 -3.731784481520684094e-01 1.698945762625644340e-01 7.208890032482136689e+01 1.867475898792097990e-03 
-3.601031095415874184e+00 -5.920640480979397768e-01 1.786856397068736502e-01 7.638303296199377712e+01 1.154432313041163461e-03 
-4.811602681912546586e+00 -4.093866890661965185e-01 1.777621575476705795e-01 6.567726735779694991e+01 1.891243623089451480e-03 
-3.876408229385521320e+00 -5.762876004426564780e-01 1.747405004554979380e-01 7.843186307360687692e+01 1.635440971767198551e-03 
-3.938051727226417498e+00 -5.361262337988254023e-01 1.693297445898112319e-01 7.830343042075494964e+01 1.391537339052709935e-03 
-4.721597936407969875e+00 -5.218998006949988611e-01 1.795120626883358328e-01 6.269417160638228381e+01 1.820275441271838619e-03 
-3.792652640474386772e+00 -5.212783092088649761e-01 1.635337334623839511e-01 8.216414563701988527e+01 1.364931804419731130e-03 
-4.814975120436517209e+00 -4.650898062169902536e-01 1.786313256765859336e-01 6.216356293465541683e+01 1.856553308901393549e-03 
-3.792652640474386772e+00 -5.212783092088649761e-01 1.635337334623839511e-01 8.216414563701988527e+01 1.364931804419731130e-03 
-3.977410587871565095e+00 -4.572443196161735113e-01 1.511198348280152481e-01 7.907537496978481784e+01 1.084757181410983453e-03 
-4.824485826308921865e+00 -4.766605052521667441e-01 1.733160217552337234e-01 6.337798285880742810e+01 1.752803186149460256e-03 
-4.001581455871125570e+00 -5.071836314216543462e-01 1.663174405798942823e-01 7.695138826820591760e+01 1.182547737201409665e-03 
-4.643795679321039316e+00 -4.010893140774187682e-01 1.621621301509017787e-01 6.155989947311427102e+01 1.821966137406209191e-03 
-3.858203777301357995e+00 -4.458800542830386737e-01 1.698171354666237476e-01 7.729522856642262241e+01 1.032677580285621278e-03 
-4.643795679321039316e+00 -4.010893140774187682e-01 1.621621301509017787e-01 6.155989947311427102e+01 1.821966137406209191e-03 
-4.035864006080386091e+00 -4.743936343618160301e-01 1.802124497364670508e-01 7.879761389609130617e+01 1.564566172482314329e-03 
-4.638333425111579089e+00 -4.296236058945412939e-01 1.642402664697162062e-01 5.830582881039588727e+01 2.047175511147732684e-03 
-4.035864006080386091e+00 -4.743936343618160301e-01 1.802124497364670508e-01 7.879761389609130617e+01 1.564566172482314329e-03 
-3.907961884074226511e+00 -3.947306113039373288e-01 1.819298599392092652e-01 7.900905763032585583e+01 1.152921900625299926e-03 
-4.664724281310869358e+00 -4.449069956613980192e-01 1.672917760760535000e-01 5.758803289217848231e+01 2.032011350461968707e-03 
-3.889214466188406494e+00 -4.520754598403586288e-01 1.861384112594344498e-01 7.694043028482153090e+01 1.164554710414167100e-03 
-3.918761794499183271e+00 -4.732762761090358872e-01 1.876682204696704381e-01 7.440698671598532599e+01 1.130241225930643263e-03 
-5.059875958553254449e+00 -4.057372217618371857e-01 1.564857800150802614e-01 5.363016159377660586e+01 2.654188773038810081e-03 
-3.683294579652548695e+00 -4.922167934513468901e-01 1.859157288932077323e-01 7.574720617714045545e+01 9.917417792260055289e-04 
-3.718843735669107975e+00 -5.555962865557962926e-01 1.908392130938075526e-01 7.895665054818361739e+01 1.711955775206705933e-03 
-4.931932829283025121e+00 -4.067745663979158155e-01 1.545679559725386953e-01 5.072757147382932885e+01 3.555625304810058895e-03 
-3.864373784132853373e+00 -5.167473804824125327e-01 1.847513833301135389e-01 7.755798766171355396e+01 1.451472407969277810e-03 
-3.592123204059480379e+00 -5.896369925358542208e-01 1.893890876188169814e-01 7.544556127563298276e+01 1.264629944244505689e-03 
-5.160391582591335791e+00 -4.291168789237131964e-01 1.585006521517707823e-01 5.706319340719073097e+01 1.905189609226662882e-03 
-3.679259739960494713e+00 -6.117946432432089798e-01 1.905655736227445940e-01 7.045065159464037663e+01 1.095673065882764004e-03 
-3.679259739960494713e+00 -6.117946432432089798e-01 1.905655736227445940e-01 7.045065159464037663e+01 1.095673065882764004e-03 
-3.670153794787951007e+00 -6.146036949899601476e-01 1.823047250003896058e-01 7.207904988958306092e+01 1.066803845641060931e-03 
-5.160391582591335791e+00 -4.291168789237131964e-01 1.585006521517707823e-01 5.706319340719073097e+01 1.905189609226662882e-03 
-3.803268808657035205e+00 -6.634882108338733264e-01 1.820248882911026655e-01 6.990567338799367292e+01 1.244771524226635177e-03 
-4.010574999723178102e+00 -7.178566201667451185e-01 1.808951117238650763e-01 7.286183788579482723e+01 2.034815911691388764e-03 
-5.213359776603498474e+00 -4.844568806079498913e-01 1.561861143202663005e-01 5.515797042457582933e+01 1.961173556562939915e-03 
-4.010574999723178102e+00 -7.178566201667451185e-01 1.808951117238650763e-01 7.286183788579482723e+01 2.034815911691388764e-03 
-4.281672696098687503e+00 -6.448344579192738513e-01 1.802192121915151268e-01 7.582626306519426862e+01 2.682051079181006336e-03 
-5.512978805012838102e+00 -4.993195959098419845e-01 1.632114606640768240e-01 5.530136122901050300e+01 1.723705269074885492e-03 
-4.202251464938743908e+00 -6.203603770832544217e-01 1.778548411316269728e-01 7.438875427525839257e+01 2.093586999558981303e-03 
-4.202251464938743908e+00 -6.203603770832544217e-01 1.778548411316269728e-01 7.438875427525839257e+01 2.093586999558981303e-03 
-5.335879077892977662e+00 -5.193333375536103302e-01 1.645003650743952495e-01 4.976358753251248146e+01 2.491726542080355093e-03 
-4.128571501415855494e+00 -5.914326200579814730e-01 1.799422422861412518e-01 7.406909666195576847e+01 1.857890669292273575e-03 
-4.085160065022988896e+00 -6.527453471885540370e-01 1.705064817107383723e-01 7.012638462160741426e+01 1.312037831172610611e-03 
-5.230475015818157658e+00 -4.802097769716553999e-01 1.591016973949227475e-01 5.475137899428252553e+01 1.983202314181396059e-03 
-4.310085831374650844e+00 -6.245363830735595201e-01 1.644131156561023654e-01 6.598532817127897943e+01 1.194460685613011729e-03 
-4.303183245237577559e+00 -6.108140632032944550e-01 1.581439425712688196e-01 6.565810367185325447e+01 1.097641108055069561e-03 
-5.111610738295898848e+00 -5.162055842568907815e-01 1.559841104775485932e-01 5.954246661458120116e+01 1.543244354527137721e-03 
-4.451333288242125263e+00 -5.755587223485365556e-01 1.575594707687828777e-01 6.993742563120731859e+01 1.306648250821618781e-03 
-5.111610738295898848e+00 -5.162055842568907815e-01 1.559841104775485932e-01 5.954246661458120116e+01 1.543244354527137721e-03 
-4.311423028845759120e+00 -5.084377808542981381e-01 1.519646640350831579e-01 6.625599735210168717e+01 1.163774701194075041e-03 
-4.586883978846709731e+00 -5.759702082221832553e-01 1.453548088332778931e-01 6.716048575138758281e+01 1.144382274307984525e-03 
-5.472912983132657061e+00 -4.182719732968218085e-01 1.628083961003955471e-01 6.389762665826309984e+01 1.605747362172393888e-03 
-4.503594101115713677e+00 -5.869931752377774981e-01 1.492646590772440662e-01 7.437932385261903789e+01 1.440743988086141091e-03 
-4.503594101115713677e+00 -5.869931752377774981e-01 1.492646590772440662e-01 7.437932385261903789e+01 1.440743988086141091e-03 
-3.955408066461478356e+00 -4.902597939667296956e-01 1.580709366706376517e-01 7.357341986168609083e+01 9.637766911397556251e-04 
-5.727392791233024028e+00 -3.573376410639571565e-01 1.645025822317344733e-01 6.088253887903250927e+01 1.599868190055793102e-03 
-4.112347646294063352e+00 -4.838025380456041913e-01 1.605667989566787468e-01 7.750744657148752026e+01 1.217250032846997274e-03 
-3.919538831746500751e+00 -4.692842960424599141e-01 1.666281071866780317e-01 7.496454444984540544e+01 9.892076939942303325e-04 
-3.919538831746500751e+00 -4.692842960424599141e-01 1.666281071866780317e-01 7.496454444984540544e+01 9.892076939942303325e-04 
-3.710344115338260806e+00 -4.266475993913949050e-01 1.565792974400311011e-01 8.095120992902741364e+01 1.329316704955656441e-03 
-3.792659035870555417e+00 -4.061150867922559415e-01 1.778313894463256772e-01 7.823705816863557061e+01 1.096498121100890170e-03 
-6.037954330692762994e+00 -4.173920549266222357e-01 1.726545270175787739e-01 6.014258451413990514e+01 1.752348664787210450e-03 
-3.826193112392282991e+00 -4.181254048719481586e-01 1.727943890215382916e-01 7.678399868163731412e+01 1.066282158199916268e-03 
-3.662375780054270002e+00 -4.422944631319246089e-01 1.776617319576594689e-01 7.617417877816794203e+01 1.049813937928728742e-03 
-3.434642760275687046e+00 -4.657332933769419148e-01 1.752061644788087680e-01 7.511034384289774835e+01 1.073782542733046994e-03 
-3.338037548854203784e+00 -4.221741326502239100e-01 1.786375985022465307e-01 7.733609716950836344e+01 1.404984930435843569e-03 
-3.338037548854203784e+00 -4.221741326502239100e-01 1.786375985022465307e-01 7.733609716950836344e+01 1.404984930435843569e-03 
-6.037614804466278073e+00 -3.799071423326860764e-01 1.755619664702949001e-01 5.972190251330551547e+01 1.821082445914351360e-03 
-3.523901316711043119e+00 -4.553695616302244620e-01 1.683440314937116322e-01 7.508866861842578544e+01 1.162818566347837042e-03 
-3.790668333690672132e+00 -4.356455805068127907e-01 1.618155416829351045e-01 7.570177184070686849e+01 1.161836102498474844e-03 
-3.973768268725563324e+00 -3.615330069262385204e-01 1.585334921938138797e-01 7.695640763440835030e+01 1.493066408016922690e-03 
-3.881335737233811312e+00 -4.168863259261742504e-01 1.570457665151939741e-01 7.987552901541475592e+01 1.198398905711992209e-03 
-3.975818100022200596e+00 -4.087691117157584708e-01 1.540437957305303418e-01 7.366063017849053551e+01 1.345963101842923351e-03 
-6.091839684385575104e+00 -4.259149587884762944e-01 1.695921740056446081e-01 6.394249093743628976e+01 1.888803806946895252e-03 
-3.904435803323434317e+00 -4.048405298591170598e-01 1.545839339860483885e-01 7.261095177961161085e+01 1.610650220584267361e-03 
-3.553702686772640895e+00 -4.485984011837694796e-01 1.504125121632602646e-01 7.677740955716157600e+01 1.574043643452410941e-03 
-3.553702686772640895e+00 -4.485984011837694796e-01 1.504125121632602646e-01 7.677740955716157600e+01 1.574043643452410941e-03 
-3.347031747023341719e+00 -4.717912939796277128e-01 1.495284637336153910e-01 8.265520681017574134e+01 1.190799247681696097e-03 
-3.347031747023341719e+00 -4.717912939796277128e-01 1.495284637336153910e-01 8.265520681017574134e+01 1.190799247681696097e-03 
-5.914370123292559178e+00 -4.172399587500879581e-01 1.654332058411034645e-01 6.156555243039083791e+01 1.601224893332766318e-03 
-3.375212862571614902e+00 -4.845734826422399832e-01 1.434020507133180189e-01 7.759002397398739959e+01 1.562510298917795274e-03 
-3.467280686407502088e+00 -4.877497805411146192e-01 1.358198580427243396e-01 7.633379316133073189e+01 1.796140863282610217e-03 
-3.717642739513367101e+00 -4.851252288699706150e-01 1.334722457175964716e-01 7.949443188179827757e+01 1.480278398014485755e-03 
-3.936915679043272664e+00 -4.887222085917231618e-01 1.464904577511494943e-01 8.029528581816097699e+01 1.113393934120617077e-03 
-4.113131625562890470e+00 -5.197010320188524268e-01 1.549367000512137660e-01 7.792628077281031551e+01 1.235765746899043479e-03 
-5.914370123292559178e+00 -4.172399587500879581e-01 1.654332058411034645e-01 6.156555243039083791e+01 1.601224893332766318e-03 
-4.325767374575636204e+00 -5.829427825163429056e-01 1.587784683668257979e-01 7.970462654175975103e+01 2.135571310429231970e-03 
-4.250923764438737429e+00 -6.329894177155748203e-01 1.531085373702141816e-01 7.464338514463034358e+01 1.378826991228841942e-03 
-4.365870784365952773e+00 -6.113760696078780477e-01 1.508749176633754074e-01 7.952278965614821971e+01 1.945854888926251951e-03 
-5.771643698305506831e+00 -3.922282424174062254e-01 1.570250410678945552e-01 5.435489455392941238e+01 1.870878220719142046e-03 
-4.212516686243179542e+00 -6.582258931985889294e-01 1.641457318301633717e-01 7.868617170036166897e+01 2.306669973104198256e-03 
-4.467676764844781268e+00 -5.829564650806916548e-01 1.741968152359427424e-01 7.793851709982813247e+01 2.872832564813994696e-03 
-4.487331125800102960e+00 -5.669088485459871096e-01 1.684129004464033630e-01 8.004921506148265564e+01 2.891754105674182364e-03 
-5.724736054206249314e+00 -3.793399368954981643e-01 1.593463235996276650e-01 5.611928445892812789e+01 1.728967456923973141e-03 
-4.619599170646410791e+00 -5.536226160844897048e-01 1.696949624005807677e-01 7.642070594879857026e+01 2.604918058404541957e-03 
-4.619599170646410791e+00 -5.536226160844897048e-01 1.696949624005807677e-01 7.642070594879857026e+01 2.604918058404541957e-03 
-4.413924100900370462e+00 -5.415483745774937185e-01 1.828424777705815185e-01 8.103929216166778815e+01 3.493324292193338010e-03 
-5.774071939481136617e+00 -3.479420208792380897e-01 1.532625164503942650e-01 5.395632387254440232e+01 2.077029669272963640e-03 
-4.399646905343836956e+00 -5.246396728094034900e-01 1.893132595285260400e-01 7.558013585036053428e+01 2.784060046122046814e-03 
-4.141134363055513745e+00 -4.885608284792866129e-01 1.808919736944114565e-01 7.448787078461334943e+01 1.477200428698049843e-03 
-3.679768170314089648e+00 -6.055579307545561063e-01 1.878653187273681691e-01 7.282995691811788674e+01 1.198762802480644570e-03 
-5.821960378654572388e+00 -3.853526484168554589e-01 1.493675519894507031e-01 5.723855966652408256e+01 1.592606928305179137e-03 
-3.702527111444022356e+00 -6.272635373482817744e-01 1.928031832634987397e-01 7.639446264739072490e+01 1.865787580914573217e-03 
-3.725739477129482502e+00 -7.175090807801508541e-01 1.916261874376359864e-01 7.951888519122086052e+01 2.937345426850132991e-03 
-3.615370723903613470e+00 -6.977224620175607184e-01 1.955825064809346425e-01 8.231489204064627074e+01 3.172656938705492070e-03 
-3.684630526373291914e+00 -7.008040572209121022e-01 1.989837507564026220e-01 8.069185949893052623e+01 3.206106771366218095e-03 
-3.572151758960993906e+00 -6.963306795407959715e-01 2.098745495047020238e-01 7.838901977500724172e+01 2.992588182886423039e-03 
-3.399529289084156414e+00 -7.180714331149994356e-01 2.148423203872437404e-01 8.024297101151888967e+01 3.464082987225237595e-03 
-3.363351175909718105e+00 -8.006230593153722541e-01 2.177803002036214353e-01 7.554213042818165036e+01 3.369393468026015553e-03 
-6.164631848752028631e+00 -3.424355883185422056e-01 1.485818411926974336e-01 5.390072331748714873e+01 1.910219656476624256e-03 
-3.360728218473318929e+00 -8.298574716057488532e-01 2.142609467892441222e-01 7.321677308943674234e+01 3.052286064591328788e-03 
-3.360728218473318929e+00 -8.298574716057488532e-01 2.142609467892441222e-01 7.321677308943674234e+01 3.052286064591328788e-03 
-3.360728218473318929e+00 -8.298574716057488532e-01 2.142609467892441222e-01 7.321677308943674234e+01 3.052286064591328788e-03 
-3.192437176426487611e+00 -8.316210768985491386e-01 2.157188676497082125e-01 6.589110430604343094e+01 2.485626277720818025e-03 
-3.192437176426487611e+00 -8.316210768985491386e-01 2.157188676497082125e-01 6.589110430604343094e+01 2.485626277720818025e-03 
-3.192437176426487611e+00 -8.316210768985491386e-01 2.157188676497082125e-01 6.589110430604343094e+01 2.485626277720818025e-03 
-3.199109212034833227e+00 -8.268243476804181258e-01 2.039868330851864475e-01 6.721387491686668625e+01 2.181752012284098562e-03 
-3.384110705346112802e+00 -7.402116337402088186e-01 1.999970533187435118e-01 6.502098269747368420e+01 1.314912461707729886e-03 
-6.176603609951558660e+00 -3.069113048924354548e-01 1.451519962232542260e-01 5.071823483649078668e+01 2.671243453600424811e-03 
-3.612412060920171086e+00 -7.613177091798056795e-01 2.026825694803273958e-01 6.460095488873739100e+01 1.443624103897994714e-03 
-3.612412060920171086e+00 -7.613177091798056795e-01 2.026825694803273958e-01 6.460095488873739100e+01 1.443624103897994714e-03 
-3.684512514081752066e+00 -7.291044026203147288e-01 1.982132016144020070e-01 6.690809792076831286e+01 1.449690218937116273e-03 
-3.763495350190975142e+00 -7.800327432646603221e-01 1.927576172299579060e-01 6.131809950294357492e+01 1.229830038080302699e-03 
-3.727135431414085875e+00 -7.678853904247080475e-01 1.996655777968657508e-01 6.960244099455528044e+01 2.022447998932868848e-03 
-3.727135431414085875e+00 -7.678853904247080475e-01 1.996655777968657508e-01 6.960244099455528044e+01 2.022447998932868848e-03 
-3.572411821353054240e+00 -8.255489269169072886e-01 1.888810219811381530e-01 7.190628965304276221e+01 2.034306973869244410e-03 
-3.302942154397680241e+00 -8.484057803253673979e-01 1.892040958498764636e-01 7.445295350051371486e+01 2.364203547126014250e-03 
-6.348922340498278416e+00 -2.628881642449379941e-01 1.509575376998215646e-01 4.859652248989514334e+01 2.955576468366601268e-03 
-3.416679368016694696e+00 -8.797845656188117980e-01 1.773871014254794209e-01 7.612178430556622288e+01 2.325466677811343068e-03 
-3.538469514731815035e+00 -9.296752935571834797e-01 1.829578990445663300e-01 7.117517892658138123e+01 2.111400484451321329e-03 
-3.668462381681528051e+00 -9.622731343417844085e-01 1.846817171202595476e-01 6.882190294976442146e+01 2.037478274067526171e-03 
-3.904942527558644461e+00 -1.050270997128734063e+00 1.716059137134675061e-01 6.518748836343907271e+01 1.562224554013155525e-03 
-3.904942527558644461e+00 -1.050270997128734063e+00 1.716059137134675061e-01 6.518748836343907271e+01 1.562224554013155525e-03 
-3.888095475089707431e+00 -1.065707246802910735e+00 1.692686570672704283e-01 6.876561031210403030e+01 1.861280323565009734e-03 
-3.793056707429250718e+00 -1.057159525264002697e+00 1.714533290221058326e-01 6.024342090961244622e+01 1.239592244644837239e-03 
-3.655610073985486874e+00 -1.117980758752283421e+00 1.689724852919129439e-01 6.656739065925934540e+01 1.553290254869916327e-03 
-3.785358485064634682e+00 -1.139974677122254532e+00 1.741936449386834451e-01 5.612140591811244406e+01 1.329628815932722228e-03 
-6.541720244321502342e+00 -2.479752164000838532e-01 1.495217224988290572e-01 4.185523791908611457e+01 4.846337080006469372e-03 
-3.785358485064634682e+00 -1.139974677122254532e+00 1.741936449386834451e-01 5.612140591811244406e+01 1.329628815932722228e-03 
-3.785358485064634682e+00 -1.139974677122254532e+00 1.741936449386834451e-01 5.612140591811244406e+01 1.329628815932722228e-03 
-3.915749728939484697e+00 -1.106293481972835169e+00 1.619535782910666855e-01 5.489001972067098478e+01 1.366720827961705360e-03 
-3.952717195166598252e+00 -1.078341859882878451e+00 1.787514158840493583e-01 6.090933560087758991e+01 1.522732554452106788e-03 
-3.828200462431500917e+00 -1.107685095158210009e+00 1.800125061961690975e-01 5.526281258121105822e+01 1.412970976158341163e-03 
-4.007294790286772823e+00 -1.181341915449599655e+00 1.850561280839049527e-01 5.619213971526048113e+01 1.600769669968808012e-03 
-4.007294790286772823e+00 -1.181341915449599655e+00 1.850561280839049527e-01 5.619213971526048113e+01 1.600769669968808012e-03 
-3.979699552902113080e+00 -1.239674897059391601e+00 1.756275360117699191e-01 5.819726167452726884e+01 1.468587704594937014e-03 
-3.757878193753887430e+00 -1.185403897462596667e+00 1.815416399779031520e-01 5.726474859850247157e+01 1.459404857305082476e-03 
-3.483994396598017573e+00 -1.228993008184061875e+00 1.865145542795735023e-01 5.751794768938008673e+01 1.592988884832328544e-03 
-3.674151254452854953e+00 -1.350795248467979270e+00 1.860167938285377798e-01 6.244723412104143989e+01 2.062534100067273894e-03 
-3.836944367385687560e+00 -1.361793427096917197e+00 1.815511227655944859e-01 6.614699399221457554e+01 2.409010510466151611e-03 
-4.204675733912444535e+00 -1.379439327441352114e+00 1.753434976896283137e-01 6.258284067237563875e+01 1.897966360519163630e-03 
-4.245147342805587698e+00 -1.319377157028114755e+00 1.857873273029467809e-01 6.339643376969073785e+01 2.383039036909389598e-03 
-4.278559641166057581e+00 -1.276184017602927545e+00 1.876319157337563159e-01 6.282649586162904853e+01 2.379531741045621835e-03 
-4.451482446616289224e+00 -1.264143965489752608e+00 1.887759702926559702e-01 6.073905426080725789e+01 2.273011875022753168e-03 
-4.451482446616289224e+00 -1.264143965489752608e+00 1.887759702926559702e-01 6.073905426080725789e+01 2.273011875022753168e-03 
-4.528704829870290105e+00 -1.339684032648179590e+00 1.876945020125969921e-01 6.300936150745942399e+01 2.543104891098685316e-03 
-4.201208723327247263e+00 -1.281599235181223984e+00 1.833856256737461388e-01 5.882822282846165507e+01 1.823731446903189245e-03 
-4.021467630082284472e+00 -1.200515826397558383e+00 1.780275421968050553e-01 5.874412007409365799e+01 1.536513101475067700e-03 
-3.754406406199410018e+00 -1.193020310477688195e+00 1.826747412225511735e-01 5.901832471736191366e+01 1.552511962470476490e-03 
-4.057626063249096582e+00 -1.127513266368876721e+00 1.790909006418230087e-01 5.922093808223945643e+01 1.547467892566208730e-03 
-3.946214809291999082e+00 -1.066133767668069110e+00 1.680924041927459867e-01 5.747967965828763681e+01 1.243510585481424381e-03 
-4.329884821538533046e+00 -1.074428881958956472e+00 1.728552009035646264e-01 5.808281741832730205e+01 1.478347716123437541e-03 
-4.312130656896658643e+00 -1.041783807083748181e+00 1.743376194174923732e-01 5.545122840971490774e+01 1.496857654940935995e-03 
-4.268724859507433855e+00 -1.046766052373431011e+00 1.747286038755069271e-01 5.714781056304622098e+01 1.463903904032943896e-03 
-4.233406353939546563e+00 -9.949951239541892090e-01 1.647806740103639478e-01 6.032256133713330115e+01 1.273545823182091995e-03 
-4.061394460204108547e+00 -1.021994303034354568e+00 1.582197425156868231e-01 6.479304144873255211e+01 1.207102406845778683e-03 
-4.065362115797626963e+00 -1.042145879697832012e+00 1.579609303677403098e-01 6.717559307446740036e+01 1.375486341917542005e-03 
-4.199284055874585420e+00 -1.023123020676528938e+00 1.685788388536657023e-01 6.531952696480310294e+01 1.636530107174541566e-03 
-3.963580104373949364e+00 -1.074457806016610562e+00 1.593866898582451119e-01 7.269601695115758844e+01 2.010095174007926495e-03 
-4.016754667168519255e+00 -1.055796829579879859e+00 1.619087549493331002e-01 7.384922298621614800e+01 2.294686716485650098e-03 
-4.016754667168519255e+00 -1.055796829579879859e+00 1.619087549493331002e-01 7.384922298621614800e+01 2.294686716485650098e-03 
-3.945059083910174902e+00 -9.802354782384887777e-01 1.575189009842229149e-01 7.893178863303167248e+01 2.670174248161329145e-03 
-4.029074961972238356e+00 -9.558881391617776169e-01 1.452752862602816331e-01 7.888561607727547198e+01 2.084013549639347936e-03 
-4.193553910530747331e+00 -9.165864560929475324e-01 1.385720563273055705e-01 8.232939578189629515e+01 2.340571252144841956e-03 
-4.193553910530747331e+00 -9.165864560929475324e-01 1.385720563273055705e-01 8.232939578189629515e+01 2.340571252144841956e-03 
-4.237580119839540416e+00 -9.875182343897813686e-01 1.335270816463610122e-01 7.936367273522625965e+01 1.801027872935360465e-03 
-4.254641676215219270e+00 -1.059517817793639738e+00 1.428161646728377254e-01 7.243322859255893320e+01 1.450533757710507129e-03 
-4.068059535800764515e+00 -1.074713789987109536e+00 1.519352023998589152e-01 6.545273000684974818e+01 1.133431229155418447e-03 
-4.068059535800764515e+00 -1.074713789987109536e+00 1.519352023998589152e-01 6.545273000684974818e+01 1.133431229155418447e-03 
-4.190042131433530770e+00 -1.049867999732864154e+00 1.467905633611097660e-01 6.375911185797442471e+01 1.031321029897033391e-03 
-4.190042131433530770e+00 -1.049867999732864154e+00 1.467905633611097660e-01 6.375911185797442471e+01 1.031321029897033391e-03 
-4.493495477220265322e+00 -1.049744586790636092e+00 1.519427392045405445e-01 6.649878761948285444e+01 1.358589807475246280e-03 
-4.264323375161041874e+00 -1.003496990857201121e+00 1.438753527689922151e-01 7.094525023901852023e+01 1.306918368918462414e-03 
-4.181505353335286834e+00 -9.701767909499088294e-01 1.416525584088473566e-01 6.961813129725841520e+01 1.084659170032504973e-03 
-4.311125367931638586e+00 -9.175140789893291293e-01 1.342444927893465256e-01 6.616436798683020015e+01 9.372553972864912592e-04 
-4.349012661339910935e+00 -8.714966438163107565e-01 1.351427992674157086e-01 6.113228521216677791e+01 1.233463892294174710e-03 
-4.454183415603686136e+00 -8.760503408859527941e-01 1.443728407603465103e-01 5.968306163407279286e+01 1.249861401867518110e-03 
-4.753606974228542725e+00 -8.836056016842055438e-01 1.436854147312355279e-01 6.429687234883873259e+01 1.119229772603496601e-03 
-4.765956616738819207e+00 -9.333413366405423073e-01 1.384918799867826955e-01 6.488930447828744263e+01 1.046336716900676984e-03 
-4.976415115480018692e+00 -8.584832655741648777e-01 1.340551831842297925e-01 6.751806518131789403e+01 1.017400674891514320e-03 
-5.111071274450627477e+00 -7.782358164732926520e-01 1.394329026879621292e-01 6.514467946706422197e+01 1.083280487044293618e-03 
-5.350840312813976318e+00 -7.781379054703977394e-01 1.390639294712369967e-01 6.367842329705604953e+01 1.073865631121676857e-03 
-5.350840312813976318e+00 -7.781379054703977394e-01 1.390639294712369967e-01 6.367842329705604953e+01 1.073865631121676857e-03 
-5.218175692891578343e+00 -7.175455846403835380e-01 1.288634859555884971e-01 7.944609582517881563e+01 1.755630808381843230e-03 
-5.218175692891578343e+00 -7.175455846403835380e-01 1.288634859555884971e-01 7.944609582517881563e+01 1.755630808381843230e-03 
-5.218351760170739873e+00 -7.342393747269819748e-01 1.335253711707131974e-01 8.111112975310628315e+01 2.249016155749481403e-03 
-5.169038310731499664e+00 -7.442782606800656398e-01 1.332682473361060105e-01 8.037929799721781876e+01 2.115690106410414266e-03 
-4.826351044187109807e+00 -7.669623476478787394e-01 1.439156988628948197e-01 7.589106934615389832e+01 1.911597176900223759e-03 
-4.925728803193481831e+00 -7.493227294139328531e-01 1.393731201218058047e-01 7.508262224301178378e+01 1.637257415791389635e-03 
-4.947884146962147511e+00 -8.110291661977717670e-01 1.286076113425578815e-01 7.378626883940846426e+01 1.158186739144528420e-03 
-5.460683429507600550e+00 -7.387078501726037638e-01 1.308179812810025267e-01 7.621625921231110112e+01 1.545536793829855931e-03 
-5.673795045261552872e+00 -7.712330480947124922e-01 1.358948057042893287e-01 7.508910374352238648e+01 1.701077418302773987e-03 
-5.706765813318292579e+00 -8.499130918048644068e-01 1.356904069923485223e-01 7.599198363400583389e+01 1.840492333242544232e-03 
-5.850535843678193793e+00 -8.989263708783012952e-01 1.411698396962624558e-01 7.432195550077770463e+01 1.921817985563364136e-03 
-5.729970127179194073e+00 -8.518412210873341772e-01 1.418818062336247854e-01 7.468152749845295091e+01 1.975526632598243772e-03 
-5.680011393650291396e+00 -9.241876544537220850e-01 1.463395600484029280e-01 7.208890770776508816e+01 1.868259172162835789e-03 
-5.513648854927644116e+00 -8.718997140440917226e-01 1.434932900781380194e-01 7.810563462483543162e+01 2.537285086055546604e-03 
-5.644077477225801331e+00 -8.808551097229896376e-01 1.403342692655928370e-01 7.169763552131841777e+01 1.541797348347525871e-03 
-5.740086675749730638e+00 -8.679477815741101221e-01 1.433069380714101504e-01 6.908147026345382358e+01 1.413505134581696495e-03 
-5.797783585919470184e+00 -7.598912325303600612e-01 1.478793403631545045e-01 6.496562869119924244e+01 1.270122444620682984e-03 
-5.218650751586247694e+00 -7.634941848240616169e-01 1.554455096010420034e-01 6.456404467240437839e+01 1.439624316013141895e-03 
-4.966698273171854083e+00 -7.520929705111877306e-01 1.589458456091771832e-01 5.726137626427934180e+01 1.500364557643275865e-03 
-5.224315757171794417e+00 -7.928915752047664967e-01 1.516776869097588021e-01 6.051422040745052300e+01 1.273836679658218139e-03 
-4.946863378352990281e+00 -7.711779902122696262e-01 1.558603639138079477e-01 6.146721252249736267e+01 1.346157875687113703e-03 
-4.979546346471761531e+00 -7.572973529109473523e-01 1.537102386618687255e-01 5.888573709994548011e+01 1.380288675720221011e-03 
-4.825976192606633575e+00 -7.206322201415996664e-01 1.601366238307731227e-01 5.726059832709405129e+01 1.542329254863692919e-03 
-4.283332088159669482e+00 -6.745524774103601739e-01 1.697770993767568071e-01 5.555962627623078731e+01 1.548902858662762859e-03 
-4.026434136136577635e+00 -6.682310748203788009e-01 1.666091554166566902e-01 5.568610093135247041e+01 1.552738095236619494e-03 
-4.026434136136577635e+00 -6.682310748203788009e-01 1.666091554166566902e-01 5.568610093135247041e+01 1.552738095236619494e-03 
-4.026434136136577635e+00 -6.682310748203788009e-01 1.666091554166566902e-01 5.568610093135247041e+01 1.552738095236619494e-03 
-3.848097690325438247e+00 -7.277227367322223195e-01 1.609928398921298409e-01 5.649063265596866756e+01 1.533148807561271997e-03 
-3.782250773508535779e+00 -6.968530857506848308e-01 1.705929568585100864e-01 5.712408178938486714e+01 1.344965647288670196e-03 
-3.782250773508535779e+00 -6.968530857506848308e-01 1.705929568585100864e-01 5.712408178938486714e+01 1.344965647288670196e-03 
-3.824157161978955610e+00 -7.338515182283382732e-01 1.661959453303195611e-01 6.291696000693682578e+01 9.652251033606449150e-04 
-3.637877067368278539e+00 -7.890760834630474729e-01 1.690366334673647775e-01 5.875986989189582488e+01 1.144093914789587720e-03 
-3.623841506815459024e+00 -8.007652354553368435e-01 1.799511583923414648e-01 5.465116583304770614e+01 1.407898607389335317e-03 
-3.623841506815459024e+00 -8.007652354553368435e-01 1.799511583923414648e-01 5.465116583304770614e+01 1.407898607389335317e-03 
-3.623841506815459024e+00 -8.007652354553368435e-01 1.799511583923414648e-01 5.465116583304770614e+01 1.407898607389335317e-03 
-3.907350605236714181e+00 -7.523729604609734611e-01 1.761954175839000047e-01 5.348430959077676761e+01 1.554967428486819792e-03 
-3.688344407083642640e+00 -7.445331057053555801e-01 1.865750053579677825e-01 5.453099586506709073e+01 1.353610978757575304e-03 
-3.532123194309419567e+00 -6.847965258419026480e-01 1.795064132019011660e-01 5.232063417710117648e+01 2.203494465369509273e-03 
-3.574740084056331924e+00 -6.672592928364411424e-01 1.701167921344331757e-01 5.512021753382014566e+01 2.000071462994074904e-03 
-3.886549557102838115e+00 -6.694959868058254493e-01 1.680536413113450367e-01 5.150007809008067028e+01 2.313227379188377043e-03 
-3.886549557102838115e+00 -6.694959868058254493e-01 1.680536413113450367e-01 5.150007809008067028e+01 2.313227379188377043e-03 
-3.886549557102838115e+00 -6.694959868058254493e-01 1.680536413113450367e-01 5.150007809008067028e+01 2.313227379188377043e-03 
-4.116897331812057637e+00 -5.966426546151288868e-01 1.665935409375737808e-01 5.560434004084189041e+01 1.740813729916009054e-03 
-3.944597271574886932e+00 -5.932590746510151281e-01 1.636168417379816886e-01 6.291928101484389657e+01 1.079238868998886464e-03 
-3.865336649686451409e+00 -5.998166952722835399e-01 1.650957819261171799e-01 6.690267295777002232e+01 9.081587064682914746e-04 
-3.857520204084907256e+00 -6.443094956142886298e-01 1.676344009586170081e-01 6.044143803521059510e+01 1.158545297939032361e-03 
-4.000556288836122576e+00 -6.363295392440377896e-01 1.604684703994795070e-01 5.800760733585138951e+01 1.479071622878524572e-03 
-4.022459400368452620e+00 -6.279560354011408663e-01 1.683740863078449779e-01 5.606095952604837862e+01 1.566677406107368047e-03 
-3.905864294598917930e+00 -6.553202645348195077e-01 1.707984768594133229e-01 5.603100091938688365e+01 1.513511555357639369e-03 
-3.795255065868298416e+00 -6.370336090417583197e-01 1.769682378579094106e-01 5.650794149941945221e+01 1.443619180196301826e-03 
-3.795255065868298416e+00 -6.370336090417583197e-01 1.769682378579094106e-01 5.650794149941945221e+01 1.443619180196301826e-03 
-3.513824552747817354e+00 -6.676757893227922569e-01 1.797018959833334983e-01 5.627972339899284293e+01 1.634630426916226960e-03 
-3.523609738066682429e+00 -7.724390878633196067e-01 1.826886887585884023e-01 5.767287145196327458e+01 1.229845501142668406e-03 
-3.523609738066682429e+00 -7.724390878633196067e-01 1.826886887585884023e-01 5.767287145196327458e+01 1.229845501142668406e-03 
-3.523609738066682429e+00 -7.724390878633196067e-01 1.826886887585884023e-01 5.767287145196327458e+01 1.229845501142668406e-03 
-3.910642383656995680e+00 -8.141016546240951168e-01 1.976807803401919306e-01 5.909881437673446669e+01 1.452581029025082782e-03 
-3.668518403130030414e+00 -7.931878998688429716e-01 1.933520435441373198e-01 6.129952595240781221e+01 1.192122858017817272e-03 
-3.581349150946206983e+00 -7.722787721802653049e-01 1.948679797883174636e-01 5.445050194339164307e+01 1.380107462842269928e-03 
-3.323915599431094048e+00 -7.455475114989132956e-01 2.100245871523270247e-01 5.686927253222388146e+01 1.490845127339325907e-03 
-3.252696914411920215e+00 -7.829427132390417432e-01 2.199552975432000068e-01 5.858469880692334897e+01 1.813144917585677619e-03 
-3.766738052493276090e+00 -7.952474451420044055e-01 2.162989528518669546e-01 5.899219366819939125e+01 1.633196272196961538e-03 
-3.933433402434534987e+00 -8.201153646397442154e-01 2.198080183386443842e-01 5.670966530824519936e+01 1.868110230948866884e-03 
-4.221015205617112187e+00 -8.344974903783922704e-01 2.110357349092447377e-01 5.464121953356877270e+01 1.974010122847326063e-03 
-4.028676327081130992e+00 -7.663320310457975015e-01 2.075167189292488334e-01 5.546603181021531270e+01 1.557753286339465856e-03 
-3.685778693689929941e+00 -7.605504754408081158e-01 2.086083829290663327e-01 5.450005135731183969e+01 1.312190475243875908e-03 
-3.946736760407976163e+00 -7.372299189862626667e-01 2.207592573896130783e-01 4.945526569775874748e+01 1.743003260378886768e-03 
-4.177959597645602763e+00 -7.577857206754858854e-01 2.162945630008287212e-01 4.814719290633934889e+01 2.048260288957608373e-03 
-4.108851656653916606e+00 -7.737699692086926762e-01 2.131549276853915431e-01 5.484328848883463081e+01 1.772350736400030592e-03 
-4.262307777524017460e+00 -7.619257756609103538e-01 2.116212614616160281e-01 5.489742163036002154e+01 1.941369267339951472e-03 
-4.337903288107728628e+00 -7.885039685676045185e-01 2.088550721988151060e-01 5.568530816624866020e+01 2.052278076336105667e-03 
-4.481003692498607194e+00 -8.732173497920524552e-01 2.096578933316027016e-01 5.802629085456859315e+01 2.520265246681123276e-03 
-4.389824013487049648e+00 -8.312576671521948457e-01 2.108382489846593044e-01 5.925159705835375235e+01 2.499142442448810432e-03 
-4.364948525798376444e+00 -8.202950629374780034e-01 2.036926166139010341e-01 5.381784090706767643e+01 1.955791371423876157e-03 
-4.364948525798376444e+00 -8.202950629374780034e-01 2.036926166139010341e-01 5.381784090706767643e+01 1.955791371423876157e-03 
-4.017867581740986793e+00 -8.642402106166395814e-01 2.029326826591921484e-01 4.755417283417559560e+01 1.966258743070557584e-03 
-4.039673979374788004e+00 -9.011460577218581847e-01 2.117312704626236886e-01 4.482777650760962018e+01 2.271273118921020469e-03 
-4.139171312657946800e+00 -9.133444435542685813e-01 2.182976483623715602e-01 4.508166804443266784e+01 2.316765969009124820e-03 
-3.957868230962540590e+00 -9.390923193028968274e-01 2.233441803943483905e-01 4.554756008807210321e+01 2.183965610845260176e-03 
