-3.875737635263982739e+00 -7.877716402400342099e-01 1.396523570908655698e-01 6.169265101442223198e+01 0.000000000000000000e+00 
-3.467193825841238475e+00 -7.978895257517966133e-01 1.306050188606210360e-01 6.502011829356924011e+01 4.298467013551348082e-01 
-3.497916423927339480e+00 -8.429208960842254905e-01 1.398436989662261432e-01 6.514540178511612112e+01 3.803035725269988676e-01 
-3.563133858129470699e+00 -8.364325192444572732e-01 1.518458807750014961e-01 6.816971104520159486e+01 3.177235567679674855e-01 
-3.404456534066688356e+00 -7.967830056335890587e-01 1.554127673167914614e-01 6.854342101562068024e+01 9.997825330627348184e-02 
-3.366295486627579603e+00 -7.741059955642282109e-01 1.608080387700690228e-01 6.875835297605699736e+01 4.358917105412722648e-02 
-3.096869891119652607e+00 -7.806273468363261747e-01 1.523270341357801927e-01 6.688923540053005468e+01 8.958534662317631930e-03 
-3.005293403869291335e+00 -7.870811238527225528e-01 1.585646341867210374e-01 6.660349021220933707e+01 8.995783392170020321e-02 
-3.052900340223328346e+00 -8.409505716747798232e-01 1.686544089552773074e-01 6.465961263540529558e+01 1.720703448970777039e-02 
-2.708099829619759369e+00 -8.515721548938299801e-01 1.628198204846259822e-01 6.424308322801103088e+01 4.140744855030163707e-02 
-2.700704035715146833e+00 -8.555116558603823584e-01 1.667642792959276310e-01 6.817825288418396212e+01 1.566390517959867154e-02 
-2.761760769543761818e+00 -8.600403105541790660e-01 1.676923049543239119e-01 6.353841471510023098e+01 1.781067678461919351e-02 
-2.784410374006115685e+00 -8.968858402660098150e-01 1.759407823581107810e-01 6.433905567964762895e+01 1.887532406306824395e-02 
-3.057544377993827389e+00 -9.178412439650666110e-01 1.711399852420117940e-01 6.606909384381667394e+01 1.870930931166546463e-02 
-3.184386599764280845e+00 -1.003458601765418789e+00 1.793966595035556000e-01 6.756886732219462033e+01 2.221220043457439175e-02 
-3.226438354979499046e+00 -1.028876604263129435e+00 1.753708681889098453e-01 7.082380349001516606e+01 2.719992605265610444e-02 
-3.474842863660952741e+00 -1.048462706716160708e+00 1.862544990098883302e-01 7.055810766805439016e+01 1.852446682510371090e-02 
-3.229167264197705389e+00 -1.027562706108689605e+00 1.869348489699458049e-01 7.274735554790244407e+01 1.388549197692296074e-02 
-3.028002945785648325e+00 -1.072330674448549681e+00 1.970155931279024275e-01 7.682201925760125505e+01 2.566281837429493229e-02 
-3.024058974598069938e+00 -9.983280314816388445e-01 1.928212895072246580e-01 8.021728956800200194e+01 3.519307071232040396e-02 
-3.182211137076211394e+00 -1.020367421589864598e+00 1.957973905627753419e-01 8.005465872252644033e+01 3.502795960708209033e-02 
-3.126825074319738107e+00 -1.108119431467858851e+00 2.044041365511413133e-01 8.011163938597707102e+01 3.470051666315862593e-02 
-3.021679425895213988e+00 -1.093302741839427661e+00 2.184018606443706711e-01 8.578261597052882337e+01 3.075140778254403101e-02 
-2.907430281440976927e+00 -1.120013119621275033e+00 2.275588929974123875e-01 9.168747444162225690e+01 3.670574225340318686e-02 
-2.945112029463065717e+00 -1.107199111122427748e+00 2.189676711412190391e-01 8.263917525330889191e+01 2.880865408565910779e-02 
-2.421042502860114354e+00 -1.038099011440149377e+00 2.238101884672935582e-01 8.472807694185920013e+01 2.233280632980082919e-02 
-2.330777753503459504e+00 -1.016982821363974221e+00 2.266944171665664365e-01 8.822853782656584087e+01 2.100932558219614429e-02 
-2.321056578034597528e+00 -1.066630741670050231e+00 2.303805033067574670e-01 8.994894081000553854e+01 3.071825683591221379e-02 
-2.251305276147034462e+00 -1.086967174125259117e+00 2.297406025871480684e-01 8.594574494729783964e+01 2.655687849505856957e-02 
-2.026905098900989799e+00 -1.097028698312294326e+00 2.145734753623400881e-01 8.726023201286450615e+01 8.632348379380636039e-02 
-2.175110151904964706e+00 -1.098815663601987236e+00 2.297312081486988788e-01 8.797769627847598883e+01 1.842444416705620383e-02 
