-3.419329973606226147e+00 -8.647946397321817358e-01 1.248490755880789088e-01 7.290088386515323293e+01 9.091687503584987284e-03 
-3.487989125892356768e+00 -7.606499549932325133e-01 1.244898784788853324e-01 7.381959902871354018e+01 3.144357432699071420e-01 
-3.418184465436904240e+00 -7.561686320004322726e-01 1.212572985897460431e-01 7.249029046856432501e+01 6.448349439927911209e-02 
-3.258340613870561064e+00 -6.962343582309000745e-01 1.227128388074739257e-01 6.935254302787697611e+01 4.090631170967273800e-02 
-3.454956957093115566e+00 -7.213982649136850833e-01 1.168520544715747345e-01 6.855005506674204696e+01 2.874807809636382716e-01 
-3.463861629003792242e+00 -7.538500680285190603e-01 1.163459566555152536e-01 7.155999844349823036e+01 3.197264934111666568e-01 
-3.454791892719858648e+00 -7.817075988349465598e-01 1.068481294658994996e-01 6.876541622270403309e+01 3.701231886558508100e-01 
-3.271030212485787736e+00 -7.796240849676016049e-01 9.880774827171945329e-02 7.560840041524632227e+01 1.721707766435150513e-02 
-3.134362680032257487e+00 -8.348180628231163247e-01 8.771351992060849589e-02 7.119522275994923177e+01 3.288651421255833762e-02 
-3.249667352986910007e+00 -8.050555994076483701e-01 8.559852603705865592e-02 7.143668331871334942e+01 6.049845252161605014e-02 
-3.194946088476043222e+00 -7.857584929532228646e-01 8.387206203559269269e-02 6.995253533653088596e+01 3.358748091210899539e-02 
-3.162347633916842593e+00 -7.831676952307080608e-01 8.418350382223117878e-02 6.744645563708752434e+01 3.271510604855675658e-02 
-3.015596509287495675e+00 -8.321233127187490641e-01 8.826628498754710006e-02 6.852897376684629194e+01 9.757581472964373115e-02 
-3.409755370751134329e+00 -7.910639935936268907e-01 8.928446097221555411e-02 6.739126127359946850e+01 2.989185093045715336e-02 
-3.442314795039788322e+00 -7.903166712432364571e-01 8.452452179269279164e-02 6.893527871375081872e+01 1.298719286956850627e-01 
-3.463115788092503866e+00 -7.766980914636885114e-01 8.166414126430136811e-02 6.688469464694166788e+01 4.499977575951735753e-01 
-3.491831461029643258e+00 -7.097444247990268851e-01 8.828474030128345695e-02 6.724958409376780821e+01 3.137806173082178240e-01 
-3.472031807173874274e+00 -6.899376360362399208e-01 9.967886791253012524e-02 6.708472437883641248e+01 4.892033971640117329e-01 
-3.435457149790348108e+00 -7.274703913161656432e-01 9.859249652638932271e-02 7.300926899049440522e+01 2.271459871080933057e-01 
