-3.954685195970829792e+00 -7.538261250681651537e-01 1.347360740676430690e-01 6.923569118017969970e+01 0.000000000000000000e+00 
-3.571864926464561663e+00 -8.775066689963968436e-01 1.362260613689398880e-01 7.682371353474141529e+01 4.467136244052775096e-01 
-3.486994297822280764e+00 -8.801203362872854763e-01 1.241160319641988058e-01 7.906326577294564117e+01 3.774775033627784659e-01 
-3.289036438053022149e+00 -8.836490822745437512e-01 1.324552871807576360e-01 7.693948446876916591e+01 3.171121069055400643e-02 
-3.349928921494275347e+00 -8.818544604604926507e-01 1.340868187850121074e-01 7.908193434513886189e+01 1.568753587303302680e-02 
-3.274479974840649898e+00 -9.118458431872119574e-01 1.338922498829846208e-01 7.595385500533488710e+01 8.940107796532623108e-02 
-3.350563925463910131e+00 -9.678310268272518613e-01 1.367182648481796436e-01 6.983111676785266297e+01 1.906870136510633792e-02 
-3.520821915375043965e+00 -1.029772357276533379e+00 1.335684263469634758e-01 6.832379625424020730e+01 3.965003418414982383e-01 
-3.526837482398862189e+00 -1.072837009471795611e+00 1.360371684266862002e-01 6.787458934664975629e+01 4.460484383747110870e-01 
-3.541708111058813557e+00 -1.079428113636937470e+00 1.461191523370914958e-01 7.037897220079852900e+01 4.399618720712411557e-01 
-3.525696686184296880e+00 -1.056409809446704928e+00 1.596396885600086524e-01 7.161112559645557951e+01 3.256095158415091007e-01 
-3.396812701633730835e+00 -1.085183407175649650e+00 1.593496471362467470e-01 7.080186965068413940e+01 2.922272452601097636e-02 
-3.601350207160070926e+00 -1.130239600547709777e+00 1.533074088513847189e-01 6.871190008471050703e+01 2.204457944154562532e-01 
-3.521820096298598379e+00 -1.174706872244511757e+00 1.508257297229764482e-01 6.624057357505375876e+01 3.827179183326914758e-01 
-3.586899426342725850e+00 -1.214972436726059923e+00 1.426711685101052229e-01 6.075707458320088961e+01 3.037091319814172463e-01 
-3.537221451573996589e+00 -1.207856370797421253e+00 1.558284590798799663e-01 6.217280024641571146e+01 3.084752531240198548e-01 
