-3.846495075325579993e+00 -9.498495422936166221e-01 1.449570160651069139e-01 6.174818559203410473e+01 0.000000000000000000e+00 
-3.495856141140529338e+00 -9.050485246458677135e-01 1.362030708348616059e-01 6.118181302127867838e+01 7.969134322592225095e-02 
-3.478128346418483119e+00 -9.101147995139141633e-01 1.274499824947289695e-01 6.537462381488845153e+01 2.615866595337011380e-01 
-3.527422710165148967e+00 -1.013527200596402666e+00 1.275650939607372025e-01 6.258900701764737562e+01 3.696398638590527863e-01 
-3.535517996143941577e+00 -1.063211080365999761e+00 1.279717151897918070e-01 6.967628955006883018e+01 3.734617005304439186e-01 
-3.521875119893726147e+00 -1.103051808243816767e+00 1.319106040037415217e-01 6.360773411490109197e+01 2.999428170525834103e-01 
-3.513472688273483246e+00 -1.051829497305695638e+00 1.388802372472737467e-01 6.262336211924685614e+01 4.134175154758609194e-01 
-3.493689849484581611e+00 -1.067227705501120338e+00 1.402793802487340147e-01 6.398221903756876827e+01 2.597829470061631119e-01 
-3.477925787870581154e+00 -1.052976120547620686e+00 1.353803893633346855e-01 6.316559163217541339e+01 2.573027689129024909e-01 
-3.154294678137556041e+00 -1.051246110164878456e+00 1.377216389905579486e-01 6.514101998037922669e+01 1.883842935129465684e-02 
-2.939733869045823678e+00 -1.086544807746449681e+00 1.355237655266949837e-01 6.708139533109336128e+01 1.949159548404932191e-02 
-2.620165578004204576e+00 -1.102903848573320023e+00 1.344470474765134260e-01 7.015439669895954466e+01 1.705861893050383826e-02 
-2.231236103793574177e+00 -1.055132649903562481e+00 1.346331222161859520e-01 7.021043476194560640e+01 6.107503080454904781e-02 
-2.477567209548973359e+00 -1.057800749191019740e+00 1.320034856218407493e-01 6.903649172898174413e+01 2.444395529745019280e-02 
-2.274650992605652622e+00 -1.074466740197364212e+00 1.425191184248826570e-01 7.046324385965702675e+01 1.173923647407837736e-02 
-2.439701743031775560e+00 -1.129512825980815816e+00 1.394456733627844336e-01 6.679480658455698006e+01 1.857339871431642336e-02 
-2.376628597712775015e+00 -1.141925121431706547e+00 1.295883659954571165e-01 6.670767335689409094e+01 1.161583549449683901e-02 
-2.384230356119662275e+00 -1.155830940896823922e+00 1.255370299375169474e-01 6.823905864842957669e+01 1.247815305894389021e-02 
-2.510655480286387409e+00 -1.183063069353647023e+00 1.263010819634154680e-01 6.832423029191384956e+01 2.965254278758962941e-02 
-2.452437604893824563e+00 -1.309579824998053699e+00 1.229425142262603188e-01 6.609654141854926479e+01 2.062340938368193433e-01 
-2.424014717914387607e+00 -1.229456302972948833e+00 1.179447767926493917e-01 6.826906598113332336e+01 3.085584637685965387e-02 
-2.438170595610706037e+00 -1.255947148441809658e+00 1.136372051640756886e-01 6.699452916654010437e+01 2.008941977102233697e-02 
-2.449973928236328646e+00 -1.212595561281462953e+00 1.103300694922445119e-01 6.685580612087325392e+01 2.795924428455121014e-02 
-2.536086611750896225e+00 -1.120273513699887813e+00 1.184500271308161767e-01 7.198512676603102989e+01 2.000931024779960266e-02 
-2.954601824908193564e+00 -1.199317935519150335e+00 1.406492354552160429e-01 6.881956171580735315e+01 2.172498631571491076e-02 
-3.116813852338598867e+00 -1.094039023783948128e+00 1.480518127297584530e-01 6.664713093850082259e+01 1.808898134476653874e-02 
-2.963207840412401595e+00 -1.136567105526383070e+00 1.426225651141690975e-01 6.665841307160094686e+01 3.653693356331590147e-02 
-3.003963314713224975e+00 -1.212997955407608019e+00 1.400096240560078920e-01 6.952489141219589897e+01 1.455601516145230492e-02 
-2.967901938655420402e+00 -1.131125765090050805e+00 1.344828485694731512e-01 7.353839340919547851e+01 3.357451931839221249e-02 
-3.200137967465462641e+00 -1.141469520820840744e+00 1.154652062287008507e-01 7.676571780149784274e+01 2.131092935010050343e-02 
-3.164452700478227687e+00 -1.144979230112874946e+00 1.307964579955509521e-01 7.517777533781639931e+01 1.156459891347877064e-02 
-3.193221830545766249e+00 -1.201985083724774528e+00 1.358440866134616454e-01 7.788327261272937108e+01 1.438992228246807788e-02 
-3.399708859953574525e+00 -1.258340326261579545e+00 1.361485263465222750e-01 7.426910560924838478e+01 1.145260842443892278e-02 
-3.443492783849511518e+00 -1.202484744723794297e+00 1.252335354727125705e-01 7.621190025391346978e+01 2.264542699234713130e-02 
-3.528904260473279653e+00 -1.191973222846016922e+00 1.263654238556153053e-01 7.184272357103304785e+01 2.359587169609638491e-01 
-3.310532553189053484e+00 -1.107121330010314209e+00 1.378516672281805966e-01 7.517384293484168722e+01 9.082314125243572123e-02 
