-3.755624730427004287e+00 -7.988892189030276647e-01 1.215342722379878920e-01 8.120122837516669279e+01 0.000000000000000000e+00 
-3.503961328665075925e+00 -7.990880774038233714e-01 1.230996278728922200e-01 7.945301256647201171e+01 4.713093670275891878e-01 
-3.502780819600862294e+00 -8.260365941546363722e-01 1.243440175323940605e-01 8.225019530212770746e+01 4.380091562506379654e-01 
-3.548661574817237430e+00 -7.570536031040375757e-01 1.170719878614957937e-01 8.327033554945903404e+01 2.247917850669240436e-01 
-3.530597087245463950e+00 -7.591760460328073057e-01 1.169820218758397118e-01 8.331470376040050496e+01 4.284807734937567947e-01 
-3.527371981654318756e+00 -8.061013214692727136e-01 1.080247924820589012e-01 7.868383846677085103e+01 2.419690206997495707e-01 
-3.463689254641913351e+00 -7.601067807731822779e-01 1.040392730377564801e-01 8.120680524450939686e+01 3.780952178674398256e-01 
-3.515624900693637311e+00 -8.254004659316934722e-01 1.205433569121971138e-01 7.854910687356699839e+01 4.719157523909243146e-01 
-3.529922313619015650e+00 -8.042993363706619769e-01 1.186232065459549428e-01 7.330073220696414182e+01 3.192335696608470386e-01 
-3.497483315831788175e+00 -7.754380587993033869e-01 1.156173539149236290e-01 7.590570492448172502e+01 3.423991873192733237e-01 
-3.469539468266999993e+00 -8.487111422293451835e-01 1.105878324308062766e-01 7.193717840692701770e+01 1.850043261798162697e-01 
-3.243396228423178318e+00 -8.896106500687499530e-01 1.131054344199380057e-01 7.196862299927998663e+01 9.113132810124720262e-03 
-3.421598614550202644e+00 -9.150128736441132116e-01 1.296848595362173340e-01 7.337427164771251853e+01 9.197790990429650579e-03 
-3.448537805719850358e+00 -9.480753016871895644e-01 1.340498951431020880e-01 7.513687548457092191e+01 1.284206237559039343e-02 
-3.474741610164844285e+00 -9.031075535851369462e-01 1.310374107566287527e-01 7.415772122448483117e+01 3.336789595888804000e-02 
-3.569040742913020203e+00 -9.605794209119846716e-01 1.393115200671009579e-01 8.217616604322201113e+01 1.829224805203928939e-01 
