-2.645808003404583442e+00 2.401208261060051342e-03 1.121178192948902750e-03 
-2.692224344099662048e+00 4.804703860708700938e-03 1.120928626166765342e-03 
-2.635138847591932176e+00 8.125924959155367625e-03 1.121745845980742871e-03 
-3.670665501527714536e+00 1.965390470710977333e-02 1.059714897683915929e-03 
-2.071335326300869362e+00 -1.000285849819333890e-03 1.120512563395677924e-03 
-2.573611238727819828e+00 6.789550083423065430e-03 1.122210682448060090e-03 
-3.394107218353842548e+00 1.646410472868172631e-02 1.064557180374275892e-03 
-3.231623739333987277e+00 1.883244331085360407e-02 1.067312848939698435e-03 
-2.650279934396867265e+00 -5.991216647427596506e-03 1.120842804654164195e-03 
-3.628430166030732096e+00 -1.097628306291617735e-02 1.166298819005527967e-03 
-3.328841891710030865e+00 -1.018443116644104397e-02 1.165046223262583645e-03 
-2.856860144911103294e+00 -1.078387834942032102e-02 1.127166931722577321e-03 
-2.549602120966062646e+00 3.387979917633712236e-03 1.121694237292749589e-03 
-2.986425078249473675e+00 2.385156519345916788e-03 1.117814966953010244e-03 
-2.163907910203120899e+00 1.782039682228641654e-03 1.121887096401055339e-03 
-1.429190664770945363e+00 7.065445171222368807e-05 1.121114974274662127e-03 
-5.365313969303780794e+00 -4.879059256645378387e-03 1.121155687370494706e-03 
-6.119592821252155090e+00 -2.919285822636073172e-03 1.121042890144177163e-03 
-6.601756472340158055e+00 1.268156915196656104e-02 1.121040424035459754e-03 
-6.617666853669345706e+00 9.291756716041677314e-03 1.121035001032818839e-03 
-6.210370079051178438e-01 -1.497535173963230812e-02 1.091662231374705173e-03 
5.110893156390557968e-01 -2.187533326425026431e-02 1.121034552792903385e-03 
7.748050111176963961e-01 -2.103263200916304435e-02 1.121036841644141267e-03 
9.163383033463148308e-01 -1.964779441212506986e-02 1.121036372449761738e-03 
-3.147840219459767663e+00 3.056436903910561033e-03 1.112522708404569934e-03 
-2.292837020139780524e+00 1.005743891213162645e-03 1.121436185071842144e-03 
-2.745430191344663040e+00 3.346646049816118240e-03 1.120541622918861096e-03 
-4.452598049260447333e+00 1.272694036470219982e-02 1.113080296305796971e-03 
-4.486749258551834707e+00 1.562637751847680001e-02 1.112506242513397470e-03 
-4.592607235330963711e+00 1.563885389248440005e-02 1.115266534681816357e-03 
-4.544778540692447244e+00 2.380778130158238762e-02 1.111019595544152604e-03 
-3.798063985814330135e+00 6.536900617026446866e-04 1.118970189848603148e-03 
-3.967559278041406845e+00 5.099476133027733282e-04 1.119804258402527092e-03 
-4.144179297198719247e+00 -1.018347973320095920e-03 1.122753148737095112e-03 
-3.904507831483674085e+00 2.158389305641500097e-03 1.115230989602050953e-03 
-4.432234592178427413e+00 2.107370115815860451e-02 1.107474887134038107e-03 
-4.363502071532002091e+00 1.415834825934955341e-02 1.109167196834615109e-03 
-5.021989075780028067e+00 1.168606522160299532e-02 1.120155019166253069e-03 
-5.689865415391611947e+00 7.325656046589205418e-03 1.120985043179234400e-03 
-3.073250548876588883e+00 2.823442434649360566e-03 1.115050876111750230e-03 
-3.351610032750901080e+00 -4.064779869945218428e-03 1.137914396009832201e-03 
-3.301003924765045561e+00 -8.411072926418333012e-03 1.155990705310061192e-03 
-3.847448395531809062e+00 -1.339431532978033537e-02 1.164027807963567349e-03 
-2.224237566929422982e+00 -8.927904480648720872e-03 1.117264634654200912e-03 
-2.689835697288717853e+00 -1.700226041299397750e-02 1.122039048340930023e-03 
-2.046216731118994936e+00 -1.869400080747761830e-02 1.111502607144507953e-03 
-2.804055514375021652e+00 -2.127927520546489537e-02 1.128889895078984996e-03 
-5.372511565967768910e+00 2.591634082494786821e-03 1.120981010003696933e-03 
-5.042357492084813764e+00 4.968360594145512961e-03 1.120685690502364442e-03 
-5.184677875093493427e+00 6.578343445686737900e-03 1.120752356565900103e-03 
-4.654619450259502855e+00 4.068014681041728225e-03 1.119777534983299383e-03 
-3.938185748711297229e+00 2.499435360084301290e-03 1.114697232180408577e-03 
-4.099229905457556278e+00 3.711541232088525974e-03 1.114272836871891149e-03 
-4.372516201056485308e+00 8.138697146412472716e-03 1.114231998987599490e-03 
-4.157260706830786745e+00 1.705461011614766223e-02 1.095563873768025300e-03 
-3.381002542284603063e+00 -2.095065098678853838e-03 1.129699363406273674e-03 
-2.434146301645589983e+00 -3.110388010618661721e-04 1.120946501326754467e-03 
-2.338689255357108365e+00 2.116479173955282140e-03 1.121817024792686347e-03 
-2.901696387674830291e+00 -3.897159128790076126e-03 1.124131488071082683e-03 
-1.342900324537425139e+00 1.324702800725042172e-02 1.138068083980595807e-03 
-1.152641402243516744e+00 1.351113734565677175e-02 1.142568170079454049e-03 
-1.360812563361797789e+00 1.835941917884217206e-02 1.144719006928246376e-03 
-1.312952610913444174e+00 2.475905517054831015e-02 1.155810549048371175e-03 
-3.403572071283710532e+00 1.845971865719095439e-02 1.058975565966250188e-03 
-2.842228290754138520e+00 3.022758803904883676e-02 1.108505184937567944e-03 
-3.167358308873168493e+00 2.916159903435168455e-02 1.057910415502018005e-03 
-4.356031242549052607e+00 3.047294403727133713e-02 1.096827183601168428e-03 
-5.694732071015957686e+00 1.267258155696318264e-02 1.120951077278346504e-03 
-5.329485064580746112e+00 1.840403899335039256e-02 1.120572493583961047e-03 
-4.759024483999036548e+00 1.264264198413539431e-02 1.118526205658911671e-03 
-4.911346844244333987e+00 1.144043794566545515e-02 1.119752270174227292e-03 
-2.360681778973582112e+00 1.341324321427260838e-02 1.126123329660974875e-03 
-3.471385055764130811e+00 1.468178399778355056e-03 1.115131102343123667e-03 
-4.354551021569369240e+00 7.862481921970622400e-03 1.114063560085566023e-03 
-5.258981462543410146e+00 6.628843789374005979e-03 1.120823540470956576e-03 
-4.297724719622698863e+00 1.735786641599401658e-02 1.103409278515204896e-03 
-4.089153248527853890e+00 1.040543052402642665e-02 1.102224464463229768e-03 
-4.114822440780990576e+00 5.119418373432577107e-03 1.112092689170144852e-03 
-3.938960111651165885e+00 5.424290366034142247e-03 1.107503749426880929e-03 
-2.289716949529324808e+00 2.308729771702488012e-02 1.131272135212050330e-03 
-1.645171115889331181e+00 1.096749915959515861e-02 1.130884633968529552e-03 
-2.436207537149882363e+00 -1.578843346093276347e-03 1.120582125973541236e-03 
-2.889792257005481702e+00 1.656434381552058036e-02 1.110158486524890666e-03 
-5.177289801800173841e+00 -1.508491081835602009e-02 1.121759849108058555e-03 
-1.442921369076755500e+00 2.938723249298842276e-03 1.124251799656523880e-03 
-2.684720930539962858e+00 2.350108517379312714e-02 1.121696846905130378e-03 
-3.159702634215009187e+00 1.234480917948675878e-03 1.117417150971125248e-03 
-1.879496913514003165e+00 3.120826440581477706e-03 1.123114798772170513e-03 
-3.594361330707901647e+00 -1.355446744075248545e-02 1.179508209882612277e-03 
-3.869720916995114113e+00 5.506915577259163461e-03 1.105680801214105856e-03 
-2.968536377095722933e+00 3.064866913164062887e-03 1.117338494841854614e-03 
-2.643558837248580318e+00 1.318866905778229986e-02 1.122148893959684169e-03 
-3.978712153349717617e+00 -8.871829189218976772e-03 1.143162357765315070e-03 
-1.418458906638248029e+00 3.352285663955404532e-03 1.124814599166073549e-03 
-2.688385380767105204e+00 -1.551830692429701820e-03 1.121085579605724056e-03 
-2.811584786437898664e+00 2.519446455490221420e-02 1.113156516564944160e-03 
-6.460837571019820480e+00 -1.615194848198880581e-02 1.121053903719896987e-03 
-2.474273961245952336e+00 -2.404438359460408549e-03 1.120411981942033303e-03 
-4.061083457584654610e+00 -1.055592648211906362e-02 1.143379888454101444e-03 
-2.838414082063913213e+00 2.593762877750288576e-03 1.119856498336061889e-03 
-3.560174495971040631e+00 2.525617809216013608e-03 1.111227801946516359e-03 
-2.238526446835404915e+00 1.127002294609214146e-02 1.126099110025393941e-03 
-1.792638528098257744e+00 1.397215873785322832e-02 1.131714290094334649e-03 
-4.410253756863416363e+00 -1.022984208705431282e-02 1.129209882393997222e-03 
-2.234069149747965000e+00 -7.401189612753363532e-03 1.117945753307762703e-03 
-3.368594046752089621e+00 -2.960150739641914490e-03 1.133307114346507587e-03 
-3.526898524364485699e+00 2.989168031010833171e-02 1.032838046282591373e-03 
-7.009116818650166891e+00 -1.219524076325559717e-02 1.121038787465093115e-03 
-2.338583285244594911e+00 5.729906525013797949e-03 1.123205742759759464e-03 
-3.657715936619815089e+00 -1.352127818961127922e-02 1.176286411801529420e-03 
-2.184305489833179958e+00 8.475944578104015192e-03 1.125068575088558273e-03 
-3.456483282674641000e+00 -2.112140831648663328e-03 1.129858917081369039e-03 
-2.170730965008373481e+00 1.021926975795387632e-02 1.126014727770989141e-03 
-3.226362531582285698e+00 -1.548121437088990568e-02 1.182648622934628913e-03 
-4.596195531727487626e+00 -1.115700136704262171e-02 1.125733485023487374e-03 
-6.717262332586010132e+00 -1.789603792638725516e-02 1.121046093489709789e-03 
-2.851297222168562850e+00 2.981233184204790110e-03 1.119521415755424069e-03 
-4.279857085233741643e+00 -1.632936932954544978e-02 1.141081492313564868e-03 
-4.994199941880359539e+00 -1.400286008772139330e-02 1.122378025875654965e-03 
-3.492006364641157656e+00 2.424739193691314090e-02 1.044126821962464060e-03 
-2.936933812660699861e+00 2.613803626058185461e-02 1.098688492084960461e-03 
-2.293667940898195479e+00 3.624354349408337450e-02 1.138028441802573822e-03 
-1.799392367422899763e+00 4.632131746586185678e-02 1.160416565425324452e-03 
-4.544935404670379597e+00 -2.047482525871567940e-02 1.131818824507362705e-03 
-4.669972553391578352e+00 -2.682122266112426170e-02 1.130321891011698988e-03 
-4.542926526159793532e+00 -3.078080550787923655e-02 1.138097079816115763e-03 
-4.815165948743633351e+00 -3.609652580670761474e-02 1.128597557411463621e-03 
-3.337905079157270194e+00 -6.780051980130367105e-04 1.123750156677460685e-03 
-3.386750447410971976e+00 3.569816298237080392e-03 1.107042708994158010e-03 
-4.626418132282219986e+00 2.534370999096908703e-03 1.120160013465103417e-03 
-4.888829592407567759e+00 9.119296929614901809e-04 1.120922410052985598e-03 
-2.612894698295864959e+00 -2.576676420304712875e-02 1.119630862466755063e-03 
-2.327816013620207958e+00 -1.936735630718616763e-02 1.114456304440649120e-03 
-3.289972342536777283e+00 -2.205694956610427734e-02 1.222212186192626719e-03 
-3.672911244876765569e+00 -1.613522187341816932e-02 1.187084702722419893e-03 
-4.405163941535255034e+00 1.095665651181742736e-02 1.112916274323978282e-03 
-3.988448286894669792e+00 1.336286721625909966e-02 1.091825422607283847e-03 
-4.278418140750169130e+00 1.279652944396931537e-02 1.106992288919017402e-03 
-4.334018618726108940e+00 2.555576275214239967e-02 1.098713247772746841e-03 
-2.827897525908006138e+00 1.320339765878069012e-02 1.115835475241921037e-03 
-2.220297759970810247e+00 8.679332913667594379e-03 1.124984055755769239e-03 
-2.666411971979369966e+00 1.204851697239277784e-02 1.121541707768163509e-03 
-1.769783997240878648e+00 1.770144392375794587e-02 1.135110603033343468e-03 
-1.132950798636422007e+00 -7.088746476953648387e-03 1.110785373313281747e-03 
-1.318223140710965025e+00 -1.366174267636573007e-02 1.105245941203847424e-03 
-5.717667433319164605e-01 -1.801215968469548762e-02 1.086471563791799148e-03 
-2.844437301669751061e-01 -2.425118180675523913e-02 1.085835735361318985e-03 
-4.760029927060426935e+00 -1.644959019688413404e-02 1.124901188001914149e-03 
-5.671259710300335932e+00 -2.176481677750852217e-02 1.121231401523440242e-03 
-5.390070309885594213e+00 -2.030613903845507676e-02 1.121489258189315233e-03 
-5.595729418560835278e+00 -1.332319017081353210e-02 1.121188796880658641e-03 
-2.836217331410538556e+00 -1.576248269883501543e-02 1.128700783771044219e-03 
-2.745973431005601650e+00 -5.323283228772740169e-03 1.121930441426623268e-03 
-2.640328164689403678e+00 9.390898392838339936e-04 1.121087697464172132e-03 
-2.200927854617191759e+00 -1.849278578160579948e-03 1.120210405786636453e-03 
-2.925001089326551895e+00 -4.829387165615109390e-03 1.125606920676825058e-03 
-2.699430017935273707e+00 -5.655890901479217019e-03 1.121370696246865289e-03 
-2.794612961399487006e+00 -6.729414389565687403e-03 1.123131211978865753e-03 
-2.318269626135001094e+00 -5.773340984558355052e-03 1.118903663275998663e-03 


