-3.531000000000000139e+00 -8.794260000000000410e-01 1.320000000000000062e-01 7.281000000000000227e+01 8.424818443621245575e-04
-3.465007131035800381e+00 -8.737961496096985359e-01 1.153815266529183703e-01 7.400268235628165314e+01 9.907014643344104129e-04
-3.636701483166576931e+00 -9.092206522193351237e-01 1.075039380130810851e-01 7.455280096541473256e+01 1.130319247669285326e-03
-3.729723648842061756e+00 -9.336622508077910831e-01 1.020965666335521549e-01 7.536645229322509465e+01 1.200260866045633514e-03
-3.419375407917895515e+00 -9.464192198675464018e-01 1.022318533940019397e-01 7.811735651487023802e+01 1.094672524755019912e-03
-3.531000000000000139e+00 -8.794260000000000410e-01 1.320000000000000062e-01 7.281000000000000227e+01 8.424818443621245575e-04
-3.251154726612986767e+00 -8.778718783593534303e-01 1.336246026600771408e-01 6.872032232735070068e+01 9.824495147805149126e-04
-3.341358406796056890e+00 -8.956009426206059665e-01 1.353990338591124498e-01 7.204641393798934246e+01 8.484277653516302843e-04
-3.341358406796056890e+00 -8.956009426206059665e-01 1.353990338591124498e-01 7.204641393798934246e+01 8.484277653516302843e-04
-3.574634512054541968e+00 -8.395722781217240804e-01 1.335841408050815193e-01 6.607681951677021459e+01 1.090012079842205776e-03
-3.531000000000000139e+00 -8.794260000000000410e-01 1.320000000000000062e-01 7.281000000000000227e+01 8.424818443621245575e-04
-3.345076381877801541e+00 -8.521034918797166791e-01 1.387751163865879600e-01 7.807517280208608668e+01 1.097020537229112091e-03
-3.345076381877801541e+00 -8.521034918797166791e-01 1.387751163865879600e-01 7.807517280208608668e+01 1.097020537229112091e-03
-3.408950722008849521e+00 -8.160273701613854902e-01 1.384784174179939931e-01 7.792013241281271974e+01 1.047804907011769563e-03
-3.169019819865028342e+00 -7.542623268108438195e-01 1.404881073820323512e-01 7.428736964109461383e+01 9.549988812403301455e-04
-3.531000000000000139e+00 -8.794260000000000410e-01 1.320000000000000062e-01 7.281000000000000227e+01 8.424818443621245575e-04
-2.757882163173344559e+00 -8.785441170633789820e-01 1.169906773776960285e-01 7.121121506054350903e+01 8.831177699757000558e-04
-2.627992708524013565e+00 -9.408380685501513963e-01 1.093166198897832231e-01 7.285980658214221251e+01 8.912347097245860387e-04
-2.627992708524013565e+00 -9.408380685501513963e-01 1.093166198897832231e-01 7.285980658214221251e+01 8.912347097245860387e-04
-2.739237647758316907e+00 -9.362331513727983889e-01 1.052926421114327993e-01 7.419602245677808128e+01 8.941007194877053027e-04
-3.531000000000000139e+00 -8.794260000000000410e-01 1.320000000000000062e-01 7.281000000000000227e+01 8.424818443621245575e-04
-3.406486165931376764e+00 -9.546090349568463473e-01 1.393092389053684210e-01 7.232380353668874307e+01 9.298788431272456221e-04
-3.713064568296030377e+00 -9.832550342724404313e-01 1.542049990089060241e-01 6.371915840634117956e+01 9.568925500269775085e-04
-3.792669926505776612e+00 -9.845721581046581461e-01 1.568852612624586917e-01 5.835045968397417937e+01 1.150581362172723582e-03
-3.740872659603701855e+00 -9.462335228645186724e-01 1.622540500454233980e-01 5.891664616928827058e+01 1.094122813639588753e-03
-3.531000000000000139e+00 -8.794260000000000410e-01 1.320000000000000062e-01 7.281000000000000227e+01 8.424818443621245575e-04
-3.730889031889520702e+00 -8.068373659745634585e-01 1.250784665337050794e-01 7.156252703277667138e+01 9.376805906849911346e-04
-3.912352066134480832e+00 -8.269968315640672252e-01 1.356432877598285347e-01 7.477715975749725885e+01 1.017321424634826067e-03
-3.655224602089958807e+00 -8.821612790354703693e-01 1.431797978053676867e-01 7.886465858173106369e+01 1.521836887204397774e-03
-3.889596028217985779e+00 -7.805898201853679330e-01 1.527917194591298655e-01 8.283376608867942537e+01 2.413687268431416282e-03
-3.531000000000000139e+00 -8.794260000000000410e-01 1.320000000000000062e-01 7.281000000000000227e+01 8.424818443621245575e-04
-3.208274597022479302e+00 -9.357004910039855572e-01 1.329255071770807373e-01 7.419545237888371503e+01 9.072002608885910459e-04
-3.078027535445998275e+00 -9.052325713458494461e-01 1.250509797629968667e-01 7.441409179226414494e+01 9.171826072702270530e-04
-2.693604002759942162e+00 -8.683880998680495455e-01 1.284995452245965009e-01 7.646757628083982183e+01 1.716682302723412067e-03
-2.693604002759942162e+00 -8.683880998680495455e-01 1.284995452245965009e-01 7.646757628083982183e+01 1.716682302723412067e-03
-3.531000000000000139e+00 -8.794260000000000410e-01 1.320000000000000062e-01 7.281000000000000227e+01 8.424818443621245575e-04
-3.641558935485387671e+00 -8.802222183634614838e-01 1.341359319188571986e-01 7.490998400467407237e+01 9.475710503322369929e-04
-3.706938039213969471e+00 -9.050376295701436646e-01 1.218113053097724385e-01 7.029252974330496784e+01 9.453630303584270979e-04
-3.598801136020741254e+00 -9.261427781947261240e-01 1.242585502691643529e-01 6.876939496371545602e+01 9.811466997924538167e-04
-3.539320216490145388e+00 -9.828623305226152906e-01 1.203833866460394114e-01 7.353030428543533503e+01 8.537598951291407818e-04
-3.531000000000000139e+00 -8.794260000000000410e-01 1.320000000000000062e-01 7.281000000000000227e+01 8.424818443621245575e-04
-3.358166980379440503e+00 -8.131912610753507797e-01 1.399355383532139008e-01 6.714331827035528022e+01 1.012778605683647536e-03
-3.627421415494588963e+00 -8.353285187810534085e-01 1.496102271949961426e-01 6.691154366190730229e+01 8.646305400942580748e-04
-3.702901276247267059e+00 -8.407519113821922963e-01 1.595721143013406063e-01 6.549604509881281444e+01 9.229415225528954164e-04
-3.919241945091800350e+00 -8.981833675495694003e-01 1.603732606358795054e-01 6.527885977487204627e+01 1.081859914294984026e-03
-3.531000000000000139e+00 -8.794260000000000410e-01 1.320000000000000062e-01 7.281000000000000227e+01 8.424818443621245575e-04
-3.714356985120459420e+00 -8.672685409056494210e-01 1.216378311323120798e-01 8.117575446189513855e+01 1.172439032607101644e-03
-3.842247132416666044e+00 -7.942129017431356353e-01 1.191827015003144308e-01 8.581082385232851095e+01 1.488506709085644052e-03
-3.862041492086678574e+00 -8.166156113495693925e-01 1.236608874638342737e-01 8.429934506797748384e+01 1.512790242691941598e-03
-4.057246124957091027e+00 -8.436977644620723416e-01 1.231149890299962357e-01 8.252970729317870280e+01 1.462024801799764523e-03
