-3.531000000000000139e+00 -8.794260000000000410e-01 1.320000000000000062e-01 7.281000000000000227e+01 8.424818443621245575e-04
-3.287669510694434916e+00 -9.609571819622968469e-01 1.268584735841424838e-01 6.904139666662263153e+01 9.518144882341285189e-04
-3.532128212361598685e+00 -1.033489069325305820e+00 1.293383857470668252e-01 6.702170848434562345e+01 9.148548056401203639e-04
-3.754845587837777554e+00 -1.032996554563796243e+00 1.199057046400946458e-01 7.076972860459311221e+01 8.687637278617326266e-04
-3.813096788642381441e+00 -9.809373550888742521e-01 1.205573329751830763e-01 7.551446433797137558e+01 9.121588115854304150e-04
-3.531000000000000139e+00 -8.794260000000000410e-01 1.320000000000000062e-01 7.281000000000000227e+01 8.424818443621245575e-04
-3.208172837473346029e+00 -8.860628877277449966e-01 1.301801944263122623e-01 7.259831520248597769e+01 8.760058631423512255e-04
-3.396503438378025042e+00 -9.559588847217297403e-01 1.262352341166001479e-01 6.848929087575761798e+01 9.600373192105400100e-04
-3.350270536330306914e+00 -8.965498849628107392e-01 1.334962637706955391e-01 7.003403754947360937e+01 8.699160506029520422e-04
-3.445915375036523898e+00 -9.039557986656646671e-01 1.374255706535436050e-01 6.921666867197295403e+01 8.523985941158103473e-04
-3.531000000000000139e+00 -8.794260000000000410e-01 1.320000000000000062e-01 7.281000000000000227e+01 8.424818443621245575e-04
-3.979893813238044142e+00 -7.905080214998631005e-01 1.333329938372221912e-01 7.208832282818021042e+01 8.756171818704377389e-04
-4.231689665087642993e+00 -7.383637323883878167e-01 1.357239554573202167e-01 7.546424079456099321e+01 1.128727856308696636e-03
-4.112137938025915318e+00 -7.614514471868389922e-01 1.303117403469514213e-01 7.315553165837584970e+01 9.011495447217462941e-04
-4.112137938025915318e+00 -7.614514471868389922e-01 1.303117403469514213e-01 7.315553165837584970e+01 9.011495447217462941e-04
-3.531000000000000139e+00 -8.794260000000000410e-01 1.320000000000000062e-01 7.281000000000000227e+01 8.424818443621245575e-04
-3.664188611790081040e+00 -8.742817908049931308e-01 1.402146706593880021e-01 7.129914468383593373e+01 8.773978866515417131e-04
-3.890346535188984323e+00 -9.099373213946295724e-01 1.386015982424994020e-01 7.606938949422820428e+01 1.292935214651233468e-03
-3.894355680223364313e+00 -8.726064049964613600e-01 1.381918829502700730e-01 8.010762962536081488e+01 1.667680566082002831e-03
-3.894355680223364313e+00 -8.726064049964613600e-01 1.381918829502700730e-01 8.010762962536081488e+01 1.667680566082002831e-03
-3.531000000000000139e+00 -8.794260000000000410e-01 1.320000000000000062e-01 7.281000000000000227e+01 8.424818443621245575e-04
-4.020417236717896969e+00 -7.336396581197435207e-01 1.289222783690992247e-01 7.533557434226676719e+01 9.218596212125281658e-04
-4.177448289406839876e+00 -6.907333453259820732e-01 1.260543795976265813e-01 6.734296413058493158e+01 1.158567368927757805e-03
-4.017155537225852058e+00 -7.568411437414676035e-01 1.156133212822723216e-01 7.198149058490153607e+01 1.085123850118034899e-03
-4.017155537225852058e+00 -7.568411437414676035e-01 1.156133212822723216e-01 7.198149058490153607e+01 1.085123850118034899e-03
-3.531000000000000139e+00 -8.794260000000000410e-01 1.320000000000000062e-01 7.281000000000000227e+01 8.424818443621245575e-04
-3.150461837483513161e+00 -7.971725332143444476e-01 1.182827874025438319e-01 6.910183283721043779e+01 1.580996860323706033e-03
-3.374649821603972200e+00 -8.124494900972389910e-01 1.235115471052251890e-01 6.674465834869572234e+01 1.517946355556190228e-03
-3.374649821603972200e+00 -8.124494900972389910e-01 1.235115471052251890e-01 6.674465834869572234e+01 1.517946355556190228e-03
-3.374649821603972200e+00 -8.124494900972389910e-01 1.235115471052251890e-01 6.674465834869572234e+01 1.517946355556190228e-03
-3.531000000000000139e+00 -8.794260000000000410e-01 1.320000000000000062e-01 7.281000000000000227e+01 8.424818443621245575e-04
-3.621940537774850810e+00 -8.511994417437421800e-01 1.339180573554965281e-01 6.463358247688478286e+01 1.162495810456345632e-03
-3.442157668233780665e+00 -8.276911149967214332e-01 1.229510721356047304e-01 6.666511117878971504e+01 1.449814608894972427e-03
-3.534779509060792080e+00 -8.592088099910022425e-01 1.191244145316958242e-01 6.218488653858487680e+01 2.193877598338441620e-03
-3.534779509060792080e+00 -8.592088099910022425e-01 1.191244145316958242e-01 6.218488653858487680e+01 2.193877598338441620e-03
-3.531000000000000139e+00 -8.794260000000000410e-01 1.320000000000000062e-01 7.281000000000000227e+01 8.424818443621245575e-04
-3.475770073572877372e+00 -7.834566009044874324e-01 1.321346551353571042e-01 7.748175720805905087e+01 9.086176681047030898e-04
-3.800069343632894281e+00 -8.068379775734008108e-01 1.305664035790592703e-01 7.745910407693719435e+01 1.025379124209195537e-03
-3.856529831729845981e+00 -7.690063180955093447e-01 1.359211331705375003e-01 7.480018148077135720e+01 9.439720499194775762e-04
-3.774334827660163594e+00 -7.266091433904090513e-01 1.360937404927519967e-01 7.282183954883848287e+01 8.711906583454674278e-04
-3.531000000000000139e+00 -8.794260000000000410e-01 1.320000000000000062e-01 7.281000000000000227e+01 8.424818443621245575e-04
-3.403183299502738457e+00 -8.782286307021685001e-01 1.385270777045528312e-01 6.642150671791097238e+01 9.652915885931653752e-04
-3.403183299502738457e+00 -8.782286307021685001e-01 1.385270777045528312e-01 6.642150671791097238e+01 9.652915885931653752e-04
-3.136732184595178552e+00 -8.962635652548299747e-01 1.599259693225537904e-01 6.312718926709717948e+01 1.301968682946740095e-03
-3.217236762768821645e+00 -9.051383134933496111e-01 1.581754922130610419e-01 5.938964016731939211e+01 1.425960121885380683e-03
-3.531000000000000139e+00 -8.794260000000000410e-01 1.320000000000000062e-01 7.281000000000000227e+01 8.424818443621245575e-04
-3.378044923661943866e+00 -7.416888557670480164e-01 1.396614670959755444e-01 7.269764454121259689e+01 8.677870018669485083e-04
-3.413604626936985298e+00 -8.161272241319045273e-01 1.421511008717888103e-01 6.974572903050136574e+01 8.579014392712217170e-04
-3.413604626936985298e+00 -8.161272241319045273e-01 1.421511008717888103e-01 6.974572903050136574e+01 8.579014392712217170e-04
-3.586900615763197298e+00 -8.770798621470559109e-01 1.409007080204532913e-01 7.383818364783576271e+01 9.706639646330482169e-04
