-3.531000000000000139e+00 -8.794260000000000410e-01 1.320000000000000062e-01 7.281000000000000227e+01 3.684702289748118531e-01 
-3.526491839735566902e+00 -8.830587678808219376e-01 1.329856678734385456e-01 6.941078032329393466e+01 3.854812033689375417e-01 
-3.548917598604606649e+00 -8.605203538331520630e-01 1.437020386898091029e-01 6.517343372226099518e+01 1.064154723875379571e-01 
-3.354803538242962180e+00 -8.741284702572744703e-01 1.414188423776912840e-01 6.161639111524199564e+01 2.933082167864108081e-02 
-3.464655123508670886e+00 -8.421957106114779101e-01 1.343169005055838694e-01 6.528031542485693706e+01 7.045112700897863955e-02 
-3.137649335836993902e+00 -8.243252759880502767e-01 1.511090058225112165e-01 6.975309521738988394e+01 8.244883206621875238e-02 
-2.865618476257377534e+00 -8.018153153154709001e-01 1.455119604868232441e-01 6.238942899070350734e+01 1.475395894687461969e-02 
-2.953902508371310187e+00 -7.726093596051347712e-01 1.494411457475244842e-01 6.073013269859087870e+01 1.573115986362731006e-02 
-2.853603042633993780e+00 -8.036278173703865768e-01 1.646712521757305037e-01 6.284470082407857205e+01 1.569811286769950270e-02 
-2.768769976177475112e+00 -8.096678618623653900e-01 1.674249378715297887e-01 5.833060054948448681e+01 1.507643601300030604e-02 
-2.587570475650424306e+00 -8.566585373356589983e-01 1.733616394522144999e-01 5.725739724687726806e+01 1.370433359741412248e-02 
-2.527413592582620439e+00 -8.542477418713726456e-01 1.696484314783364977e-01 5.735535497727170906e+01 2.050128488928977533e-02 
-2.582425710519403950e+00 -8.295656221786805729e-01 1.744737724223122122e-01 5.366566093550252958e+01 1.368222751654706547e-02 
-2.589356231497296434e+00 -7.958647641246467952e-01 1.736246915452558104e-01 4.995300510871390287e+01 4.164626263089084290e-02 
-2.490096278120152551e+00 -7.753557005026396887e-01 1.846591959372834990e-01 4.766357530580744850e+01 2.845512343402812824e-02 
-2.254987549007092529e+00 -7.796941869165390226e-01 1.902850837010085505e-01 4.525381224530949709e+01 1.264917351612480576e-02 
