-3.531000000000000139e+00 -8.794260000000000410e-01 1.320000000000000062e-01 7.281000000000000227e+01 3.472622916830642170e-01 
-3.379407023045585490e+00 -8.838853689443689765e-01 1.087027839479419722e-01 7.918187206894798180e+01 5.523503538457772560e-02 
-3.457586613760191163e+00 -8.701673907653066919e-01 1.136780676323747852e-01 8.073466416434651194e+01 1.431204069852929084e-01 
-3.598355219811318673e+00 -8.972423304869251437e-01 1.104519683537241448e-01 8.228910600123836616e+01 9.401953307150028027e-02 
-3.222014682507247318e+00 -8.754232401934374241e-01 1.180278832009406254e-01 8.207661230747733327e+01 1.428794843780013292e-02 
-3.361103405694515711e+00 -8.716953500819040190e-01 1.239961960272139840e-01 7.639743434762712582e+01 1.622850308223497059e-02 
-3.372364356460957779e+00 -9.284300930019495635e-01 1.286146869909059465e-01 7.302439534301456092e+01 1.414948591523170623e-02 
-3.464650828129629545e+00 -8.945159172914293189e-01 1.386629894564282428e-01 7.296802072980925402e+01 3.122988133342139566e-02 
-3.490880954944995729e+00 -8.763164328855939100e-01 1.341222299848936206e-01 6.490788114181593471e+01 3.654034707066317056e-01 
-3.490471369833961113e+00 -8.890579619573366621e-01 1.277589770058918661e-01 6.563216506793187932e+01 3.987154549299980477e-01 
-3.626493135674776269e+00 -9.151191446687269027e-01 1.286340051067847157e-01 6.128842647431763879e+01 5.382830213818987630e-01 
-3.513147360649155893e+00 -8.034408197534892437e-01 1.291903685751007169e-01 6.533874223696946615e+01 3.927475074135001742e-01 
-3.490128584683151125e+00 -7.187349515659282595e-01 1.328453765662084562e-01 7.011420003556645497e+01 1.614905743850948427e-01 
-3.495427704081603970e+00 -6.792621299371764954e-01 1.355318078653929836e-01 7.165603393757523065e+01 2.589554376917707623e-01 
-3.465513215201800445e+00 -7.068325081323892922e-01 1.292555009794905119e-01 6.926203666710229356e+01 4.162933772118381226e-01 
-3.459608189157566738e+00 -6.978720797299081680e-01 1.310240700588023721e-01 7.279962858507668955e+01 2.460503261699498179e-01 
