-3.531000000000000139e+00 -8.794260000000000410e-01 1.320000000000000062e-01 7.281000000000000227e+01 3.149732062982539826e-01 
-3.412149695398821514e+00 -1.009782251750221294e+00 1.373416422222432376e-01 7.563901133878735550e+01 2.087539012832598240e-02 
-3.124677099194883567e+00 -1.021944419706128926e+00 1.335760300171237869e-01 7.571686629127977142e+01 2.243769526404758644e-02 
-3.233602481856327149e+00 -9.787084051782616312e-01 1.438939623496565956e-01 7.491280939239389625e+01 3.670859261562989251e-02 
-3.291342313813362619e+00 -1.023459722578196729e+00 1.327574600921882786e-01 7.534245149623903615e+01 1.845027025637368395e-02 
-3.499968473793075407e+00 -1.082893576689449633e+00 1.403770659177399072e-01 7.137109562116246764e+01 2.196945346628837725e-01 
-3.541047028156019127e+00 -1.037777931521435493e+00 1.289272934471723808e-01 7.107897215677589031e+01 3.158171701497603512e-01 
-3.545077126657758981e+00 -1.000102441675775777e+00 1.319044915505203086e-01 7.112122138770794777e+01 6.205026911337051254e-02 
-3.546762672814512740e+00 -9.071967482476410716e-01 1.326804616820457250e-01 7.071188491210688198e+01 2.645226197266982160e-01 
-3.584778782021150967e+00 -8.632899604531105719e-01 1.394133050902621185e-01 7.527693754908258938e+01 2.360836172008030920e-01 
-3.545985132336376466e+00 -9.250090306871022738e-01 1.437849583592914482e-01 7.974562592879800604e+01 1.817263416304298884e-01 
-3.554133181739809189e+00 -9.560643932785419796e-01 1.495144042624744762e-01 7.738909504180797683e+01 3.477959718503128572e-01 
-3.550401847107088393e+00 -9.222572597946618878e-01 1.454540401302234220e-01 7.457091790214384730e+01 3.570850292443432661e-01 
-3.591481958698323318e+00 -9.091182126248223971e-01 1.483626755053891189e-01 7.859752173480818271e+01 3.037246939091469145e-01 
-3.552413105715537700e+00 -8.711225257897787788e-01 1.561269244002584378e-01 8.085454434482376485e+01 2.855958140868165573e-01 
-3.379628089651745881e+00 -8.874305364662053996e-01 1.755569141080101370e-01 8.082945284498016747e+01 2.013126203473578762e-02 
-3.537753768742903926e+00 -8.928611069371598097e-01 1.728213293035316400e-01 7.812247127549704828e+01 3.793772828201382730e-01 
-3.552169994653909590e+00 -8.691723621571788572e-01 1.784320499823185968e-01 8.055477844735463577e+01 4.155056654305703256e-01 
-3.285555966778722858e+00 -8.729398373802719213e-01 1.886802882181714269e-01 8.211448459969196279e+01 1.286764065903023627e-02 
-3.276783861644926521e+00 -8.398931073245200496e-01 1.902875404546389981e-01 8.813415924327367179e+01 2.345754983838069241e-02 
-3.379006793668946074e+00 -9.284400842253730524e-01 1.927250536418526894e-01 8.331761452220473529e+01 2.420543593285181400e-02 
-3.133164366608068629e+00 -8.985814356131788250e-01 1.868672238063487923e-01 8.217372021480160527e+01 1.513146596133870501e-02 
-3.059354301823359545e+00 -9.178757513413510205e-01 1.860084851504294201e-01 8.478149956848552904e+01 4.982135444784625139e-02 
-2.940094458122377130e+00 -9.308767489977747278e-01 1.835015141572351183e-01 8.615763515771682535e+01 2.713230619488265355e-02 
-3.099936061435008661e+00 -9.126418730699067394e-01 1.842262368199121259e-01 9.145780365414987045e+01 1.037609279593772194e-02 
-3.108364249965239967e+00 -9.321304792970658282e-01 1.747513578146046576e-01 9.623268325101446408e+01 1.297047414535799220e-02 
-2.990131275750694151e+00 -9.330697637016589496e-01 1.725102330746730861e-01 9.236930305524170137e+01 3.400229063726958878e-02 
-2.863243969381640941e+00 -9.858356826678942308e-01 1.676001372928208888e-01 9.072377902826386276e+01 3.160993251862761338e-02 
-2.979244885074224580e+00 -1.053279167886772338e+00 1.756833141843368029e-01 8.947607349914913755e+01 4.519062126649717528e-03 
-2.987150176878847319e+00 -1.027988670535666227e+00 1.735805334710247005e-01 8.371865024186487858e+01 3.092333247118640022e-02 
-2.931442772292603305e+00 -1.124543665050755870e+00 1.762216780082548895e-01 8.470610417936089220e+01 6.190426937775758698e-03 
-2.784808772839050484e+00 -1.122174131511990858e+00 1.736661293121422311e-01 8.580281617146627582e+01 1.604096446331117198e-02 
-2.963632762826273748e+00 -1.081801173173508435e+00 1.762031519255248257e-01 8.210682127100000116e+01 1.797398908432545905e-02 
-3.115198935342054831e+00 -1.065145334471481853e+00 1.783398700950516724e-01 9.020957953978060573e+01 2.000264824628257554e-02 
-3.145277941306436453e+00 -1.144283948682186747e+00 1.762182968682568796e-01 9.275173270508132362e+01 1.425149215123758251e-02 
-3.170272110705363300e+00 -1.102989731511288429e+00 1.776940889518138778e-01 9.293376645928410085e+01 1.075043722049247828e-02 
-3.251679000951122500e+00 -1.039610211033270115e+00 1.859388861028743456e-01 8.318589428951838727e+01 3.429694009115526188e-02 
-3.088728921529276139e+00 -1.127302826073058206e+00 1.988034318178479587e-01 8.450844252543824098e+01 1.651677170946067724e-02 
-2.855769609965325362e+00 -1.138747086243031115e+00 1.895109320309532885e-01 9.101710488068002292e+01 2.687808946960439094e-02 
-3.040346479980843064e+00 -1.120065323499791043e+00 1.923429340162086942e-01 9.286198377036190266e+01 2.876830941089301291e-02 
-2.929385086230501312e+00 -1.073862938463217231e+00 1.928043047087185102e-01 9.151318554046490306e+01 2.736103120898078153e-02 
-2.675337232949019484e+00 -1.091779367232071696e+00 1.915984583555322418e-01 8.992052135070269969e+01 2.021586922212305348e-02 
-2.564593045224826895e+00 -1.112359965508465276e+00 1.869105539511915770e-01 8.922578022926194308e+01 2.281423388823780596e-02 
-2.392447486387369704e+00 -1.205896888901884179e+00 1.883792666614694522e-01 8.644584991570427235e+01 4.419179209367678218e-02 
-2.427619257701858047e+00 -1.219460783976756169e+00 1.830938364989024292e-01 9.020578286064011309e+01 1.053862283193369477e-02 
-2.445439449849184488e+00 -1.340123840350398998e+00 1.822516866963102555e-01 8.991471261339165721e+01 9.729135108467333939e-03 
-2.507095531685138656e+00 -1.340263765513877825e+00 1.834748955917682722e-01 9.296643995311538333e+01 8.814831145428827369e-03 
-2.480727799298283909e+00 -1.363292865729635706e+00 1.797795993061880593e-01 9.617896842541804858e+01 3.149033448390492484e-02 
-2.601785498798610874e+00 -1.378869113663306889e+00 1.830194487537611658e-01 9.764388396164332562e+01 1.810132520237039966e-02 
-2.204075076958023516e+00 -1.373154943751662138e+00 1.826479815804235018e-01 9.764908397491949188e+01 2.141990255543088639e-02 
-2.429378620725883842e+00 -1.381640000275752289e+00 1.765176250083045073e-01 9.607347218825847790e+01 9.835555411301245832e-03 
-2.589265064743677680e+00 -1.297388422535143526e+00 1.784759136625836129e-01 9.723640725477115154e+01 2.132847682894948443e-02 
-2.546532276443649767e+00 -1.278650395549561392e+00 1.695773507612535203e-01 8.802003392399140580e+01 5.335535415035495138e-02 
-2.549212173513186741e+00 -1.285536220416523712e+00 1.596067238788755616e-01 8.663394052336791162e+01 1.693718561658190402e-02 
-2.684238462422397831e+00 -1.224905929025695173e+00 1.664524318772036549e-01 8.341186972330372384e+01 2.503261156942590548e-02 
-2.679753573188790927e+00 -1.214023600250119017e+00 1.615486400268102973e-01 8.556186979392730052e+01 1.315645716553320854e-02 
-2.679957714129071800e+00 -1.295201799996953840e+00 1.724959009757521811e-01 8.289243092758103160e+01 2.063392077334229996e-02 
-2.606528564258678404e+00 -1.301513312737190287e+00 1.626475842353863055e-01 7.954043856788423739e+01 2.224519301414089670e-02 
-2.832613735468869187e+00 -1.350693006771548799e+00 1.669365402384594965e-01 8.427047531921441248e+01 2.677637016541691006e-02 
-2.804501168034056136e+00 -1.390433243876747493e+00 1.715983320383139277e-01 8.287602755031848289e+01 2.259557346643126935e-02 
-2.732852618683664581e+00 -1.441957684552676477e+00 1.765424601843186558e-01 8.622495680573280197e+01 1.322233785649676654e-02 
-2.766697844149050844e+00 -1.402142087477928012e+00 1.840686873058722806e-01 8.494497341755237585e+01 1.929977409264175756e-02 
-2.834770650196942743e+00 -1.405761025765130734e+00 1.778515692094411738e-01 8.391344225768811782e+01 5.797921528627255489e-02 
-2.601959396750134879e+00 -1.397012956913550319e+00 1.821321570166723747e-01 8.757692755035111531e+01 1.700522201887410406e-02 
-2.816834483615338058e+00 -1.457730071812115780e+00 1.818301175165437378e-01 8.794841595279063995e+01 1.195912920267813706e-02 
-2.865771078447636899e+00 -1.443693271540291478e+00 1.813510488542602883e-01 8.374326680361498632e+01 2.128399530993679845e-02 
-2.638949606403291348e+00 -1.547572969631626938e+00 1.889408827485478393e-01 8.185385923730358115e+01 1.251384447908517744e-02 
-2.805134044276879735e+00 -1.632707267518577199e+00 1.974260428938382217e-01 7.996008913260716611e+01 9.736899503125222288e-03 
-2.860095375039660492e+00 -1.706248427984645044e+00 2.022945956446462190e-01 7.904876204874331336e+01 2.415868508086676386e-02 
-3.102890089614269709e+00 -1.714790022494211197e+00 2.102035756309625636e-01 8.166326173649991915e+01 5.906797783314663569e-02 
-3.203958148194232969e+00 -1.690404917022271025e+00 2.143440876041092236e-01 8.268772274543277945e+01 4.418868645166536789e-03 
-3.298521322784900178e+00 -1.690429390782003605e+00 2.127046879895259646e-01 8.876999920468929872e+01 5.132558266288740623e-02 
-3.224407630398378188e+00 -1.761700642774987280e+00 2.110785748842879672e-01 9.752485119880161335e+01 4.317962774432518996e-02 
-3.159890620051999832e+00 -1.794506859655386144e+00 2.189506427658695631e-01 9.860739683733723382e+01 2.441127855054574941e-02 
-3.005812533761024419e+00 -1.761803279496272356e+00 2.190876362298177782e-01 1.031600733436069959e+02 1.643647380417100762e-02 
-3.049846087889084068e+00 -1.757108300636142539e+00 2.163759180143296490e-01 1.054575751440755624e+02 2.604797139718266312e-03 
-3.036081524702899603e+00 -1.730999062487727391e+00 2.108078615419882451e-01 1.054644629117246808e+02 1.783908624393827289e-02 
-3.383162887257095353e+00 -1.694801939446891614e+00 2.165022938786141660e-01 1.049462509893186990e+02 2.076904474901473951e-02 
-3.568619275281387893e+00 -1.637463364398071830e+00 2.138021898260340503e-01 1.087438670778225998e+02 1.288831752758344724e-02 
-3.473675980850507994e+00 -1.682516211206696033e+00 2.188006256551425499e-01 1.093112997967100597e+02 1.281914046179709853e-02 
-3.236270663517794688e+00 -1.649687559226961753e+00 2.208312306539604308e-01 1.076410786352222857e+02 1.271410174192387846e-02 
-3.215713154118234218e+00 -1.635078129048013862e+00 2.183425900692438915e-01 1.100255556251203473e+02 3.923927004509746019e-02 
-2.820082564447070617e+00 -1.640514216356858679e+00 2.171273353559856345e-01 1.123128258521397811e+02 3.062266809513394458e-02 
-3.055138091024146352e+00 -1.591668977923885064e+00 2.213321733881498665e-01 1.108317269278787336e+02 1.878730110098984080e-02 
-2.660376763626690177e+00 -1.565694453352308280e+00 2.145157476072101499e-01 1.129121741057322765e+02 3.504755296318487479e-02 
-2.319754194284993964e+00 -1.521288627757454437e+00 2.161910112436531695e-01 1.128685359247267428e+02 7.368684571925379623e-02 
-2.144551329751156032e+00 -1.540299673133159741e+00 2.209030304936023259e-01 1.110242384358409424e+02 3.776278209809071085e-02 
