-3.514513429981513504e+00 -8.476669948661001985e-01 1.408495602603922481e-01 7.535496736753161429e+01 1.590766269396583568e-02 
-4.550218942203604122e+00 -3.492464729872845064e-01 2.007360362393517672e-01 9.669884779621062876e+01 1.419709233909763335e-02 
-4.504823446635896289e+00 -3.596318000713839003e-01 2.057487112982450683e-01 9.576120670560339931e+01 1.178502786777885745e-02 
-4.031022324940812140e+00 -3.791905639224649183e-01 2.096394255687332175e-01 9.248545778970566289e+01 5.227650897627698218e-04 
-4.031022324940812140e+00 -3.791905639224649183e-01 2.096394255687332175e-01 9.248545778970566289e+01 5.227650897627698218e-04 
-4.031022324940812140e+00 -3.791905639224649183e-01 2.096394255687332175e-01 9.248545778970566289e+01 5.227650897627698218e-04 
-4.031022324940812140e+00 -3.791905639224649183e-01 2.096394255687332175e-01 9.248545778970566289e+01 5.227650897627698218e-04 
-4.031022324940812140e+00 -3.791905639224649183e-01 2.096394255687332175e-01 9.248545778970566289e+01 5.227650897627698218e-04 
-4.031022324940812140e+00 -3.791905639224649183e-01 2.096394255687332175e-01 9.248545778970566289e+01 5.227650897627698218e-04 
-4.031022324940812140e+00 -3.791905639224649183e-01 2.096394255687332175e-01 9.248545778970566289e+01 5.227650897627698218e-04 
-4.031022324940812140e+00 -3.791905639224649183e-01 2.096394255687332175e-01 9.248545778970566289e+01 5.227650897627698218e-04 
-4.031022324940812140e+00 -3.791905639224649183e-01 2.096394255687332175e-01 9.248545778970566289e+01 5.227650897627698218e-04 
-4.031022324940812140e+00 -3.791905639224649183e-01 2.096394255687332175e-01 9.248545778970566289e+01 5.227650897627698218e-04 
-4.031022324940812140e+00 -3.791905639224649183e-01 2.096394255687332175e-01 9.248545778970566289e+01 5.227650897627698218e-04 
-4.031022324940812140e+00 -3.791905639224649183e-01 2.096394255687332175e-01 9.248545778970566289e+01 5.227650897627698218e-04 
-4.031022324940812140e+00 -3.791905639224649183e-01 2.096394255687332175e-01 9.248545778970566289e+01 5.227650897627698218e-04 
-4.031022324940812140e+00 -3.791905639224649183e-01 2.096394255687332175e-01 9.248545778970566289e+01 5.227650897627698218e-04 
-4.031022324940812140e+00 -3.791905639224649183e-01 2.096394255687332175e-01 9.248545778970566289e+01 5.227650897627698218e-04 
-4.031022324940812140e+00 -3.791905639224649183e-01 2.096394255687332175e-01 9.248545778970566289e+01 5.227650897627698218e-04 
-3.748922744187806799e+00 -4.449120040163411227e-01 2.099318737844586280e-01 9.248975424952560331e+01 -5.667465397819988759e-03 
-3.863826569379510634e+00 -4.741137831200478714e-01 2.067285527909548670e-01 9.031263653157755300e+01 1.222104524895624780e-02 
-3.827512754418398888e+00 -5.108717952886790981e-01 1.985421253085581095e-01 9.254131293753123089e+01 1.181422868251516545e-02 
-4.256342265823046311e+00 -5.734164351351833666e-01 1.872547889454868053e-01 9.195324418293894553e+01 9.422523998294929717e-03 
-3.874583334140121682e+00 -5.421788326580954109e-01 1.806058665842873445e-01 8.881873055641077030e+01 1.088213812319479765e-02 
-3.958707417454897293e+00 -5.769788994192704967e-01 1.857618034533651818e-01 9.463505671240261563e+01 1.347478374550659108e-02 
-3.596123030830550515e+00 -5.529754152004616730e-01 1.932966827779400154e-01 9.872742939080359292e+01 1.623028030209113307e-02 
-3.585059280289039307e+00 -5.964860608863036262e-01 1.881367229918084749e-01 1.055733480659580010e+02 7.653727855044627909e-03 
-3.585059280289039307e+00 -5.964860608863036262e-01 1.881367229918084749e-01 1.055733480659580010e+02 7.653727855044627909e-03 
-3.540725929959850138e+00 -5.916986621502459132e-01 1.985126387678215476e-01 1.056544868836203364e+02 6.798316456004423886e-03 
-3.616090341962975963e+00 -5.684026832121088502e-01 1.943145644068871580e-01 1.023951175032485281e+02 7.603491629829304578e-03 
-3.504640073918450671e+00 -6.013987310323883895e-01 1.917597900462954252e-01 1.065899013043347168e+02 9.471660449708180218e-03 
-3.504640073918450671e+00 -6.013987310323883895e-01 1.917597900462954252e-01 1.065899013043347168e+02 9.471660449708180218e-03 
-3.788110310938222369e+00 -5.902342135533499290e-01 1.928398287883593687e-01 1.050998231779834526e+02 5.709120601304884177e-03 
-3.788110310938222369e+00 -5.902342135533499290e-01 1.928398287883593687e-01 1.050998231779834526e+02 5.709120601304884177e-03 
-3.788110310938222369e+00 -5.902342135533499290e-01 1.928398287883593687e-01 1.050998231779834526e+02 5.709120601304884177e-03 
-3.788110310938222369e+00 -5.902342135533499290e-01 1.928398287883593687e-01 1.050998231779834526e+02 5.709120601304884177e-03 
-3.739796534225061642e+00 -5.312152241149620258e-01 1.892040573034905193e-01 1.083098851535578291e+02 5.282751386711473200e-03 
-3.739796534225061642e+00 -5.312152241149620258e-01 1.892040573034905193e-01 1.083098851535578291e+02 5.282751386711473200e-03 
-3.739796534225061642e+00 -5.312152241149620258e-01 1.892040573034905193e-01 1.083098851535578291e+02 5.282751386711473200e-03 
-3.739796534225061642e+00 -5.312152241149620258e-01 1.892040573034905193e-01 1.083098851535578291e+02 5.282751386711473200e-03 
-3.739796534225061642e+00 -5.312152241149620258e-01 1.892040573034905193e-01 1.083098851535578291e+02 5.282751386711473200e-03 
-3.739796534225061642e+00 -5.312152241149620258e-01 1.892040573034905193e-01 1.083098851535578291e+02 5.282751386711473200e-03 
-3.677733549253788592e+00 -5.372590521924995866e-01 1.955096631899213844e-01 1.143314239759612718e+02 -1.434985551422553705e-02 
-3.753907852133241185e+00 -5.572618447763980631e-01 1.971997648887984511e-01 1.133253194373265273e+02 1.834905483848717905e-02 
-3.887277077950427095e+00 -6.313653804843585293e-01 1.934584414472239333e-01 1.125579648510851314e+02 8.247852715053365438e-03 
-3.887277077950427095e+00 -6.313653804843585293e-01 1.934584414472239333e-01 1.125579648510851314e+02 8.247852715053365438e-03 
-3.887277077950427095e+00 -6.313653804843585293e-01 1.934584414472239333e-01 1.125579648510851314e+02 8.247852715053365438e-03 
-3.887277077950427095e+00 -6.313653804843585293e-01 1.934584414472239333e-01 1.125579648510851314e+02 8.247852715053365438e-03 
-4.109909924903082157e+00 -6.017970451516840846e-01 1.966184677570419481e-01 1.185240108098740990e+02 6.435445319157819671e-03 
-3.854591149467354150e+00 -5.648442218428125772e-01 1.906760068207344061e-01 1.121625451376255285e+02 1.048185306651403664e-02 
-3.753804402241632587e+00 -5.044825575580007548e-01 1.822195549175585905e-01 1.099820825866640064e+02 8.336424835485724272e-03 
-3.826420221535729915e+00 -5.009496084328368681e-01 1.789838423202672613e-01 1.097385661041768259e+02 1.414713812107528529e-02 
-3.819464676613373300e+00 -4.699276399142666150e-01 1.821055210528360613e-01 1.097894014130664573e+02 1.684858700762554423e-02 
-4.252706042359254646e+00 -4.604791349345809248e-01 1.842667742120987773e-01 1.026865219513323950e+02 1.366036078119738095e-02 
-4.063468204960693164e+00 -4.909808565415455517e-01 1.816353767361764959e-01 1.018633968644693084e+02 -3.773339940928887443e-03 
-3.904339133266816475e+00 -4.759890608620186425e-01 1.752656399064724257e-01 9.921413518900905615e+01 1.137851023724544171e-02 
-3.742057960596488542e+00 -6.159907684740431044e-01 1.815276908972739134e-01 9.746794069321957465e+01 7.879812686765221008e-03 
-3.742057960596488542e+00 -6.159907684740431044e-01 1.815276908972739134e-01 9.746794069321957465e+01 7.879812686765221008e-03 
-3.949424944070789589e+00 -5.630937577367265412e-01 1.916524841242513988e-01 9.307177807736553632e+01 7.883124271580714548e-03 
-3.952568847955496789e+00 -5.252113453852997882e-01 1.919048938517126934e-01 9.262697068776220988e+01 4.603554564146511777e-03 
-3.952568847955496789e+00 -5.252113453852997882e-01 1.919048938517126934e-01 9.262697068776220988e+01 4.603554564146511777e-03 
-3.952568847955496789e+00 -5.252113453852997882e-01 1.919048938517126934e-01 9.262697068776220988e+01 4.603554564146511777e-03 
-3.952568847955496789e+00 -5.252113453852997882e-01 1.919048938517126934e-01 9.262697068776220988e+01 4.603554564146511777e-03 
-3.952568847955496789e+00 -5.252113453852997882e-01 1.919048938517126934e-01 9.262697068776220988e+01 4.603554564146511777e-03 
-3.952568847955496789e+00 -5.252113453852997882e-01 1.919048938517126934e-01 9.262697068776220988e+01 4.603554564146511777e-03 
-3.952568847955496789e+00 -5.252113453852997882e-01 1.919048938517126934e-01 9.262697068776220988e+01 4.603554564146511777e-03 
-3.952568847955496789e+00 -5.252113453852997882e-01 1.919048938517126934e-01 9.262697068776220988e+01 4.603554564146511777e-03 
-3.952568847955496789e+00 -5.252113453852997882e-01 1.919048938517126934e-01 9.262697068776220988e+01 4.603554564146511777e-03 
-3.952568847955496789e+00 -5.252113453852997882e-01 1.919048938517126934e-01 9.262697068776220988e+01 4.603554564146511777e-03 
-3.952568847955496789e+00 -5.252113453852997882e-01 1.919048938517126934e-01 9.262697068776220988e+01 4.603554564146511777e-03 
-3.952568847955496789e+00 -5.252113453852997882e-01 1.919048938517126934e-01 9.262697068776220988e+01 4.603554564146511777e-03 
-3.952568847955496789e+00 -5.252113453852997882e-01 1.919048938517126934e-01 9.262697068776220988e+01 4.603554564146511777e-03 
-4.107445793673841550e+00 -6.018978896976466819e-01 1.906611032640016523e-01 9.255364403623310920e+01 6.785377545227443477e-03 
-4.107445793673841550e+00 -6.018978896976466819e-01 1.906611032640016523e-01 9.255364403623310920e+01 6.785377545227443477e-03 
-4.293173708018889201e+00 -6.672539738525555819e-01 1.846118871202856726e-01 9.130502998608253051e+01 3.897260888048681080e-03 
-4.293173708018889201e+00 -6.672539738525555819e-01 1.846118871202856726e-01 9.130502998608253051e+01 3.897260888048681080e-03 
-4.293173708018889201e+00 -6.672539738525555819e-01 1.846118871202856726e-01 9.130502998608253051e+01 3.897260888048681080e-03 
-4.293173708018889201e+00 -6.672539738525555819e-01 1.846118871202856726e-01 9.130502998608253051e+01 3.897260888048681080e-03 
-4.293173708018889201e+00 -6.672539738525555819e-01 1.846118871202856726e-01 9.130502998608253051e+01 3.897260888048681080e-03 
-4.293173708018889201e+00 -6.672539738525555819e-01 1.846118871202856726e-01 9.130502998608253051e+01 3.897260888048681080e-03 
-4.314733285803982632e+00 -6.742437964886357493e-01 1.877082328240957942e-01 9.078717577953109696e+01 6.844458077070026888e-03 
-4.314733285803982632e+00 -6.742437964886357493e-01 1.877082328240957942e-01 9.078717577953109696e+01 6.844458077070026888e-03 
-4.314733285803982632e+00 -6.742437964886357493e-01 1.877082328240957942e-01 9.078717577953109696e+01 6.844458077070026888e-03 
-4.314733285803982632e+00 -6.742437964886357493e-01 1.877082328240957942e-01 9.078717577953109696e+01 6.844458077070026888e-03 
-4.060508659635636342e+00 -7.274547252759636651e-01 1.799513629853216889e-01 9.740778498306427480e+01 8.000830486958725521e-03 
-4.207739812838640958e+00 -7.343783515078221580e-01 1.764336875986010911e-01 9.384743548468563290e+01 9.666117038278210574e-03 
-4.175409517112053770e+00 -6.682304586825479342e-01 1.759718727635848634e-01 9.194431845415965654e+01 1.430789027763457698e-02 
-4.285181459244387980e+00 -6.655101637961989836e-01 1.694457060220520839e-01 9.489287221610193512e+01 1.053238461061949648e-02 
-4.188112511309792119e+00 -6.212842683371883057e-01 1.670610458210567417e-01 9.477552659532426560e+01 1.013207463282347204e-02 
-4.087059501125685834e+00 -5.659836500426276285e-01 1.653227371541102775e-01 9.413462278910755288e+01 5.930018062858980615e-03 
-4.087059501125685834e+00 -5.659836500426276285e-01 1.653227371541102775e-01 9.413462278910755288e+01 5.930018062858980615e-03 
-4.085126428591235204e+00 -6.766126648429873214e-01 1.535216614770627819e-01 9.792636269234816382e+01 7.752281402433373707e-03 
-4.085126428591235204e+00 -6.766126648429873214e-01 1.535216614770627819e-01 9.792636269234816382e+01 7.752281402433373707e-03 
-3.701833773910464753e+00 -7.275676849769052712e-01 1.515512814532553876e-01 9.768748068433934861e+01 6.046220520367717385e-03 
-3.701833773910464753e+00 -7.275676849769052712e-01 1.515512814532553876e-01 9.768748068433934861e+01 6.046220520367717385e-03 
-3.701833773910464753e+00 -7.275676849769052712e-01 1.515512814532553876e-01 9.768748068433934861e+01 6.046220520367717385e-03 
-3.701833773910464753e+00 -7.275676849769052712e-01 1.515512814532553876e-01 9.768748068433934861e+01 6.046220520367717385e-03 
-3.701833773910464753e+00 -7.275676849769052712e-01 1.515512814532553876e-01 9.768748068433934861e+01 6.046220520367717385e-03 
-3.543683659680873177e+00 -6.512890990508976019e-01 1.474288977682081392e-01 9.471057421243962438e+01 8.356013892972198598e-03 
-3.683864714768928295e+00 -6.324260947299528146e-01 1.547670805576539799e-01 9.563016143743035968e+01 -1.415319244101896634e-03 
-3.693697431428844435e+00 -7.391244414125619500e-01 1.582640435298809933e-01 9.340210218825563970e+01 1.466774834288112929e-02 
-3.584154209353436649e+00 -7.220073516396969815e-01 1.534257793915911883e-01 9.757492462201611261e+01 7.803149812297275126e-03 
-3.563604730303833179e+00 -7.135572768105300501e-01 1.427599447832305080e-01 1.003891351648409369e+02 5.573891578194957279e-03 
-3.711546456400112604e+00 -6.991039743315818900e-01 1.297457415508443401e-01 8.871159187459772966e+01 7.559281025577468255e-03 
-3.815692762445605624e+00 -5.910163704809464624e-01 1.236233579838418167e-01 9.178213447457181928e+01 4.554234201682894230e-04 
-3.815692762445605624e+00 -5.910163704809464624e-01 1.236233579838418167e-01 9.178213447457181928e+01 4.554234201682894230e-04 
-3.815692762445605624e+00 -5.910163704809464624e-01 1.236233579838418167e-01 9.178213447457181928e+01 4.554234201682894230e-04 
-3.815692762445605624e+00 -5.910163704809464624e-01 1.236233579838418167e-01 9.178213447457181928e+01 4.554234201682894230e-04 
-3.815692762445605624e+00 -5.910163704809464624e-01 1.236233579838418167e-01 9.178213447457181928e+01 4.554234201682894230e-04 
-3.815692762445605624e+00 -5.910163704809464624e-01 1.236233579838418167e-01 9.178213447457181928e+01 4.554234201682894230e-04 
-3.641819724633722721e+00 -6.136089297312983248e-01 1.208500750600906143e-01 9.559616474660293761e+01 -1.607932934760589530e-02 
-3.763714124583350973e+00 -6.115415503125476437e-01 1.140751506876307719e-01 9.561305828216245573e+01 1.161835133276571501e-02 
-3.830738759415027950e+00 -5.839779575147436841e-01 1.261237581122370832e-01 1.008222635116222250e+02 4.089542072683447632e-03 
-3.490511730300938531e+00 -6.100495571638585579e-01 1.316294096073404585e-01 1.010132681892945214e+02 5.228570313004284043e-03 
-3.490511730300938531e+00 -6.100495571638585579e-01 1.316294096073404585e-01 1.010132681892945214e+02 5.228570313004284043e-03 
-3.490511730300938531e+00 -6.100495571638585579e-01 1.316294096073404585e-01 1.010132681892945214e+02 5.228570313004284043e-03 
-3.369281997922379812e+00 -6.607847528982803142e-01 1.302197865872638249e-01 1.063946462457149380e+02 3.974709444644168588e-03 
-3.369281997922379812e+00 -6.607847528982803142e-01 1.302197865872638249e-01 1.063946462457149380e+02 3.974709444644168588e-03 
-2.962325660741770506e+00 -6.447252640731795381e-01 1.298091960733576689e-01 1.083535885134338486e+02 -2.345557931089531714e-03 
-3.151212618331793891e+00 -6.807603242798384580e-01 1.255912641364467786e-01 1.077342506136800182e+02 1.049914058967902492e-02 
-3.438997894062436167e+00 -6.640694804744203816e-01 1.310352286588215287e-01 1.159900336958138070e+02 5.628113751396579198e-03 
-3.438997894062436167e+00 -6.640694804744203816e-01 1.310352286588215287e-01 1.159900336958138070e+02 5.628113751396579198e-03 
-3.438997894062436167e+00 -6.640694804744203816e-01 1.310352286588215287e-01 1.159900336958138070e+02 5.628113751396579198e-03 
-3.438997894062436167e+00 -6.640694804744203816e-01 1.310352286588215287e-01 1.159900336958138070e+02 5.628113751396579198e-03 
-3.438997894062436167e+00 -6.640694804744203816e-01 1.310352286588215287e-01 1.159900336958138070e+02 5.628113751396579198e-03 
-3.214067087015945567e+00 -6.486845472855311545e-01 1.360121959148592186e-01 1.155385293038421821e+02 6.513077857105782978e-03 
-2.882326206707363614e+00 -6.090959109905337288e-01 1.233682484679514968e-01 1.195892284377908510e+02 9.473529250354075643e-03 
-3.017393324992663661e+00 -6.154773556994821426e-01 1.250257289577259845e-01 1.218659184994736080e+02 7.180705056861908311e-03 
-2.981225719041527444e+00 -6.002767826949558794e-01 1.194035046868748284e-01 1.286383188585250537e+02 5.938939195538733493e-03 
-2.902244615999033606e+00 -6.585035750912701102e-01 1.187577568698338359e-01 1.281362452324794106e+02 7.755769161885592636e-03 
-2.853057187738309519e+00 -7.160718567295848436e-01 1.209131867405322525e-01 1.277064984073697929e+02 8.886088433232658401e-03 
-2.853057187738309519e+00 -7.160718567295848436e-01 1.209131867405322525e-01 1.277064984073697929e+02 8.886088433232658401e-03 
-2.853057187738309519e+00 -7.160718567295848436e-01 1.209131867405322525e-01 1.277064984073697929e+02 8.886088433232658401e-03 
-2.846893676800154704e+00 -7.719460919206456717e-01 1.221692572575941299e-01 1.300359701100945244e+02 9.782873490419400492e-03 
-2.852232432791495853e+00 -8.089999925837350059e-01 1.192333752357671167e-01 1.283273330057890291e+02 1.356041019071717660e-02 
-2.593834052310395322e+00 -8.764022165534618436e-01 1.153286093928368450e-01 1.330173439979046179e+02 1.068373797096826977e-02 
-2.759409759833718390e+00 -9.003529679136157426e-01 1.133585232678721855e-01 1.320058022494799843e+02 1.299305746170822951e-02 
-2.970897464261222254e+00 -8.347058846679091815e-01 1.097388431243356555e-01 1.349539464723294202e+02 1.241566028643745559e-02 
-3.346306918266530595e+00 -8.850946948535076686e-01 1.058768229915481168e-01 1.490574583176997123e+02 1.082895348963351309e-02 
-3.346306918266530595e+00 -8.850946948535076686e-01 1.058768229915481168e-01 1.490574583176997123e+02 1.082895348963351309e-02 
-3.346306918266530595e+00 -8.850946948535076686e-01 1.058768229915481168e-01 1.490574583176997123e+02 1.082895348963351309e-02 
-3.421747367425676867e+00 -9.248282783515422434e-01 9.239543712470806025e-02 1.464504468506981425e+02 9.923684906412872167e-03 
-3.551737421741498757e+00 -8.901508123175355669e-01 9.267177260832237806e-02 1.451598248770690418e+02 6.835243760052102380e-03 
-3.227003720056921043e+00 -8.475039433604456551e-01 9.049355620479303253e-02 1.459347394874359622e+02 2.242429808296014099e-03 
-3.227003720056921043e+00 -8.475039433604456551e-01 9.049355620479303253e-02 1.459347394874359622e+02 2.242429808296014099e-03 
-3.227003720056921043e+00 -8.475039433604456551e-01 9.049355620479303253e-02 1.459347394874359622e+02 2.242429808296014099e-03 
-3.227003720056921043e+00 -8.475039433604456551e-01 9.049355620479303253e-02 1.459347394874359622e+02 2.242429808296014099e-03 
-3.227003720056921043e+00 -8.475039433604456551e-01 9.049355620479303253e-02 1.459347394874359622e+02 2.242429808296014099e-03 
-3.227003720056921043e+00 -8.475039433604456551e-01 9.049355620479303253e-02 1.459347394874359622e+02 2.242429808296014099e-03 
-3.227003720056921043e+00 -8.475039433604456551e-01 9.049355620479303253e-02 1.459347394874359622e+02 2.242429808296014099e-03 
