-3.525684220665286528e+00 -9.247375728073103929e-01 1.343497870941295080e-01 6.871630625355059863e+01 9.498535926794303419e-03 
-3.648145802309314956e+00 -7.656429373817135176e-01 1.117249573833991455e-01 5.594016820270173440e+01 7.827748632720493011e-04 
-3.648145802309314956e+00 -7.656429373817135176e-01 1.117249573833991455e-01 5.594016820270173440e+01 7.827748632720493011e-04 
-3.648145802309314956e+00 -7.656429373817135176e-01 1.117249573833991455e-01 5.594016820270173440e+01 7.827748632720493011e-04 
-3.648145802309314956e+00 -7.656429373817135176e-01 1.117249573833991455e-01 5.594016820270173440e+01 7.827748632720493011e-04 
-3.648145802309314956e+00 -7.656429373817135176e-01 1.117249573833991455e-01 5.594016820270173440e+01 7.827748632720493011e-04 
-3.648145802309314956e+00 -7.656429373817135176e-01 1.117249573833991455e-01 5.594016820270173440e+01 7.827748632720493011e-04 
-3.648145802309314956e+00 -7.656429373817135176e-01 1.117249573833991455e-01 5.594016820270173440e+01 7.827748632720493011e-04 
-3.648145802309314956e+00 -7.656429373817135176e-01 1.117249573833991455e-01 5.594016820270173440e+01 7.827748632720493011e-04 
-3.648145802309314956e+00 -7.656429373817135176e-01 1.117249573833991455e-01 5.594016820270173440e+01 7.827748632720493011e-04 
-3.648145802309314956e+00 -7.656429373817135176e-01 1.117249573833991455e-01 5.594016820270173440e+01 7.827748632720493011e-04 
-3.648145802309314956e+00 -7.656429373817135176e-01 1.117249573833991455e-01 5.594016820270173440e+01 7.827748632720493011e-04 
-3.648145802309314956e+00 -7.656429373817135176e-01 1.117249573833991455e-01 5.594016820270173440e+01 7.827748632720493011e-04 
-3.648145802309314956e+00 -7.656429373817135176e-01 1.117249573833991455e-01 5.594016820270173440e+01 7.827748632720493011e-04 
-3.648145802309314956e+00 -7.656429373817135176e-01 1.117249573833991455e-01 5.594016820270173440e+01 7.827748632720493011e-04 
-3.648145802309314956e+00 -7.656429373817135176e-01 1.117249573833991455e-01 5.594016820270173440e+01 7.827748632720493011e-04 
-3.648145802309314956e+00 -7.656429373817135176e-01 1.117249573833991455e-01 5.594016820270173440e+01 7.827748632720493011e-04 
-3.648145802309314956e+00 -7.656429373817135176e-01 1.117249573833991455e-01 5.594016820270173440e+01 7.827748632720493011e-04 
-3.648145802309314956e+00 -7.656429373817135176e-01 1.117249573833991455e-01 5.594016820270173440e+01 7.827748632720493011e-04 
-3.648145802309314956e+00 -7.656429373817135176e-01 1.117249573833991455e-01 5.594016820270173440e+01 7.827748632720493011e-04 
-3.648145802309314956e+00 -7.656429373817135176e-01 1.117249573833991455e-01 5.594016820270173440e+01 7.827748632720493011e-04 
-3.648145802309314956e+00 -7.656429373817135176e-01 1.117249573833991455e-01 5.594016820270173440e+01 7.827748632720493011e-04 
-3.648145802309314956e+00 -7.656429373817135176e-01 1.117249573833991455e-01 5.594016820270173440e+01 7.827748632720493011e-04 
-3.648145802309314956e+00 -7.656429373817135176e-01 1.117249573833991455e-01 5.594016820270173440e+01 7.827748632720493011e-04 
-3.648145802309314956e+00 -7.656429373817135176e-01 1.117249573833991455e-01 5.594016820270173440e+01 7.827748632720493011e-04 
-3.648145802309314956e+00 -7.656429373817135176e-01 1.117249573833991455e-01 5.594016820270173440e+01 7.827748632720493011e-04 
-3.538696922086877361e+00 -7.245846844944286991e-01 1.067744097977726542e-01 5.408623539352759479e+01 -1.276405051551778025e-03 
-3.633859690803955100e+00 -7.248223419584602922e-01 1.014260339727372506e-01 5.367732409505492797e+01 1.042984876019302336e-02 
-3.658797878663118563e+00 -7.259787790778355898e-01 1.008592576235659843e-01 5.324133599257257998e+01 7.256490930199025434e-03 
-3.566286056062937249e+00 -6.738845369729570267e-01 8.797443463855027235e-02 5.704566152338460938e+01 6.142842880380004061e-03 
-3.566286056062937249e+00 -6.738845369729570267e-01 8.797443463855027235e-02 5.704566152338460938e+01 6.142842880380004061e-03 
-3.566286056062937249e+00 -6.738845369729570267e-01 8.797443463855027235e-02 5.704566152338460938e+01 6.142842880380004061e-03 
-3.566286056062937249e+00 -6.738845369729570267e-01 8.797443463855027235e-02 5.704566152338460938e+01 6.142842880380004061e-03 
-3.590586044852527969e+00 -6.277141998954454127e-01 9.934183054867190554e-02 5.380135495584671901e+01 8.686308654531375503e-03 
-3.781198301488018831e+00 -7.225982373820494242e-01 9.689541722138211854e-02 5.542512362704190565e+01 7.830038330065713578e-03 
-3.990574759693566342e+00 -6.535983163805312302e-01 1.047371879985097426e-01 5.487083149563427042e+01 4.598482532649203480e-03 
-3.990115385749284815e+00 -6.597651396853014827e-01 1.030395199802684458e-01 5.674518256644088865e+01 1.394346696675986298e-03 
-3.990115385749284815e+00 -6.597651396853014827e-01 1.030395199802684458e-01 5.674518256644088865e+01 1.394346696675986298e-03 
-3.990115385749284815e+00 -6.597651396853014827e-01 1.030395199802684458e-01 5.674518256644088865e+01 1.394346696675986298e-03 
-3.990115385749284815e+00 -6.597651396853014827e-01 1.030395199802684458e-01 5.674518256644088865e+01 1.394346696675986298e-03 
-3.990115385749284815e+00 -6.597651396853014827e-01 1.030395199802684458e-01 5.674518256644088865e+01 1.394346696675986298e-03 
-3.990115385749284815e+00 -6.597651396853014827e-01 1.030395199802684458e-01 5.674518256644088865e+01 1.394346696675986298e-03 
-3.990115385749284815e+00 -6.597651396853014827e-01 1.030395199802684458e-01 5.674518256644088865e+01 1.394346696675986298e-03 
-3.990115385749284815e+00 -6.597651396853014827e-01 1.030395199802684458e-01 5.674518256644088865e+01 1.394346696675986298e-03 
-3.990115385749284815e+00 -6.597651396853014827e-01 1.030395199802684458e-01 5.674518256644088865e+01 1.394346696675986298e-03 
-3.990115385749284815e+00 -6.597651396853014827e-01 1.030395199802684458e-01 5.674518256644088865e+01 1.394346696675986298e-03 
-3.990115385749284815e+00 -6.597651396853014827e-01 1.030395199802684458e-01 5.674518256644088865e+01 1.394346696675986298e-03 
-3.990115385749284815e+00 -6.597651396853014827e-01 1.030395199802684458e-01 5.674518256644088865e+01 1.394346696675986298e-03 
-3.990115385749284815e+00 -6.597651396853014827e-01 1.030395199802684458e-01 5.674518256644088865e+01 1.394346696675986298e-03 
-3.990115385749284815e+00 -6.597651396853014827e-01 1.030395199802684458e-01 5.674518256644088865e+01 1.394346696675986298e-03 
-3.990115385749284815e+00 -6.597651396853014827e-01 1.030395199802684458e-01 5.674518256644088865e+01 1.394346696675986298e-03 
-3.990115385749284815e+00 -6.597651396853014827e-01 1.030395199802684458e-01 5.674518256644088865e+01 1.394346696675986298e-03 
-3.990115385749284815e+00 -6.597651396853014827e-01 1.030395199802684458e-01 5.674518256644088865e+01 1.394346696675986298e-03 
-3.990115385749284815e+00 -6.597651396853014827e-01 1.030395199802684458e-01 5.674518256644088865e+01 1.394346696675986298e-03 
-3.990115385749284815e+00 -6.597651396853014827e-01 1.030395199802684458e-01 5.674518256644088865e+01 1.394346696675986298e-03 
-3.990115385749284815e+00 -6.597651396853014827e-01 1.030395199802684458e-01 5.674518256644088865e+01 1.394346696675986298e-03 
-3.990115385749284815e+00 -6.597651396853014827e-01 1.030395199802684458e-01 5.674518256644088865e+01 1.394346696675986298e-03 
-3.990115385749284815e+00 -6.597651396853014827e-01 1.030395199802684458e-01 5.674518256644088865e+01 1.394346696675986298e-03 
-3.990115385749284815e+00 -6.597651396853014827e-01 1.030395199802684458e-01 5.674518256644088865e+01 1.394346696675986298e-03 
-3.990115385749284815e+00 -6.597651396853014827e-01 1.030395199802684458e-01 5.674518256644088865e+01 1.394346696675986298e-03 
-3.990115385749284815e+00 -6.597651396853014827e-01 1.030395199802684458e-01 5.674518256644088865e+01 1.394346696675986298e-03 
-3.990115385749284815e+00 -6.597651396853014827e-01 1.030395199802684458e-01 5.674518256644088865e+01 1.394346696675986298e-03 
-3.990115385749284815e+00 -6.597651396853014827e-01 1.030395199802684458e-01 5.674518256644088865e+01 1.394346696675986298e-03 
-3.990115385749284815e+00 -6.597651396853014827e-01 1.030395199802684458e-01 5.674518256644088865e+01 1.394346696675986298e-03 
-3.990115385749284815e+00 -6.597651396853014827e-01 1.030395199802684458e-01 5.674518256644088865e+01 1.394346696675986298e-03 
-3.990115385749284815e+00 -6.597651396853014827e-01 1.030395199802684458e-01 5.674518256644088865e+01 1.394346696675986298e-03 
-3.990115385749284815e+00 -6.597651396853014827e-01 1.030395199802684458e-01 5.674518256644088865e+01 1.394346696675986298e-03 
-3.990115385749284815e+00 -6.597651396853014827e-01 1.030395199802684458e-01 5.674518256644088865e+01 1.394346696675986298e-03 
-3.990115385749284815e+00 -6.597651396853014827e-01 1.030395199802684458e-01 5.674518256644088865e+01 1.394346696675986298e-03 
-3.990115385749284815e+00 -6.597651396853014827e-01 1.030395199802684458e-01 5.674518256644088865e+01 1.394346696675986298e-03 
-3.765769953853492336e+00 -6.180190346562476345e-01 1.021192269202253616e-01 5.353723911864238971e+01 -2.558522580863353130e-02 
-4.008268861222424206e+00 -6.356654573568115696e-01 9.894446832995903995e-02 5.792391075578368742e+01 1.076887955332298322e-02 
-3.998830916530714763e+00 -6.262202339092868275e-01 9.644464276848828399e-02 5.668599620777300174e+01 5.359790433859329233e-03 
-3.998830916530714763e+00 -6.262202339092868275e-01 9.644464276848828399e-02 5.668599620777300174e+01 5.359790433859329233e-03 
-3.998830916530714763e+00 -6.262202339092868275e-01 9.644464276848828399e-02 5.668599620777300174e+01 5.359790433859329233e-03 
-3.998830916530714763e+00 -6.262202339092868275e-01 9.644464276848828399e-02 5.668599620777300174e+01 5.359790433859329233e-03 
-3.998830916530714763e+00 -6.262202339092868275e-01 9.644464276848828399e-02 5.668599620777300174e+01 5.359790433859329233e-03 
-3.737989301059523317e+00 -5.658259901037091533e-01 9.884230816929866215e-02 5.697893212648210692e+01 4.489613759327862677e-03 
-3.737989301059523317e+00 -5.658259901037091533e-01 9.884230816929866215e-02 5.697893212648210692e+01 4.489613759327862677e-03 
-3.713280485058710223e+00 -5.396801199490589562e-01 1.053183946824976930e-01 6.337950785928750008e+01 5.036750287760862442e-03 
-3.713280485058710223e+00 -5.396801199490589562e-01 1.053183946824976930e-01 6.337950785928750008e+01 5.036750287760862442e-03 
-3.713280485058710223e+00 -5.396801199490589562e-01 1.053183946824976930e-01 6.337950785928750008e+01 5.036750287760862442e-03 
-3.713280485058710223e+00 -5.396801199490589562e-01 1.053183946824976930e-01 6.337950785928750008e+01 5.036750287760862442e-03 
-3.620671182883234529e+00 -4.827772121700655283e-01 1.158654795120264425e-01 5.806782465268404536e+01 6.953140116009821556e-03 
-3.620671182883234529e+00 -4.827772121700655283e-01 1.158654795120264425e-01 5.806782465268404536e+01 6.953140116009821556e-03 
-3.620671182883234529e+00 -4.827772121700655283e-01 1.158654795120264425e-01 5.806782465268404536e+01 6.953140116009821556e-03 
-3.620671182883234529e+00 -4.827772121700655283e-01 1.158654795120264425e-01 5.806782465268404536e+01 6.953140116009821556e-03 
-3.539122845415986873e+00 -5.413656396215470457e-01 1.115177377329101827e-01 5.622542339490847496e+01 6.528501864279155978e-03 
-3.524656177875352014e+00 -5.251525010040709596e-01 1.082671507865628491e-01 6.246243486014317625e+01 5.930487452969073620e-03 
-3.563081718954903110e+00 -5.830775849216865980e-01 1.106668346611954235e-01 6.343748714615579587e+01 5.480107401954084287e-03 
-3.563081718954903110e+00 -5.830775849216865980e-01 1.106668346611954235e-01 6.343748714615579587e+01 5.480107401954084287e-03 
-3.563081718954903110e+00 -5.830775849216865980e-01 1.106668346611954235e-01 6.343748714615579587e+01 5.480107401954084287e-03 
-3.563081718954903110e+00 -5.830775849216865980e-01 1.106668346611954235e-01 6.343748714615579587e+01 5.480107401954084287e-03 
-3.563081718954903110e+00 -5.830775849216865980e-01 1.106668346611954235e-01 6.343748714615579587e+01 5.480107401954084287e-03 
-3.563081718954903110e+00 -5.830775849216865980e-01 1.106668346611954235e-01 6.343748714615579587e+01 5.480107401954084287e-03 
-3.563081718954903110e+00 -5.830775849216865980e-01 1.106668346611954235e-01 6.343748714615579587e+01 5.480107401954084287e-03 
-3.458564240827952663e+00 -6.629941705556180453e-01 1.156427153142420006e-01 6.102577500636134999e+01 6.156845733257344799e-03 
-3.639928284253417079e+00 -7.216296849978128813e-01 1.138731001569640994e-01 6.182792600281933204e+01 7.829298015511722275e-03 
-3.427860221971563703e+00 -7.238846316886065058e-01 1.090002686124677822e-01 6.206937635482638882e+01 5.628445049205112356e-03 
-3.519591720644795974e+00 -6.465615768416997922e-01 1.039002824192383628e-01 6.976926070288321569e+01 5.230056175427739464e-03 
-3.586558828482554251e+00 -6.575344728187675347e-01 1.075866989700739601e-01 6.989288344943361153e+01 4.617160109088523298e-03 
-3.586558828482554251e+00 -6.575344728187675347e-01 1.075866989700739601e-01 6.989288344943361153e+01 4.617160109088523298e-03 
-3.774645851833175136e+00 -7.092355970994040915e-01 1.012393624745816928e-01 7.196679092765256769e+01 6.514407506287856094e-03 
-3.774645851833175136e+00 -7.092355970994040915e-01 1.012393624745816928e-01 7.196679092765256769e+01 6.514407506287856094e-03 
-3.485219578380378103e+00 -6.679600210043272757e-01 1.011455434595381342e-01 6.892184750581145636e+01 6.231228316063278094e-03 
-3.170590324294241924e+00 -7.204131471859696045e-01 8.817278287458724106e-02 6.509033180310487410e+01 4.508862305097649167e-03 
-3.425818845812878877e+00 -7.518684074725466848e-01 9.014990586631735359e-02 7.037365047034724341e+01 5.989565284988594002e-03 
-3.248435916779095933e+00 -7.342981722494115182e-01 8.217271768327799597e-02 6.961636929516360794e+01 5.543766423222734087e-03 
-3.268651131081304229e+00 -7.096928290504352921e-01 7.994561870696760553e-02 7.158152011159158690e+01 7.639496188875541036e-03 
-3.268651131081304229e+00 -7.096928290504352921e-01 7.994561870696760553e-02 7.158152011159158690e+01 7.639496188875541036e-03 
-3.048928783760606276e+00 -6.891260959308923573e-01 7.883708502006001040e-02 7.217036484195357104e+01 9.583984621524287151e-03 
-3.169319278375462012e+00 -6.467210863527024234e-01 7.248117823867032683e-02 6.755540316387205735e+01 6.423790599390102191e-03 
-3.169319278375462012e+00 -6.467210863527024234e-01 7.248117823867032683e-02 6.755540316387205735e+01 6.423790599390102191e-03 
-3.169319278375462012e+00 -6.467210863527024234e-01 7.248117823867032683e-02 6.755540316387205735e+01 6.423790599390102191e-03 
-2.987838305877671630e+00 -6.707176868706976602e-01 6.727516354145454680e-02 6.882538253161335717e+01 6.415692831110370378e-03 
-2.657806156805830433e+00 -7.297721807805896965e-01 6.321322654683891873e-02 6.501792038340977342e+01 4.494254759483708173e-03 
-2.657806156805830433e+00 -7.297721807805896965e-01 6.321322654683891873e-02 6.501792038340977342e+01 4.494254759483708173e-03 
-2.619796898608365510e+00 -7.725603127547842064e-01 7.227245306456603346e-02 6.593146013720381404e+01 4.030604401854018075e-03 
-2.619796898608365510e+00 -7.725603127547842064e-01 7.227245306456603346e-02 6.593146013720381404e+01 4.030604401854018075e-03 
-2.619796898608365510e+00 -7.725603127547842064e-01 7.227245306456603346e-02 6.593146013720381404e+01 4.030604401854018075e-03 
-2.619796898608365510e+00 -7.725603127547842064e-01 7.227245306456603346e-02 6.593146013720381404e+01 4.030604401854018075e-03 
-2.785519060479118902e+00 -7.796383956343789778e-01 6.957093560001548216e-02 6.839466154882946114e+01 5.432131631731861900e-03 
-2.835112588451572879e+00 -8.189568691300622705e-01 5.974938281206402385e-02 5.761650836708651724e+01 9.511224613756866925e-03 
-2.775528413152132945e+00 -8.009793977871576542e-01 5.613304372054191138e-02 5.527603697099748814e+01 8.156782137759058943e-03 
-2.668011208102592846e+00 -7.878183290479012779e-01 5.242159246050213939e-02 5.879222056472251978e+01 9.327114914282388577e-03 
-2.744111527000075768e+00 -7.825827274435781522e-01 5.266934035475583087e-02 5.704035898271594363e+01 1.157251600050731438e-02 
-2.732041408041217867e+00 -8.643997960120940460e-01 5.139315936983498284e-02 5.818598026629143050e+01 1.463285714388993727e-02 
-2.776553231814777423e+00 -9.443417041306936266e-01 6.070827233872017753e-02 5.649911265996010457e+01 7.567739061334620085e-03 
-2.776553231814777423e+00 -9.443417041306936266e-01 6.070827233872017753e-02 5.649911265996010457e+01 7.567739061334620085e-03 
-2.651305015619047190e+00 -9.195947837515263679e-01 7.207818056325478173e-02 5.563639834781874072e+01 8.284218695850942282e-03 
-2.558384731946768742e+00 -8.950603730031362337e-01 7.142556333726528262e-02 6.269245364970539924e+01 5.931522887919215420e-03 
-2.558384731946768742e+00 -8.950603730031362337e-01 7.142556333726528262e-02 6.269245364970539924e+01 5.931522887919215420e-03 
-2.384096092863599470e+00 -8.874739180896601409e-01 7.122884426679275405e-02 6.125674936257992442e+01 5.125031912546406873e-03 
-2.384096092863599470e+00 -8.874739180896601409e-01 7.122884426679275405e-02 6.125674936257992442e+01 5.125031912546406873e-03 
-2.263897749510324076e+00 -8.484496931425893340e-01 6.412944307895092344e-02 6.330515497508098122e+01 4.989561101601367940e-03 
-2.263897749510324076e+00 -8.484496931425893340e-01 6.412944307895092344e-02 6.330515497508098122e+01 4.989561101601367940e-03 
-2.263897749510324076e+00 -8.484496931425893340e-01 6.412944307895092344e-02 6.330515497508098122e+01 4.989561101601367940e-03 
-2.263897749510324076e+00 -8.484496931425893340e-01 6.412944307895092344e-02 6.330515497508098122e+01 4.989561101601367940e-03 
-2.263897749510324076e+00 -8.484496931425893340e-01 6.412944307895092344e-02 6.330515497508098122e+01 4.989561101601367940e-03 
-2.263897749510324076e+00 -8.484496931425893340e-01 6.412944307895092344e-02 6.330515497508098122e+01 4.989561101601367940e-03 
-2.263897749510324076e+00 -8.484496931425893340e-01 6.412944307895092344e-02 6.330515497508098122e+01 4.989561101601367940e-03 
-2.208091475057767816e+00 -8.643511323780381783e-01 6.378786508515256470e-02 6.576157385013615908e+01 5.206535719909194740e-03 
-2.187111960367152719e+00 -8.477533769676700581e-01 6.429399775382242666e-02 6.847988406140532902e+01 5.282829711769678957e-03 
-2.009545430121762788e+00 -8.321070151046429109e-01 5.823460547994333686e-02 6.928761085794148755e+01 5.974331256363778556e-03 
-2.034431324975557231e+00 -7.770032039578638194e-01 5.616216471317930781e-02 7.131339325917468841e+01 5.300437603540830017e-03 
-1.727775690936959929e+00 -8.135823440218236113e-01 6.032245218816878474e-02 7.649245103381723254e+01 3.347696020630221321e-03 
-1.727775690936959929e+00 -8.135823440218236113e-01 6.032245218816878474e-02 7.649245103381723254e+01 3.347696020630221321e-03 
-1.652136923037947458e+00 -7.986030920374272979e-01 6.147083459962501134e-02 7.671713106329721654e+01 4.145524342871450239e-03 
-1.567411298240734219e+00 -8.159149858873240291e-01 6.594112499117421589e-02 7.363115591893452461e+01 3.299938666015854102e-03 
-1.567411298240734219e+00 -8.159149858873240291e-01 6.594112499117421589e-02 7.363115591893452461e+01 3.299938666015854102e-03 
