-3.601558625353150855e+00 -9.374693432681722172e-01 1.353380491870708191e-01 7.604038386753970258e+01 6.855260662127616797e-03 
-4.215832438054460951e+00 -9.407686984625729387e-01 1.507038225581334989e-01 4.959423885035155166e+01 3.368124134566611444e-03 
-4.215832438054460951e+00 -9.407686984625729387e-01 1.507038225581334989e-01 4.959423885035155166e+01 3.368124134566611444e-03 
-4.215832438054460951e+00 -9.407686984625729387e-01 1.507038225581334989e-01 4.959423885035155166e+01 3.368124134566611444e-03 
-4.215832438054460951e+00 -9.407686984625729387e-01 1.507038225581334989e-01 4.959423885035155166e+01 3.368124134566611444e-03 
-4.215832438054460951e+00 -9.407686984625729387e-01 1.507038225581334989e-01 4.959423885035155166e+01 3.368124134566611444e-03 
-4.215832438054460951e+00 -9.407686984625729387e-01 1.507038225581334989e-01 4.959423885035155166e+01 3.368124134566611444e-03 
-4.225354600676909378e+00 -9.128718155918491561e-01 1.492964220871310921e-01 5.002440376611727402e+01 5.161031531169583964e-03 
-4.225354600676909378e+00 -9.128718155918491561e-01 1.492964220871310921e-01 5.002440376611727402e+01 5.161031531169583964e-03 
-4.225354600676909378e+00 -9.128718155918491561e-01 1.492964220871310921e-01 5.002440376611727402e+01 5.161031531169583964e-03 
-4.262717786146350996e+00 -8.801984287733838341e-01 1.412230917056726542e-01 5.098910994616939263e+01 -8.549804932150652931e-03 
-4.134037281504038930e+00 -9.135998954073495382e-01 1.385082480269092253e-01 4.740796884930092858e+01 1.386625929364265070e-02 
-4.073202745703304650e+00 -8.523209490457597237e-01 1.276309611816340561e-01 5.074828485154826296e+01 1.212677120751592952e-02 
-3.880548524212102279e+00 -9.408511779835928568e-01 1.314711974966301933e-01 5.136291266362632513e+01 9.118899146295215280e-03 
-3.818726459530724870e+00 -9.381200395259042812e-01 1.333612675511919865e-01 4.885752946381889927e+01 6.558015653456553129e-03 
-3.936431656460285033e+00 -9.332920655128190690e-01 1.321593706744995378e-01 5.168208018537936965e+01 8.903358473408076734e-03 
-3.936431656460285033e+00 -9.332920655128190690e-01 1.321593706744995378e-01 5.168208018537936965e+01 8.903358473408076734e-03 
-3.941669762779779873e+00 -1.019985457564303033e+00 1.404337502009193883e-01 5.095144110731225595e+01 1.214963988848700299e-02 
-4.084534930754593951e+00 -1.000659751101314443e+00 1.323652212472179457e-01 4.907722019211236386e+01 7.236575774642144132e-03 
-4.238777682002830893e+00 -1.074454590212914784e+00 1.372502642949198215e-01 4.863064505910421076e+01 7.351050860288341898e-03 
-4.238777682002830893e+00 -1.074454590212914784e+00 1.372502642949198215e-01 4.863064505910421076e+01 7.351050860288341898e-03 
-4.238777682002830893e+00 -1.074454590212914784e+00 1.372502642949198215e-01 4.863064505910421076e+01 7.351050860288341898e-03 
-3.942813937765384136e+00 -1.085751166548049484e+00 1.373225228896571004e-01 4.914654360941229783e+01 -1.502927194839128421e-02 
-3.795984850898683316e+00 -1.066965940173999483e+00 1.448597017815435040e-01 4.552351443263550124e+01 9.128284855681945836e-03 
-3.826304752169640722e+00 -1.137315739314092022e+00 1.451775009661219196e-01 4.608243042652239296e+01 6.651842791306763862e-03 
-3.826304752169640722e+00 -1.137315739314092022e+00 1.451775009661219196e-01 4.608243042652239296e+01 6.651842791306763862e-03 
-3.826304752169640722e+00 -1.137315739314092022e+00 1.451775009661219196e-01 4.608243042652239296e+01 6.651842791306763862e-03 
-3.995423569784486872e+00 -1.077152358250084152e+00 1.396788271689383687e-01 4.918349759722701720e+01 -4.500439524141116102e-03 
-3.776348550803653836e+00 -1.079535616867064673e+00 1.478063179686251449e-01 4.824650820434593612e+01 1.903569635615705996e-02 
-3.937299036586282774e+00 -1.125854938349008849e+00 1.496181286599252147e-01 4.477959093862925499e+01 -1.343569173868912683e-02 
-3.937617865785293159e+00 -1.090395957579076924e+00 1.469890467530382272e-01 3.964151508984321026e+01 4.103857596837130750e-03 
-3.937617865785293159e+00 -1.090395957579076924e+00 1.469890467530382272e-01 3.964151508984321026e+01 4.103857596837130750e-03 
-3.937617865785293159e+00 -1.090395957579076924e+00 1.469890467530382272e-01 3.964151508984321026e+01 4.103857596837130750e-03 
-3.937617865785293159e+00 -1.090395957579076924e+00 1.469890467530382272e-01 3.964151508984321026e+01 4.103857596837130750e-03 
-3.937617865785293159e+00 -1.090395957579076924e+00 1.469890467530382272e-01 3.964151508984321026e+01 4.103857596837130750e-03 
-3.937617865785293159e+00 -1.090395957579076924e+00 1.469890467530382272e-01 3.964151508984321026e+01 4.103857596837130750e-03 
-3.937617865785293159e+00 -1.090395957579076924e+00 1.469890467530382272e-01 3.964151508984321026e+01 4.103857596837130750e-03 
-3.937617865785293159e+00 -1.090395957579076924e+00 1.469890467530382272e-01 3.964151508984321026e+01 4.103857596837130750e-03 
-3.937617865785293159e+00 -1.090395957579076924e+00 1.469890467530382272e-01 3.964151508984321026e+01 4.103857596837130750e-03 
-3.937617865785293159e+00 -1.090395957579076924e+00 1.469890467530382272e-01 3.964151508984321026e+01 4.103857596837130750e-03 
-3.937617865785293159e+00 -1.090395957579076924e+00 1.469890467530382272e-01 3.964151508984321026e+01 4.103857596837130750e-03 
-3.782615066520571556e+00 -1.132598162427466137e+00 1.587774312871607918e-01 3.119124112243670766e+01 1.318822719797086221e-02 
-3.941209712058004300e+00 -1.161450591738278915e+00 1.488254289760179427e-01 2.307576266550461952e+01 1.318822719797086221e-02 
-4.153354280521780240e+00 -1.118647251801663689e+00 1.558975837463200953e-01 2.742400376652279803e+01 1.318822719797086221e-02 
-4.308462149244313366e+00 -1.181351616633865786e+00 1.560116418108012382e-01 3.362920757358195090e+01 1.318822719797086221e-02 
-4.390361004409669476e+00 -1.140047023605340826e+00 1.621398044652398451e-01 3.380223211490245205e+01 1.318822719797086221e-02 
-4.313051014644338821e+00 -1.173313463934954282e+00 1.653246726399962008e-01 3.592133757573816411e+01 1.318822719797086221e-02 
-4.410329558282513496e+00 -1.140132047052570430e+00 1.656954978486071262e-01 3.339212638396775645e+01 1.318822719797086221e-02 
-4.439278123212164751e+00 -1.231777639892171816e+00 1.583991280299106574e-01 2.717109669250155690e+01 1.318822719797086221e-02 
-4.258045746996401704e+00 -1.170766633375253329e+00 1.502398179971445591e-01 3.051595370251576256e+01 1.318822719797086221e-02 
-4.171911839969234315e+00 -1.214029390024874200e+00 1.459025490946736225e-01 2.578594525047107666e+01 1.318822719797086221e-02 
-3.893661696923577331e+00 -1.222266348078837161e+00 1.520316699885579381e-01 3.017630461354144700e+01 1.318822719797086221e-02 
-4.196794252057127750e+00 -1.171782552108456610e+00 1.587738003843904289e-01 3.171813428886120434e+01 1.318822719797086221e-02 
-4.193770038699086378e+00 -1.262656476801413685e+00 1.658863643872847404e-01 2.807888078012375743e+01 1.318822719797086221e-02 
-4.197930875948136631e+00 -1.279059973355284097e+00 1.639485505862999237e-01 2.476648962582213898e+01 1.318822719797086221e-02 
-4.125920796072954921e+00 -1.298294102873184030e+00 1.786939714793201184e-01 2.423733424502764677e+01 1.318822719797086221e-02 
-4.212603283268324894e+00 -1.235421232312093442e+00 1.762999248915218808e-01 2.698737416474614648e+01 1.318822719797086221e-02 
-4.269766061363949206e+00 -1.258235186939869799e+00 1.784906973587609968e-01 2.440478461369058749e+01 1.318822719797086221e-02 
-4.366859856914409477e+00 -1.185237880478167805e+00 1.749978013989818282e-01 2.662419326940924336e+01 1.318822719797086221e-02 
-4.366859856914409477e+00 -1.185237880478167805e+00 1.749978013989818282e-01 2.662419326940924336e+01 1.318822719797086221e-02 
-4.522157391398772930e+00 -1.194025542944204377e+00 1.745004653811627615e-01 2.151949681263262093e+01 3.794473742349894346e-02 
-4.771794678538666901e+00 -1.199350272564945419e+00 1.759047912889172560e-01 2.091911680156191977e+01 3.794473742349894346e-02 
-5.256743105763286295e+00 -1.097064929550956469e+00 1.791914824777103288e-01 2.424481804414104147e+01 2.095101024968595849e-02 
-5.432783734002065934e+00 -1.036230978358253729e+00 1.882761039310480722e-01 2.858087902774659028e+01 2.095101024968595849e-02 
-5.432783734002065934e+00 -1.036230978358253729e+00 1.882761039310480722e-01 2.858087902774659028e+01 2.095101024968595849e-02 
-5.231662150043852044e+00 -9.269185647507774961e-01 1.821549830305551620e-01 3.323471856597556950e+01 4.020089412131441775e-02 
-5.175080278631528863e+00 -9.971052427224210701e-01 1.747341392674262306e-01 3.773343754548506013e+01 4.020089412131441775e-02 
-4.957223316573514893e+00 -9.508587254369701425e-01 1.789174211086299038e-01 3.022276900497981700e+01 4.020089412131441775e-02 
-5.017941270959027200e+00 -9.950074537877209302e-01 1.790081873787662259e-01 2.542188688927178575e+01 4.020089412131441775e-02 
-5.005989372503170109e+00 -9.670248022719547532e-01 1.851707734433705455e-01 2.516185440998249945e+01 4.020089412131441775e-02 
-5.194192521580265343e+00 -9.916741950391511073e-01 1.920009425385768298e-01 1.970631815025143752e+01 8.741987001031240739e-03 
-5.194192521580265343e+00 -9.916741950391511073e-01 1.920009425385768298e-01 1.970631815025143752e+01 8.741987001031240739e-03 
-5.170446747761994644e+00 -9.598155674720046937e-01 1.898644758508414576e-01 1.635683324559953533e+01 -1.655994745032795396e-02 
-5.110906336348387313e+00 -9.877102382789311186e-01 1.886064978767644229e-01 1.721125876397595889e+01 6.309182932552956369e-02 
-5.343224607253877600e+00 -9.636058690379865066e-01 1.948614389178899009e-01 1.436229076737300225e+01 4.777708283631763170e-02 
-5.343224607253877600e+00 -9.636058690379865066e-01 1.948614389178899009e-01 1.436229076737300225e+01 4.777708283631763170e-02 
-5.753187676905887393e+00 -1.006949310634202899e+00 1.940334117005361458e-01 1.340055706567978611e+01 3.994641997801553351e-02 
-5.604002073240212489e+00 -1.001221156199258111e+00 1.846170020916316767e-01 1.080485120984557490e+01 2.034324991155156762e-02 
-5.523815335643925906e+00 -9.798925455161727749e-01 1.847405936835285478e-01 8.274596339905654574e+00 2.775589646275520433e-02 
-5.679115255885974101e+00 -9.997614426802443610e-01 1.792842292258345904e-01 1.214126420776750948e+01 3.080790396730634373e-02 
-5.845908908248988567e+00 -9.932663694606713722e-01 1.788269984337720608e-01 1.169875054741452658e+01 2.343911438112759871e-02 
-6.178352201749520489e+00 -9.818680714433914991e-01 1.810803161034496567e-01 4.825190423468058043e+00 2.368073630478258890e-02 
-6.353409552612452771e+00 -9.868931835976652023e-01 1.900736664058006176e-01 8.474307872410362208e+00 1.599483368120398208e-02 
-6.353409552612452771e+00 -9.868931835976652023e-01 1.900736664058006176e-01 8.474307872410362208e+00 1.599483368120398208e-02 
-6.353409552612452771e+00 -9.868931835976652023e-01 1.900736664058006176e-01 8.474307872410362208e+00 1.599483368120398208e-02 
-6.236639513692368908e+00 -8.474629676937007750e-01 1.923760067725199252e-01 8.160074956768616161e+00 1.940049021115882594e-02 
-6.236639513692368908e+00 -8.474629676937007750e-01 1.923760067725199252e-01 8.160074956768616161e+00 1.940049021115882594e-02 
-6.236639513692368908e+00 -8.474629676937007750e-01 1.923760067725199252e-01 8.160074956768616161e+00 1.940049021115882594e-02 
-6.236639513692368908e+00 -8.474629676937007750e-01 1.923760067725199252e-01 8.160074956768616161e+00 1.940049021115882594e-02 
-6.503441654527811089e+00 -7.726385908568512706e-01 1.971788378248451601e-01 6.149929254608626827e+00 2.842675702010811351e-02 
-6.849848038284545026e+00 -7.735546517963350910e-01 2.010559272343797610e-01 5.690044025224980651e+00 1.233587077556342650e-02 
-6.849848038284545026e+00 -7.735546517963350910e-01 2.010559272343797610e-01 5.690044025224980651e+00 1.233587077556342650e-02 
-6.849848038284545026e+00 -7.735546517963350910e-01 2.010559272343797610e-01 5.690044025224980651e+00 1.233587077556342650e-02 
-6.849848038284545026e+00 -7.735546517963350910e-01 2.010559272343797610e-01 5.690044025224980651e+00 1.233587077556342650e-02 
-6.967709030031675077e+00 -8.085788445820980552e-01 1.982977603936499911e-01 -5.050737751117282848e+00 6.314037888443740920e-02 
-6.798732684000182047e+00 -7.449939906404244860e-01 1.976473220601620007e-01 -4.394321061007184781e+00 6.314037888443740920e-02 
-6.763361683250832534e+00 -7.195125112157108038e-01 1.915688292699736783e-01 -5.071487947546167163e+00 6.314037888443740920e-02 
-6.694135841530403752e+00 -7.876159218217112512e-01 1.993964034635428428e-01 -6.666669205075447024e+00 6.314037888443740920e-02 
-6.614358477163720273e+00 -7.680428845545599348e-01 1.849355418014830554e-01 -1.027325157489084084e+01 6.314037888443740920e-02 
-6.796254649034994877e+00 -7.883517817247487347e-01 1.858236093427646507e-01 -4.829043456199999085e+00 6.314037888443740920e-02 
-6.920109636826226485e+00 -8.018944266429774981e-01 1.936033802117404223e-01 -8.246167108951045321e+00 6.314037888443740920e-02 
-7.111100188284934731e+00 -7.716789340020814292e-01 1.792560520844694028e-01 -9.822521644577072664e+00 6.314037888443740920e-02 
-7.261148869355232627e+00 -7.791657020143984980e-01 1.830174571271522277e-01 -1.298829824685175005e+01 6.314037888443740920e-02 
-7.345142046250153989e+00 -7.663073712134139681e-01 1.807985909744537212e-01 -2.095779883208805572e+01 6.314037888443740920e-02 
-7.247604945046294489e+00 -7.868567642515469363e-01 1.789148756820758135e-01 -1.402734198057107839e+01 6.314037888443740920e-02 
-7.248353016973364760e+00 -7.292860253203402587e-01 1.896031270007894620e-01 -1.244184766370994843e+01 6.314037888443740920e-02 
-6.903616861085247969e+00 -7.273631782764380382e-01 1.887408211876883402e-01 -1.093836960689921511e+01 6.314037888443740920e-02 
-6.653007175073891943e+00 -8.015624993861815151e-01 1.877279329301474731e-01 -1.375303244530791780e+01 6.314037888443740920e-02 
-6.297695863246683068e+00 -7.447356653155348116e-01 1.894214270294800051e-01 -8.602662596492720581e+00 6.314037888443740920e-02 
-6.151392697701340673e+00 -7.905779243074217977e-01 1.860404526301853989e-01 -3.032185751741909741e+00 6.314037888443740920e-02 
-5.945224951564967775e+00 -7.573280462423632731e-01 1.864324002728486029e-01 -6.500707515923407342e-01 6.314037888443740920e-02 
-5.850953955348284552e+00 -8.106111411770405839e-01 1.758047971063551040e-01 -5.202647712935374535e+00 6.314037888443740920e-02 
-5.793010318569991490e+00 -7.855463881428590422e-01 1.815184413853281886e-01 -3.635139575624021013e+00 6.314037888443740920e-02 
-5.655991013056075545e+00 -7.524498375570588538e-01 1.705884937078007424e-01 -3.894333302277296127e+00 6.314037888443740920e-02 
-5.589008856730691477e+00 -7.001194592766748492e-01 1.685817793905200757e-01 1.687536395696744407e+00 7.975479370021866521e-02 
-5.330651750266690136e+00 -6.671444613250802069e-01 1.734306670433230224e-01 7.535707575836933181e+00 2.746010109740221194e-02 
-5.224010836380349687e+00 -6.299985539411224744e-01 1.836338848061835061e-01 5.085827405145129987e+00 3.563388105009097223e-02 
-5.224010836380349687e+00 -6.299985539411224744e-01 1.836338848061835061e-01 5.085827405145129987e+00 3.563388105009097223e-02 
-5.626069199871606585e+00 -6.557823562238558335e-01 1.841796193823845018e-01 7.674318599256651829e+00 -7.296614039236293259e-02 
-5.297300789278665434e+00 -6.786852126223792414e-01 1.870885162500773302e-01 7.679860125982322039e+00 4.623260266350383285e-02 
-5.320492233544380056e+00 -7.186528289140671211e-01 1.913724132552807600e-01 3.198804910448827421e+00 3.551082330552651767e-02 
-5.186390467501894364e+00 -7.289839014435297582e-01 1.939894495527440255e-01 4.480396975544540084e+00 1.710903285592189210e-02 
-5.186390467501894364e+00 -7.289839014435297582e-01 1.939894495527440255e-01 4.480396975544540084e+00 1.710903285592189210e-02 
