-3.750800850681376808e+00 -8.155829927882343178e-01 1.273148312261874193e-01 6.641690639791644912e+01 0.000000000000000000e+00 
-3.591499198934099635e+00 -9.450688157546996981e-01 1.320537912221249888e-01 5.139517675614472125e+01 0.000000000000000000e+00 
-3.591499198934099635e+00 -9.450688157546996981e-01 1.320537912221249888e-01 5.139517675614472125e+01 0.000000000000000000e+00 
-3.591499198934099635e+00 -9.450688157546996981e-01 1.320537912221249888e-01 5.139517675614472125e+01 0.000000000000000000e+00 
-3.591499198934099635e+00 -9.450688157546996981e-01 1.320537912221249888e-01 5.139517675614472125e+01 0.000000000000000000e+00 
-3.541984141664209051e+00 -9.718808672804114535e-01 1.318213892163768441e-01 5.436850477131298476e+01 -2.935220916930769697e-03 
-3.733558878257598579e+00 -9.631428613848669329e-01 1.273711644219726880e-01 5.482919075264014452e+01 0.000000000000000000e+00 
-3.733558878257598579e+00 -9.631428613848669329e-01 1.273711644219726880e-01 5.482919075264014452e+01 0.000000000000000000e+00 
-3.733558878257598579e+00 -9.631428613848669329e-01 1.273711644219726880e-01 5.482919075264014452e+01 0.000000000000000000e+00 
-3.569076833405510740e+00 -9.547209912285563593e-01 1.253339351925160383e-01 5.519377098181657715e+01 -1.243741135837222039e-01 
-3.755416171243048051e+00 -9.870578453945804132e-01 1.390317896749730942e-01 5.465830700806451148e+01 0.000000000000000000e+00 
-3.755416171243048051e+00 -9.870578453945804132e-01 1.390317896749730942e-01 5.465830700806451148e+01 0.000000000000000000e+00 
-3.755416171243048051e+00 -9.870578453945804132e-01 1.390317896749730942e-01 5.465830700806451148e+01 0.000000000000000000e+00 
-3.755416171243048051e+00 -9.870578453945804132e-01 1.390317896749730942e-01 5.465830700806451148e+01 0.000000000000000000e+00 
-3.755416171243048051e+00 -9.870578453945804132e-01 1.390317896749730942e-01 5.465830700806451148e+01 0.000000000000000000e+00 
-3.755416171243048051e+00 -9.870578453945804132e-01 1.390317896749730942e-01 5.465830700806451148e+01 0.000000000000000000e+00 
-3.755416171243048051e+00 -9.870578453945804132e-01 1.390317896749730942e-01 5.465830700806451148e+01 0.000000000000000000e+00 
-3.561750307545291427e+00 -1.041287637479897610e+00 1.376555743792646225e-01 5.302144706001764973e+01 -9.799005604576860318e-04 
-3.779287597844863456e+00 -1.010389497045742546e+00 1.329146995624924110e-01 5.673785249147749710e+01 0.000000000000000000e+00 
-3.779287597844863456e+00 -1.010389497045742546e+00 1.329146995624924110e-01 5.673785249147749710e+01 0.000000000000000000e+00 
-3.779287597844863456e+00 -1.010389497045742546e+00 1.329146995624924110e-01 5.673785249147749710e+01 0.000000000000000000e+00 
-3.779287597844863456e+00 -1.010389497045742546e+00 1.329146995624924110e-01 5.673785249147749710e+01 0.000000000000000000e+00 
-3.779287597844863456e+00 -1.010389497045742546e+00 1.329146995624924110e-01 5.673785249147749710e+01 0.000000000000000000e+00 
-3.779287597844863456e+00 -1.010389497045742546e+00 1.329146995624924110e-01 5.673785249147749710e+01 0.000000000000000000e+00 
-3.779287597844863456e+00 -1.010389497045742546e+00 1.329146995624924110e-01 5.673785249147749710e+01 0.000000000000000000e+00 
-3.779287597844863456e+00 -1.010389497045742546e+00 1.329146995624924110e-01 5.673785249147749710e+01 0.000000000000000000e+00 
-3.779287597844863456e+00 -1.010389497045742546e+00 1.329146995624924110e-01 5.673785249147749710e+01 0.000000000000000000e+00 
-3.339412255143987096e+00 -1.011944597001372514e+00 1.338499747339781665e-01 5.829171072908064843e+01 -6.310226026409113120e-03 
-3.502295110071314888e+00 -1.009481157406464602e+00 1.237293323649173021e-01 5.379479586444374917e+01 2.102616900076334505e-02 
-3.801176554938038521e+00 -1.028607435005613802e+00 1.215761812272225378e-01 4.778994748076387822e+01 0.000000000000000000e+00 
-3.801176554938038521e+00 -1.028607435005613802e+00 1.215761812272225378e-01 4.778994748076387822e+01 0.000000000000000000e+00 
-3.801176554938038521e+00 -1.028607435005613802e+00 1.215761812272225378e-01 4.778994748076387822e+01 0.000000000000000000e+00 
-3.801176554938038521e+00 -1.028607435005613802e+00 1.215761812272225378e-01 4.778994748076387822e+01 0.000000000000000000e+00 
-3.801176554938038521e+00 -1.028607435005613802e+00 1.215761812272225378e-01 4.778994748076387822e+01 0.000000000000000000e+00 
-3.801176554938038521e+00 -1.028607435005613802e+00 1.215761812272225378e-01 4.778994748076387822e+01 0.000000000000000000e+00 
-3.801176554938038521e+00 -1.028607435005613802e+00 1.215761812272225378e-01 4.778994748076387822e+01 0.000000000000000000e+00 
-3.801176554938038521e+00 -1.028607435005613802e+00 1.215761812272225378e-01 4.778994748076387822e+01 0.000000000000000000e+00 
-3.801176554938038521e+00 -1.028607435005613802e+00 1.215761812272225378e-01 4.778994748076387822e+01 0.000000000000000000e+00 
-3.801176554938038521e+00 -1.028607435005613802e+00 1.215761812272225378e-01 4.778994748076387822e+01 0.000000000000000000e+00 
-3.801176554938038521e+00 -1.028607435005613802e+00 1.215761812272225378e-01 4.778994748076387822e+01 0.000000000000000000e+00 
-3.801176554938038521e+00 -1.028607435005613802e+00 1.215761812272225378e-01 4.778994748076387822e+01 0.000000000000000000e+00 
-3.801176554938038521e+00 -1.028607435005613802e+00 1.215761812272225378e-01 4.778994748076387822e+01 0.000000000000000000e+00 
-3.801176554938038521e+00 -1.028607435005613802e+00 1.215761812272225378e-01 4.778994748076387822e+01 0.000000000000000000e+00 
-3.801176554938038521e+00 -1.028607435005613802e+00 1.215761812272225378e-01 4.778994748076387822e+01 0.000000000000000000e+00 
-3.801176554938038521e+00 -1.028607435005613802e+00 1.215761812272225378e-01 4.778994748076387822e+01 0.000000000000000000e+00 
-3.801176554938038521e+00 -1.028607435005613802e+00 1.215761812272225378e-01 4.778994748076387822e+01 0.000000000000000000e+00 
-3.801176554938038521e+00 -1.028607435005613802e+00 1.215761812272225378e-01 4.778994748076387822e+01 0.000000000000000000e+00 
-3.801176554938038521e+00 -1.028607435005613802e+00 1.215761812272225378e-01 4.778994748076387822e+01 0.000000000000000000e+00 
-3.801176554938038521e+00 -1.028607435005613802e+00 1.215761812272225378e-01 4.778994748076387822e+01 0.000000000000000000e+00 
-3.801176554938038521e+00 -1.028607435005613802e+00 1.215761812272225378e-01 4.778994748076387822e+01 0.000000000000000000e+00 
-3.801176554938038521e+00 -1.028607435005613802e+00 1.215761812272225378e-01 4.778994748076387822e+01 0.000000000000000000e+00 
-3.801176554938038521e+00 -1.028607435005613802e+00 1.215761812272225378e-01 4.778994748076387822e+01 0.000000000000000000e+00 
-3.801176554938038521e+00 -1.028607435005613802e+00 1.215761812272225378e-01 4.778994748076387822e+01 0.000000000000000000e+00 
-3.801176554938038521e+00 -1.028607435005613802e+00 1.215761812272225378e-01 4.778994748076387822e+01 0.000000000000000000e+00 
-3.801176554938038521e+00 -1.028607435005613802e+00 1.215761812272225378e-01 4.778994748076387822e+01 0.000000000000000000e+00 
-3.801176554938038521e+00 -1.028607435005613802e+00 1.215761812272225378e-01 4.778994748076387822e+01 0.000000000000000000e+00 
-3.801176554938038521e+00 -1.028607435005613802e+00 1.215761812272225378e-01 4.778994748076387822e+01 0.000000000000000000e+00 
-3.801176554938038521e+00 -1.028607435005613802e+00 1.215761812272225378e-01 4.778994748076387822e+01 0.000000000000000000e+00 
-3.801176554938038521e+00 -1.028607435005613802e+00 1.215761812272225378e-01 4.778994748076387822e+01 0.000000000000000000e+00 
-3.801176554938038521e+00 -1.028607435005613802e+00 1.215761812272225378e-01 4.778994748076387822e+01 0.000000000000000000e+00 
-3.801176554938038521e+00 -1.028607435005613802e+00 1.215761812272225378e-01 4.778994748076387822e+01 0.000000000000000000e+00 
-3.801176554938038521e+00 -1.028607435005613802e+00 1.215761812272225378e-01 4.778994748076387822e+01 0.000000000000000000e+00 
-3.801176554938038521e+00 -1.028607435005613802e+00 1.215761812272225378e-01 4.778994748076387822e+01 0.000000000000000000e+00 
-3.801176554938038521e+00 -1.028607435005613802e+00 1.215761812272225378e-01 4.778994748076387822e+01 0.000000000000000000e+00 
-3.801176554938038521e+00 -1.028607435005613802e+00 1.215761812272225378e-01 4.778994748076387822e+01 0.000000000000000000e+00 
-3.801176554938038521e+00 -1.028607435005613802e+00 1.215761812272225378e-01 4.778994748076387822e+01 0.000000000000000000e+00 
-3.801176554938038521e+00 -1.028607435005613802e+00 1.215761812272225378e-01 4.778994748076387822e+01 0.000000000000000000e+00 
-3.801176554938038521e+00 -1.028607435005613802e+00 1.215761812272225378e-01 4.778994748076387822e+01 0.000000000000000000e+00 
-3.801176554938038521e+00 -1.028607435005613802e+00 1.215761812272225378e-01 4.778994748076387822e+01 0.000000000000000000e+00 
-3.801176554938038521e+00 -1.028607435005613802e+00 1.215761812272225378e-01 4.778994748076387822e+01 0.000000000000000000e+00 
-3.801176554938038521e+00 -1.028607435005613802e+00 1.215761812272225378e-01 4.778994748076387822e+01 0.000000000000000000e+00 
-3.801176554938038521e+00 -1.028607435005613802e+00 1.215761812272225378e-01 4.778994748076387822e+01 0.000000000000000000e+00 
-3.801176554938038521e+00 -1.028607435005613802e+00 1.215761812272225378e-01 4.778994748076387822e+01 0.000000000000000000e+00 
-3.801176554938038521e+00 -1.028607435005613802e+00 1.215761812272225378e-01 4.778994748076387822e+01 0.000000000000000000e+00 
-3.801176554938038521e+00 -1.028607435005613802e+00 1.215761812272225378e-01 4.778994748076387822e+01 0.000000000000000000e+00 
-3.801176554938038521e+00 -1.028607435005613802e+00 1.215761812272225378e-01 4.778994748076387822e+01 0.000000000000000000e+00 
-3.801176554938038521e+00 -1.028607435005613802e+00 1.215761812272225378e-01 4.778994748076387822e+01 0.000000000000000000e+00 
-3.801176554938038521e+00 -1.028607435005613802e+00 1.215761812272225378e-01 4.778994748076387822e+01 0.000000000000000000e+00 
-3.801176554938038521e+00 -1.028607435005613802e+00 1.215761812272225378e-01 4.778994748076387822e+01 0.000000000000000000e+00 
-3.801176554938038521e+00 -1.028607435005613802e+00 1.215761812272225378e-01 4.778994748076387822e+01 0.000000000000000000e+00 
-3.801176554938038521e+00 -1.028607435005613802e+00 1.215761812272225378e-01 4.778994748076387822e+01 0.000000000000000000e+00 
-3.801176554938038521e+00 -1.028607435005613802e+00 1.215761812272225378e-01 4.778994748076387822e+01 0.000000000000000000e+00 
-3.801176554938038521e+00 -1.028607435005613802e+00 1.215761812272225378e-01 4.778994748076387822e+01 0.000000000000000000e+00 
-3.801176554938038521e+00 -1.028607435005613802e+00 1.215761812272225378e-01 4.778994748076387822e+01 0.000000000000000000e+00 
-3.801176554938038521e+00 -1.028607435005613802e+00 1.215761812272225378e-01 4.778994748076387822e+01 0.000000000000000000e+00 
-3.801176554938038521e+00 -1.028607435005613802e+00 1.215761812272225378e-01 4.778994748076387822e+01 0.000000000000000000e+00 
-3.801176554938038521e+00 -1.028607435005613802e+00 1.215761812272225378e-01 4.778994748076387822e+01 0.000000000000000000e+00 
-3.801176554938038521e+00 -1.028607435005613802e+00 1.215761812272225378e-01 4.778994748076387822e+01 0.000000000000000000e+00 
-3.801176554938038521e+00 -1.028607435005613802e+00 1.215761812272225378e-01 4.778994748076387822e+01 0.000000000000000000e+00 
-3.801176554938038521e+00 -1.028607435005613802e+00 1.215761812272225378e-01 4.778994748076387822e+01 0.000000000000000000e+00 
-3.801176554938038521e+00 -1.028607435005613802e+00 1.215761812272225378e-01 4.778994748076387822e+01 0.000000000000000000e+00 
-3.801176554938038521e+00 -1.028607435005613802e+00 1.215761812272225378e-01 4.778994748076387822e+01 0.000000000000000000e+00 
-3.801176554938038521e+00 -1.028607435005613802e+00 1.215761812272225378e-01 4.778994748076387822e+01 0.000000000000000000e+00 
-3.801176554938038521e+00 -1.028607435005613802e+00 1.215761812272225378e-01 4.778994748076387822e+01 0.000000000000000000e+00 
-3.801176554938038521e+00 -1.028607435005613802e+00 1.215761812272225378e-01 4.778994748076387822e+01 0.000000000000000000e+00 
-3.801176554938038521e+00 -1.028607435005613802e+00 1.215761812272225378e-01 4.778994748076387822e+01 0.000000000000000000e+00 
-3.801176554938038521e+00 -1.028607435005613802e+00 1.215761812272225378e-01 4.778994748076387822e+01 0.000000000000000000e+00 
-3.801176554938038521e+00 -1.028607435005613802e+00 1.215761812272225378e-01 4.778994748076387822e+01 0.000000000000000000e+00 
-3.801176554938038521e+00 -1.028607435005613802e+00 1.215761812272225378e-01 4.778994748076387822e+01 0.000000000000000000e+00 
-3.801176554938038521e+00 -1.028607435005613802e+00 1.215761812272225378e-01 4.778994748076387822e+01 0.000000000000000000e+00 
-3.801176554938038521e+00 -1.028607435005613802e+00 1.215761812272225378e-01 4.778994748076387822e+01 0.000000000000000000e+00 
-3.498303754267700683e+00 -1.011881410069168208e+00 1.168172682204768054e-01 5.162247999963649647e+01 -1.347345554825861713e-01 
-3.494273695715527150e+00 -1.054294384676059515e+00 1.136485910643652564e-01 5.644045334913546696e+01 3.431279801351324599e-01 
-3.710771086361333460e+00 -9.966581291625791206e-01 1.178107906379317199e-01 5.530169355934008024e+01 0.000000000000000000e+00 
-3.710771086361333460e+00 -9.966581291625791206e-01 1.178107906379317199e-01 5.530169355934008024e+01 0.000000000000000000e+00 
-3.710771086361333460e+00 -9.966581291625791206e-01 1.178107906379317199e-01 5.530169355934008024e+01 0.000000000000000000e+00 
-3.710771086361333460e+00 -9.966581291625791206e-01 1.178107906379317199e-01 5.530169355934008024e+01 0.000000000000000000e+00 
-3.399363102428716310e+00 -1.040310414722643406e+00 1.139218040545047633e-01 5.568175965711778730e+01 -4.415361120369443171e-03 
-3.256140439492214433e+00 -9.937516643506022485e-01 1.084293887824473029e-01 5.338013029129271558e+01 6.038980804858509049e-03 
-3.135676821459213226e+00 -1.003118456814308113e+00 1.111849332196106488e-01 5.335629671765343573e+01 7.429641157744539502e-03 
-3.154301678380116769e+00 -9.928802732431488698e-01 1.032428085569436910e-01 5.270086523680961221e+01 7.852817947009939001e-03 
-3.296766204688946988e+00 -9.262799400157917251e-01 1.022626219714964230e-01 5.441587338588710310e+01 7.942709890575005288e-03 
-3.127181239287090353e+00 -9.686261158413587147e-01 1.096487485999632500e-01 5.193857595281966155e+01 1.228759467512785183e-02 
-3.127181239287090353e+00 -9.686261158413587147e-01 1.096487485999632500e-01 5.193857595281966155e+01 1.228759467512785183e-02 
-3.127181239287090353e+00 -9.686261158413587147e-01 1.096487485999632500e-01 5.193857595281966155e+01 1.228759467512785183e-02 
-2.820636659117814915e+00 -8.985827274207676130e-01 1.097861321024834053e-01 4.762868582008378837e+01 7.955624716717870498e-03 
-2.823201058518216122e+00 -9.104759662207695392e-01 1.054246841430644677e-01 4.238735991620435328e+01 8.190898701334114324e-03 
-2.766024011411551520e+00 -8.575225077271588781e-01 1.047135110892901955e-01 4.364594111282971056e+01 6.334656404846330212e-03 
-2.766024011411551520e+00 -8.575225077271588781e-01 1.047135110892901955e-01 4.364594111282971056e+01 6.334656404846330212e-03 
-2.766024011411551520e+00 -8.575225077271588781e-01 1.047135110892901955e-01 4.364594111282971056e+01 6.334656404846330212e-03 
-2.766024011411551520e+00 -8.575225077271588781e-01 1.047135110892901955e-01 4.364594111282971056e+01 6.334656404846330212e-03 
-2.766024011411551520e+00 -8.575225077271588781e-01 1.047135110892901955e-01 4.364594111282971056e+01 6.334656404846330212e-03 
-2.766024011411551520e+00 -8.575225077271588781e-01 1.047135110892901955e-01 4.364594111282971056e+01 6.334656404846330212e-03 
-2.766024011411551520e+00 -8.575225077271588781e-01 1.047135110892901955e-01 4.364594111282971056e+01 6.334656404846330212e-03 
-2.766024011411551520e+00 -8.575225077271588781e-01 1.047135110892901955e-01 4.364594111282971056e+01 6.334656404846330212e-03 
-2.766024011411551520e+00 -8.575225077271588781e-01 1.047135110892901955e-01 4.364594111282971056e+01 6.334656404846330212e-03 
-2.766024011411551520e+00 -8.575225077271588781e-01 1.047135110892901955e-01 4.364594111282971056e+01 6.334656404846330212e-03 
-2.768273680605756848e+00 -7.826625095326974479e-01 1.064252450658427912e-01 4.816061363174692644e+01 7.733822803927535225e-03 
-2.386080010998230083e+00 -7.872204573754739698e-01 1.107922502324455299e-01 4.796877859467237215e+01 7.771461711007218720e-03 
-2.204460824352878046e+00 -7.637984408077966858e-01 1.204576235617604435e-01 5.064860143099577527e+01 9.063812199779966092e-03 
-2.080774675638076054e+00 -7.353766141718552918e-01 1.314991354452509364e-01 5.123908176741888099e+01 4.345913961535320842e-03 
-2.080774675638076054e+00 -7.353766141718552918e-01 1.314991354452509364e-01 5.123908176741888099e+01 4.345913961535320842e-03 
-2.080774675638076054e+00 -7.353766141718552918e-01 1.314991354452509364e-01 5.123908176741888099e+01 4.345913961535320842e-03 
-2.137635051948996612e+00 -7.527842805390643210e-01 1.482275709082568615e-01 4.843658767275615418e+01 6.548961324898870673e-03 
-1.812005696423209633e+00 -8.098943503988161874e-01 1.534856327275960497e-01 4.742542398996759090e+01 6.634039988875693565e-03 
-1.932857503660944998e+00 -7.713827970723704519e-01 1.500960190754418444e-01 4.664481913666017476e+01 9.305915754516575628e-03 
-1.932857503660944998e+00 -7.713827970723704519e-01 1.500960190754418444e-01 4.664481913666017476e+01 9.305915754516575628e-03 
-2.040856130577481053e+00 -6.926778505889329418e-01 1.387283059653621753e-01 5.064289349126253370e+01 7.761481230977294345e-03 
-2.134081779099575638e+00 -6.869802584535612544e-01 1.342113903356902671e-01 4.978210652598065877e+01 5.967033583475960315e-03 
-1.988432534388008710e+00 -6.879716865446525720e-01 1.300303062934634046e-01 4.994634172857904986e+01 5.546251469916678792e-03 
-2.171802602954767458e+00 -7.777257158962787020e-01 1.272285569223924051e-01 4.531633667922501019e+01 9.558144331915256753e-03 
-2.070031791432455748e+00 -8.403396370433872109e-01 1.228567853056264647e-01 3.964634705111509305e+01 1.507322015431542678e-02 
-1.895933500790691895e+00 -8.385130676192315002e-01 1.224597324868151454e-01 3.677109008930203515e+01 2.020746932606704016e-02 
-2.061667943584102769e+00 -8.678486677965993046e-01 1.301141226378021987e-01 3.115300275317556711e+01 2.020746932606704016e-02 
-2.333632252846889354e+00 -8.559063596175501276e-01 1.196518318159965760e-01 3.413188330570422124e+01 1.396731902705416334e-02 
-2.268862984785336767e+00 -8.561485289086144812e-01 1.200596176029648660e-01 3.123078381974082518e+01 1.396731902705416334e-02 
-1.972967856702289469e+00 -8.005422082953523866e-01 1.121563744080496805e-01 3.383792123519739903e+01 1.823916765906335308e-02 
-1.824835649938195914e+00 -7.878137034932484184e-01 1.154008769132062323e-01 3.593501076496112034e+01 1.281550894676623809e-02 
-1.668951946168149902e+00 -8.672802982601314215e-01 1.123670378858072222e-01 3.748669437584567277e+01 2.117507416789653207e-02 
-1.347134939590126645e+00 -9.515667183711893351e-01 1.088076256658910834e-01 3.108786603965550910e+01 2.117507416789653207e-02 
-1.271206144375692348e+00 -9.547195358198868886e-01 1.147050866904823496e-01 3.503914826896293988e+01 1.477921116816315050e-02 
-1.228292967932733459e+00 -1.065680736350445024e+00 1.160906590318138698e-01 3.993748215014029768e+01 6.309480404411035165e-03 
-1.228292967932733459e+00 -1.065680736350445024e+00 1.160906590318138698e-01 3.993748215014029768e+01 6.309480404411035165e-03 
-1.228292967932733459e+00 -1.065680736350445024e+00 1.160906590318138698e-01 3.993748215014029768e+01 6.309480404411035165e-03 
-1.228292967932733459e+00 -1.065680736350445024e+00 1.160906590318138698e-01 3.993748215014029768e+01 6.309480404411035165e-03 
-1.298013708443649383e+00 -1.079429076190823178e+00 1.044648122621272684e-01 3.803035168122571008e+01 7.991832282946781385e-03 
-9.242355978911744874e-01 -1.010687840539847393e+00 9.767505313011363988e-02 3.685434540255949543e+01 1.098934829552177146e-02 
-1.023442814792852262e+00 -1.023094237522997441e+00 1.075717423269448164e-01 4.253900028220522955e+01 9.208987024685137690e-04 
-1.023442814792852262e+00 -1.023094237522997441e+00 1.075717423269448164e-01 4.253900028220522955e+01 9.208987024685137690e-04 
-1.023442814792852262e+00 -1.023094237522997441e+00 1.075717423269448164e-01 4.253900028220522955e+01 9.208987024685137690e-04 
-1.023442814792852262e+00 -1.023094237522997441e+00 1.075717423269448164e-01 4.253900028220522955e+01 9.208987024685137690e-04 
-1.023442814792852262e+00 -1.023094237522997441e+00 1.075717423269448164e-01 4.253900028220522955e+01 9.208987024685137690e-04 
-1.023442814792852262e+00 -1.023094237522997441e+00 1.075717423269448164e-01 4.253900028220522955e+01 9.208987024685137690e-04 
-1.023442814792852262e+00 -1.023094237522997441e+00 1.075717423269448164e-01 4.253900028220522955e+01 9.208987024685137690e-04 
-1.023442814792852262e+00 -1.023094237522997441e+00 1.075717423269448164e-01 4.253900028220522955e+01 9.208987024685137690e-04 
-1.023442814792852262e+00 -1.023094237522997441e+00 1.075717423269448164e-01 4.253900028220522955e+01 9.208987024685137690e-04 
-1.023442814792852262e+00 -1.023094237522997441e+00 1.075717423269448164e-01 4.253900028220522955e+01 9.208987024685137690e-04 
-1.023442814792852262e+00 -1.023094237522997441e+00 1.075717423269448164e-01 4.253900028220522955e+01 9.208987024685137690e-04 
-1.023442814792852262e+00 -1.023094237522997441e+00 1.075717423269448164e-01 4.253900028220522955e+01 9.208987024685137690e-04 
-1.023442814792852262e+00 -1.023094237522997441e+00 1.075717423269448164e-01 4.253900028220522955e+01 9.208987024685137690e-04 
-1.023442814792852262e+00 -1.023094237522997441e+00 1.075717423269448164e-01 4.253900028220522955e+01 9.208987024685137690e-04 
-1.023442814792852262e+00 -1.023094237522997441e+00 1.075717423269448164e-01 4.253900028220522955e+01 9.208987024685137690e-04 
-1.023442814792852262e+00 -1.023094237522997441e+00 1.075717423269448164e-01 4.253900028220522955e+01 9.208987024685137690e-04 
-1.023442814792852262e+00 -1.023094237522997441e+00 1.075717423269448164e-01 4.253900028220522955e+01 9.208987024685137690e-04 
-1.023442814792852262e+00 -1.023094237522997441e+00 1.075717423269448164e-01 4.253900028220522955e+01 9.208987024685137690e-04 
-1.023442814792852262e+00 -1.023094237522997441e+00 1.075717423269448164e-01 4.253900028220522955e+01 9.208987024685137690e-04 
-1.023442814792852262e+00 -1.023094237522997441e+00 1.075717423269448164e-01 4.253900028220522955e+01 9.208987024685137690e-04 
-1.023442814792852262e+00 -1.023094237522997441e+00 1.075717423269448164e-01 4.253900028220522955e+01 9.208987024685137690e-04 
-1.023442814792852262e+00 -1.023094237522997441e+00 1.075717423269448164e-01 4.253900028220522955e+01 9.208987024685137690e-04 
-1.023442814792852262e+00 -1.023094237522997441e+00 1.075717423269448164e-01 4.253900028220522955e+01 9.208987024685137690e-04 
-1.023442814792852262e+00 -1.023094237522997441e+00 1.075717423269448164e-01 4.253900028220522955e+01 9.208987024685137690e-04 
-1.023442814792852262e+00 -1.023094237522997441e+00 1.075717423269448164e-01 4.253900028220522955e+01 9.208987024685137690e-04 
-1.023442814792852262e+00 -1.023094237522997441e+00 1.075717423269448164e-01 4.253900028220522955e+01 9.208987024685137690e-04 
-1.023442814792852262e+00 -1.023094237522997441e+00 1.075717423269448164e-01 4.253900028220522955e+01 9.208987024685137690e-04 
-1.023442814792852262e+00 -1.023094237522997441e+00 1.075717423269448164e-01 4.253900028220522955e+01 9.208987024685137690e-04 
-1.023442814792852262e+00 -1.023094237522997441e+00 1.075717423269448164e-01 4.253900028220522955e+01 9.208987024685137690e-04 
-1.023442814792852262e+00 -1.023094237522997441e+00 1.075717423269448164e-01 4.253900028220522955e+01 9.208987024685137690e-04 
-1.023442814792852262e+00 -1.023094237522997441e+00 1.075717423269448164e-01 4.253900028220522955e+01 9.208987024685137690e-04 
-1.023442814792852262e+00 -1.023094237522997441e+00 1.075717423269448164e-01 4.253900028220522955e+01 9.208987024685137690e-04 
-1.023442814792852262e+00 -1.023094237522997441e+00 1.075717423269448164e-01 4.253900028220522955e+01 9.208987024685137690e-04 
-1.023442814792852262e+00 -1.023094237522997441e+00 1.075717423269448164e-01 4.253900028220522955e+01 9.208987024685137690e-04 
-1.023442814792852262e+00 -1.023094237522997441e+00 1.075717423269448164e-01 4.253900028220522955e+01 9.208987024685137690e-04 
-1.023442814792852262e+00 -1.023094237522997441e+00 1.075717423269448164e-01 4.253900028220522955e+01 9.208987024685137690e-04 
-1.023442814792852262e+00 -1.023094237522997441e+00 1.075717423269448164e-01 4.253900028220522955e+01 9.208987024685137690e-04 
-1.213143583493115241e+00 -1.007003609879721262e+00 1.120284165210181371e-01 4.014536936647617438e+01 -4.364736221922179554e-03 
-1.149118164372829654e+00 -9.926592965605453012e-01 1.086549721887622028e-01 3.424177333814180457e+01 1.930599689708355216e-02 
-1.261619984901758196e+00 -9.775714216451975025e-01 1.098482033416636333e-01 3.196766330368195952e+01 -7.350014514205562011e-04 
-1.090510364421410250e+00 -9.603057502685018454e-01 1.005040613655345250e-01 2.882168202548826130e+01 -7.350014514205562011e-04 
-1.100738269440742378e+00 -9.237075201168578609e-01 1.043752051970768951e-01 3.369429746417642235e+01 1.195686904325646976e-02 
-1.498426251908250739e+00 -9.661498104642135543e-01 1.022695475095292683e-01 3.916139816934634865e+01 8.310652658737252216e-03 
-1.498426251908250739e+00 -9.661498104642135543e-01 1.022695475095292683e-01 3.916139816934634865e+01 8.310652658737252216e-03 
-1.498426251908250739e+00 -9.661498104642135543e-01 1.022695475095292683e-01 3.916139816934634865e+01 8.310652658737252216e-03 
-1.283131234689946165e+00 -9.552876513809286374e-01 1.059099999406205306e-01 3.731395333241591317e+01 -7.475413420694711902e-03 
-1.555138686156214867e+00 -9.136338194550243097e-01 1.148254759364624039e-01 3.430882708953970450e+01 1.508549889873093269e-02 
-1.354519072102041255e+00 -9.077090291709167813e-01 1.264793683799840529e-01 3.503254215688011186e+01 1.032486178703677718e-02 
-1.318250988765142795e+00 -9.220020512300540760e-01 1.282616280899138150e-01 3.220612086498827864e+01 1.032486178703677718e-02 
-1.392517582284097610e+00 -9.328024379530793775e-01 1.275254598147893825e-01 2.671421595588686060e+01 1.032486178703677718e-02 
-1.216894204278325731e+00 -9.145237509573761470e-01 1.257085219459214143e-01 2.702309516200858752e+01 1.032486178703677718e-02 
-1.110267432501984786e+00 -8.943536775159555141e-01 1.158750085507124772e-01 2.823496950965073182e+01 1.032486178703677718e-02 
-8.601386701811877256e-01 -9.255408828373765662e-01 1.163530251125756837e-01 2.669557797831002688e+01 1.032486178703677718e-02 
-7.381167592518798060e-01 -9.628059326506831495e-01 1.029226292441143414e-01 2.876300193991595577e+01 1.032486178703677718e-02 
-8.816321020576490808e-01 -9.797269656698531781e-01 9.833760076316185039e-02 2.468311985583227752e+01 1.032486178703677718e-02 
-6.279748252028976019e-01 -9.491942353794040610e-01 9.751988504696054716e-02 2.763840448750628198e+01 1.032486178703677718e-02 
-3.709763071296129366e-01 -9.555059444338507291e-01 9.145696194664255929e-02 2.853082273886950659e+01 1.032486178703677718e-02 
-8.005677871750118690e-01 -9.321398429641615246e-01 8.397820091691236832e-02 3.540087015203041432e+01 8.772091787916169031e-03 
-8.005677871750118690e-01 -9.321398429641615246e-01 8.397820091691236832e-02 3.540087015203041432e+01 8.772091787916169031e-03 
-1.132202493258633869e+00 -9.141803400895431864e-01 8.929511829735319040e-02 3.712315672126152322e+01 1.212962385403786904e-02 
-9.758159457395098046e-01 -9.018462978057882884e-01 7.483555133110410262e-02 3.819184289256418197e+01 1.202313964954205075e-02 
-1.237007889112890391e+00 -8.618647315340829396e-01 8.363139866294870550e-02 2.817079612875421191e+01 1.202313964954205075e-02 
-1.479637767543200422e+00 -9.238586154659129690e-01 8.638578552935492760e-02 3.262267784921247227e+01 1.011423738110130144e-02 
-1.479637767543200422e+00 -9.238586154659129690e-01 8.638578552935492760e-02 3.262267784921247227e+01 1.011423738110130144e-02 
-1.479637767543200422e+00 -9.238586154659129690e-01 8.638578552935492760e-02 3.262267784921247227e+01 1.011423738110130144e-02 
-1.596914298389503495e+00 -9.421756624396739888e-01 6.827228499942451789e-02 3.690638437261019078e+01 1.277583979271274157e-02 
-1.313412280054296888e+00 -9.210849650340203754e-01 6.037853554697158315e-02 3.293793254684830885e+01 1.441333982238311023e-02 
-1.266517221786843894e+00 -9.672015575439756319e-01 5.864152045584407336e-02 3.106142909244055872e+01 1.613816673972108193e-02 
-9.118398745070792621e-01 -8.877791562849134399e-01 5.937111574497439676e-02 3.095843056153298178e+01 1.666607059527690921e-02 
-9.118398745070792621e-01 -8.877791562849134399e-01 5.937111574497439676e-02 3.095843056153298178e+01 1.666607059527690921e-02 
-6.609387654119820432e-01 -8.954046962859079084e-01 5.842908996408265054e-02 2.978601373328072555e+01 1.491960818686201978e-02 
-6.609387654119820432e-01 -8.954046962859079084e-01 5.842908996408265054e-02 2.978601373328072555e+01 1.491960818686201978e-02 
-8.229566416063122114e-01 -8.741304669372410574e-01 6.186257853688173491e-02 2.751378335454327484e+01 1.488208749844303035e-02 
-9.982423178402054509e-01 -8.748757416166212941e-01 5.214871500839221574e-02 2.487807175443447960e+01 1.989096255243057165e-02 
-1.138350759070553941e+00 -9.245429203461816847e-01 4.516912015289055449e-02 2.854601847564419970e+01 1.502098240631562220e-02 
-1.189689482684299637e+00 -9.396751254964788025e-01 5.089925734831482473e-02 1.795154178479480933e+01 1.502098240631562220e-02 
-9.322542714630166483e-01 -9.267171764945201229e-01 5.508641104231766505e-02 2.142174571455116805e+01 1.502098240631562220e-02 
-9.322542714630166483e-01 -9.267171764945201229e-01 5.508641104231766505e-02 2.142174571455116805e+01 1.502098240631562220e-02 
-1.250627547419716823e+00 -9.182426828624099535e-01 5.716417631071364636e-02 2.247268392258023084e+01 1.798251135671384907e-02 
-1.500922649114269536e+00 -9.473144810432188034e-01 6.329347677691353480e-02 2.245515076472956650e+01 1.798251135671384907e-02 
-1.692801205081730931e+00 -9.886827088211871395e-01 6.053284024674833452e-02 2.262579672846835521e+01 1.798251135671384907e-02 
-1.478323691757941427e+00 -9.950507670107640035e-01 5.090554821194210461e-02 2.244281139725660523e+01 1.798251135671384907e-02 
-1.972015589315252670e+00 -1.006161042453317167e+00 4.230418786103801870e-02 2.673386981987682987e+01 1.503391642034831478e-02 
-2.312796581035156507e+00 -9.786511727645269554e-01 4.549206652989482014e-02 2.294409573906563793e+01 2.116524787969221652e-02 
-2.417230098025615614e+00 -9.596164883732625217e-01 4.942993896224115447e-02 2.243809382545152076e+01 2.116524787969221652e-02 
-2.400022123499117477e+00 -9.412715864548235611e-01 5.667646619806294278e-02 2.298785004029395296e+01 1.677641785717512782e-02 
-2.097593284494478016e+00 -9.249903782473476443e-01 6.463000015787544184e-02 2.462665301841364851e+01 1.677641785717512782e-02 
-2.001933858160874102e+00 -9.071822318015567710e-01 6.076330936468466587e-02 2.025305319893250910e+01 1.677641785717512782e-02 
-1.858532739147006785e+00 -9.311225850577542484e-01 6.497041621442625758e-02 2.062858512494812402e+01 1.677641785717512782e-02 
-1.751813818604971873e+00 -9.315846138315577729e-01 6.015083984492529401e-02 2.189175127414839039e+01 1.677641785717512782e-02 
-1.781647649967253333e+00 -9.862550344048279793e-01 5.843649146621170826e-02 2.024211492348088015e+01 1.677641785717512782e-02 
-1.811760721811476849e+00 -1.008123113316624186e+00 6.883119815910460071e-02 2.795602872856854404e+01 1.509359603342068888e-02 
-1.614368933087795721e+00 -1.008215403756201223e+00 7.457733730536329764e-02 3.301960284903081089e+01 7.217495279759218382e-03 
-1.614368933087795721e+00 -1.008215403756201223e+00 7.457733730536329764e-02 3.301960284903081089e+01 7.217495279759218382e-03 
-1.614368933087795721e+00 -1.008215403756201223e+00 7.457733730536329764e-02 3.301960284903081089e+01 7.217495279759218382e-03 
-1.614368933087795721e+00 -1.008215403756201223e+00 7.457733730536329764e-02 3.301960284903081089e+01 7.217495279759218382e-03 
-1.614368933087795721e+00 -1.008215403756201223e+00 7.457733730536329764e-02 3.301960284903081089e+01 7.217495279759218382e-03 
-1.614368933087795721e+00 -1.008215403756201223e+00 7.457733730536329764e-02 3.301960284903081089e+01 7.217495279759218382e-03 
-1.614368933087795721e+00 -1.008215403756201223e+00 7.457733730536329764e-02 3.301960284903081089e+01 7.217495279759218382e-03 
-1.614368933087795721e+00 -1.008215403756201223e+00 7.457733730536329764e-02 3.301960284903081089e+01 7.217495279759218382e-03 
-1.456431884818791378e+00 -1.031379891582305586e+00 6.958077434079640300e-02 3.386998688786714240e+01 1.220063354986224841e-02 
-1.456431884818791378e+00 -1.031379891582305586e+00 6.958077434079640300e-02 3.386998688786714240e+01 1.220063354986224841e-02 
-1.304560425962719927e+00 -1.022213224823986799e+00 6.629634513937331108e-02 3.268758326751711962e+01 1.497401460355488392e-02 
-1.606869593429390175e+00 -9.777078920007152840e-01 6.888475748436102830e-02 3.366969499387820264e+01 1.690032327266867765e-02 
-1.499973110277630362e+00 -1.005475950728223600e+00 5.944618741156276059e-02 3.782429679350285312e+01 1.984097020688808943e-02 
-1.684786493138710650e+00 -8.959756836124963542e-01 7.530813569177965960e-02 3.962114065777009841e+01 1.487974473528285227e-02 
-1.907476285327097454e+00 -8.789364280250271388e-01 7.553156588937760818e-02 4.637311605556624272e+01 1.125701452480051823e-02 
-1.907476285327097454e+00 -8.789364280250271388e-01 7.553156588937760818e-02 4.637311605556624272e+01 1.125701452480051823e-02 
-1.907476285327097454e+00 -8.789364280250271388e-01 7.553156588937760818e-02 4.637311605556624272e+01 1.125701452480051823e-02 
-1.896196051225654378e+00 -8.416710423937860952e-01 7.374683524641316434e-02 4.440807184813094466e+01 8.435520290180284486e-03 
-1.896697670865122198e+00 -8.489950002544481844e-01 6.767002217073767034e-02 3.911540367327079082e+01 1.108522917219857684e-02 
-2.129356307669567183e+00 -8.575353931766799276e-01 6.892332327141771631e-02 4.323338331349923180e+01 -1.045966041471105279e-02 
-2.322532392300045156e+00 -9.142821157333855808e-01 6.788110915512299282e-02 4.991525045676606709e+01 9.903129804964345279e-03 
-2.044733856456593557e+00 -9.546388816903877972e-01 5.974433038080941005e-02 5.382048642601770183e+01 8.672112111888383157e-03 
-2.273404251558649225e+00 -1.049472347188166621e+00 5.333854092002080632e-02 5.005092683341953830e+01 1.002730431170759454e-02 
-2.206747358203149378e+00 -1.013858300230090936e+00 4.502829077332846930e-02 5.049433800742218637e+01 1.095306613327259176e-02 
-2.278614981497186331e+00 -1.014582520596391646e+00 4.987800772748806483e-02 4.352789530900454196e+01 1.122025352523576061e-02 
-2.404448402455350298e+00 -1.055502709328393518e+00 4.984698368726616508e-02 4.526810567996033541e+01 1.187628340443403624e-02 
-2.120419780802824228e+00 -1.036162170629871815e+00 4.922873505557116142e-02 4.715721924658899411e+01 1.159983124262277572e-02 
-2.120419780802824228e+00 -1.036162170629871815e+00 4.922873505557116142e-02 4.715721924658899411e+01 1.159983124262277572e-02 
-1.913374998130415783e+00 -1.015063884944193306e+00 5.835359058656420378e-02 4.262687718410136739e+01 1.444179917301359820e-02 
-1.871408526145505791e+00 -1.043046013397994409e+00 6.190596663746644052e-02 3.991420660975529699e+01 1.811561393341233270e-02 
-2.156744778269078733e+00 -1.056331948195794679e+00 5.768166897611601285e-02 3.944771607996327134e+01 1.551099154314891128e-02 
-2.016159682665270125e+00 -1.101604730328572979e+00 6.577308997942428459e-02 4.508027768139666591e+01 8.872091593738850104e-03 
-2.143623837177570213e+00 -1.133330959693991780e+00 6.644552558582957069e-02 4.525349728696916429e+01 9.689228713915316871e-03 
-2.444576224627640570e+00 -1.122528244321127300e+00 5.086119454172373378e-02 4.121124631422173223e+01 1.096038056397421329e-02 
-2.444576224627640570e+00 -1.122528244321127300e+00 5.086119454172373378e-02 4.121124631422173223e+01 1.096038056397421329e-02 
-2.714877623923034555e+00 -1.129686532640371777e+00 5.273437240032648188e-02 3.625108661394805409e+01 1.602186989827668329e-02 
-2.833224648811138113e+00 -1.127301979611963656e+00 5.202411062569670119e-02 3.236452506376370764e+01 1.553036600556844185e-02 
-3.093699267950525744e+00 -1.133956906028562139e+00 5.663914231975362978e-02 2.868279421241677696e+01 1.962296027508082796e-02 
-2.734259832653858524e+00 -1.112085470299225332e+00 4.926881389928772226e-02 2.509964259912230133e+01 1.672133310209656179e-02 
-2.742479846106258279e+00 -1.090623140217476417e+00 4.249093321200826667e-02 2.463635043980866257e+01 1.624479071324816046e-02 
-3.055208029980267526e+00 -1.036245282778386789e+00 4.775460497194033288e-02 2.107507922732127525e+01 1.624479071324816046e-02 
-3.108200360812644281e+00 -1.034089056449650545e+00 5.089494522171419261e-02 1.830068064708816777e+01 1.624479071324816046e-02 
-3.095279454829547916e+00 -1.070511468652205034e+00 5.156738653318072158e-02 2.091863926774684401e+01 1.952737574226445783e-02 
-3.306585206410205036e+00 -1.146572166579252317e+00 6.158052502211959489e-02 2.149500483739546652e+01 1.952737574226445783e-02 
-3.106979093443356987e+00 -1.176755568048228229e+00 6.904005091481167644e-02 2.149204905863203052e+01 1.952737574226445783e-02 
-3.362507046513984577e+00 -1.150764112656317950e+00 7.159106557879006683e-02 2.375950873019169762e+01 1.952737574226445783e-02 
-3.390300010833911415e+00 -1.173444986027115000e+00 7.111716446864645158e-02 2.586415622778435619e+01 1.952737574226445783e-02 
-3.381783869497058337e+00 -1.139755596572031848e+00 8.186419185170766555e-02 2.578263961307873231e+01 1.952737574226445783e-02 
-2.979994977734662598e+00 -1.205379427373888035e+00 8.403839848596721118e-02 2.765601584384235778e+01 2.063417039406144002e-02 
-3.110903340112598947e+00 -1.193944242905879305e+00 9.391532118984208255e-02 2.911223685223716018e+01 2.063417039406144002e-02 
-3.327195090586926085e+00 -1.236620868691897135e+00 9.400396317976943139e-02 2.821903159757748369e+01 2.063417039406144002e-02 
-3.313402778367706247e+00 -1.266451110546747971e+00 8.752630235846274587e-02 2.988547823593178876e+01 2.032157298606163121e-02 
-3.313402778367706247e+00 -1.266451110546747971e+00 8.752630235846274587e-02 2.988547823593178876e+01 2.032157298606163121e-02 
-3.313402778367706247e+00 -1.266451110546747971e+00 8.752630235846274587e-02 2.988547823593178876e+01 2.032157298606163121e-02 
-3.242811086976789881e+00 -1.300739352663849768e+00 9.091793376784769454e-02 2.649605343615390751e+01 2.265653649759893570e-02 
-2.940722204772665993e+00 -1.327221152046875297e+00 9.653584604604784070e-02 2.752342702630195603e+01 1.970499370622393054e-02 
-3.029641699895377460e+00 -1.282131788238439096e+00 8.987635699783511067e-02 2.659244917159689692e+01 2.414383240269838554e-02 
-2.945424766261975247e+00 -1.229948357767191025e+00 9.209974578521154531e-02 2.627171067265390292e+01 2.414383240269838554e-02 
-2.798244477584663770e+00 -1.230121095951346666e+00 8.389102005348560154e-02 3.267383373405308333e+01 2.610383217765719840e-02 
-3.150533930980072395e+00 -1.265203002898508178e+00 9.368519496560834270e-02 3.606537757679888045e+01 1.705746810458325449e-02 
-3.017900719369067453e+00 -1.268797709616772851e+00 1.033583270409296206e-01 3.421378808468348609e+01 1.526678471169499660e-02 
-3.020641428859174749e+00 -1.263071960877319766e+00 9.842545601018007351e-02 3.516155191751243336e+01 1.960341560214046153e-02 
-2.925151967308606604e+00 -1.299710816998053353e+00 9.733961585853649623e-02 3.533165332495571676e+01 1.808094075859825040e-02 
-2.913599755088624566e+00 -1.333743602779486448e+00 9.757324913543566347e-02 3.003197005313468182e+01 1.808094075859825040e-02 
-2.747874729323935394e+00 -1.295522969154284665e+00 9.889817733938462141e-02 3.708149154278795123e+01 1.470361459161381029e-02 
-2.859121491549313721e+00 -1.248898832055010732e+00 1.066640040444193360e-01 3.764344994025591973e+01 1.593291313708325788e-02 
-2.832454647075837606e+00 -1.288483377114644224e+00 1.167597739801732315e-01 3.943164518390367590e+01 1.181925693350590126e-02 
-2.875977800975620724e+00 -1.353646374225309090e+00 1.120871871597539787e-01 3.547036210671659973e+01 1.234645710704851754e-02 
-3.006047565859699677e+00 -1.410646411249146803e+00 1.108184323181792968e-01 3.777079779137373805e+01 -1.768818721598187926e-02 
-2.816442413305287218e+00 -1.336819937626734456e+00 1.232400900288806861e-01 3.613520235179825590e+01 1.504428056497281174e-03 
-2.816442413305287218e+00 -1.336819937626734456e+00 1.232400900288806861e-01 3.613520235179825590e+01 1.504428056497281174e-03 
-2.816442413305287218e+00 -1.336819937626734456e+00 1.232400900288806861e-01 3.613520235179825590e+01 1.504428056497281174e-03 
-2.715321779443419015e+00 -1.221586509020670563e+00 1.310557430885623542e-01 3.012404131322201195e+01 1.767008418707899375e-02 
-2.806587611748969646e+00 -1.159239131482512786e+00 1.242809467380091432e-01 2.914423345392761888e+01 9.900742298963172497e-03 
-2.806587611748969646e+00 -1.159239131482512786e+00 1.242809467380091432e-01 2.914423345392761888e+01 9.900742298963172497e-03 
-2.806587611748969646e+00 -1.159239131482512786e+00 1.242809467380091432e-01 2.914423345392761888e+01 9.900742298963172497e-03 
-2.806587611748969646e+00 -1.159239131482512786e+00 1.242809467380091432e-01 2.914423345392761888e+01 9.900742298963172497e-03 
-2.757745711944679101e+00 -1.114095215412817197e+00 1.246468751210714210e-01 3.291169943126413244e+01 3.015029861174552822e-02 
-2.807202737898342182e+00 -1.116038810151277705e+00 1.361404614595901064e-01 3.712935931101318232e+01 1.898703141968267546e-02 
-2.595861843835885807e+00 -1.147487080305596541e+00 1.394312696826758291e-01 3.512538038532080975e+01 1.339015006836070248e-02 
-2.554656195522996498e+00 -1.195063707074140558e+00 1.416617246044810374e-01 3.247549857682835039e+01 1.339015006836070248e-02 
-2.554656195522996498e+00 -1.195063707074140558e+00 1.416617246044810374e-01 3.247549857682835039e+01 1.339015006836070248e-02 
-2.554656195522996498e+00 -1.195063707074140558e+00 1.416617246044810374e-01 3.247549857682835039e+01 1.339015006836070248e-02 
-2.716175882219739268e+00 -1.194400589784684996e+00 1.451660988500607929e-01 3.136439829704733384e+01 2.583542348936386859e-02 
-3.106891714758624801e+00 -1.167206506717198167e+00 1.489766388425885213e-01 2.112945385019846967e+01 2.309837039057313635e-02 
-3.106891714758624801e+00 -1.167206506717198167e+00 1.489766388425885213e-01 2.112945385019846967e+01 2.309837039057313635e-02 
-3.106891714758624801e+00 -1.167206506717198167e+00 1.489766388425885213e-01 2.112945385019846967e+01 2.309837039057313635e-02 
-3.065092849799100794e+00 -1.204070966242407836e+00 1.569934653019013082e-01 2.156942477865781527e+01 2.218980371008670224e-02 
-3.281854067453336299e+00 -1.266925914857981006e+00 1.578383274721512908e-01 1.892990289287354955e+01 1.458657192975066318e-02 
-3.281854067453336299e+00 -1.266925914857981006e+00 1.578383274721512908e-01 1.892990289287354955e+01 1.458657192975066318e-02 
-3.281854067453336299e+00 -1.266925914857981006e+00 1.578383274721512908e-01 1.892990289287354955e+01 1.458657192975066318e-02 
-3.281854067453336299e+00 -1.266925914857981006e+00 1.578383274721512908e-01 1.892990289287354955e+01 1.458657192975066318e-02 
-3.618484029320800044e+00 -1.258711005908604630e+00 1.637201165139355874e-01 1.998560185684494073e+01 0.000000000000000000e+00 
-3.618484029320800044e+00 -1.258711005908604630e+00 1.637201165139355874e-01 1.998560185684494073e+01 0.000000000000000000e+00 
-3.618484029320800044e+00 -1.258711005908604630e+00 1.637201165139355874e-01 1.998560185684494073e+01 0.000000000000000000e+00 
-3.618484029320800044e+00 -1.258711005908604630e+00 1.637201165139355874e-01 1.998560185684494073e+01 0.000000000000000000e+00 
-3.618484029320800044e+00 -1.258711005908604630e+00 1.637201165139355874e-01 1.998560185684494073e+01 0.000000000000000000e+00 
-3.618484029320800044e+00 -1.258711005908604630e+00 1.637201165139355874e-01 1.998560185684494073e+01 0.000000000000000000e+00 
-3.562477498030410139e+00 -1.246573394883411678e+00 1.676733490188831721e-01 2.587618718934709250e+01 -8.910271076251256861e-02 
-3.484142225891531108e+00 -1.294558792523761825e+00 1.713661713894473193e-01 2.150917023395964378e+01 3.483337907677248046e-01 
-3.477951063876099091e+00 -1.228303892447059509e+00 1.656605076619171724e-01 1.711621150930966451e+01 4.090575303170810861e-01 
-3.503506782871696146e+00 -1.303115935417417770e+00 1.582883751678925699e-01 2.265693495022075865e+01 4.090575303170810861e-01 
-3.448406676293108042e+00 -1.306404612587713565e+00 1.585463670785660917e-01 1.930679996719080549e+01 5.984098407928656327e-02 
-3.565290063993598491e+00 -1.298714434435135789e+00 1.591919773281978978e-01 1.467701819264361873e+01 0.000000000000000000e+00 
-3.565290063993598491e+00 -1.298714434435135789e+00 1.591919773281978978e-01 1.467701819264361873e+01 0.000000000000000000e+00 
-3.213557197946797839e+00 -1.301822197707431794e+00 1.518253390222834842e-01 1.571663340757394245e+01 -2.068167898854558762e-02 
-3.208408486031828488e+00 -1.290072354500804375e+00 1.529258427979567070e-01 2.226895604013474639e+01 5.578456203589602508e-02 
-3.385901992727164522e+00 -1.231129672388471485e+00 1.436080806639102314e-01 2.259136174904363514e+01 2.185160778901387366e-02 
-3.190954107330738143e+00 -1.266665567152085670e+00 1.398241975186280683e-01 2.694226227607128266e+01 -2.835548328676052582e-02 
-3.442029718103157165e+00 -1.264923682810850991e+00 1.391499717519933677e-01 3.026854726823415831e+01 -2.835548328676052582e-02 
-3.179069983696873880e+00 -1.304003248990722952e+00 1.223126780306611344e-01 3.322122908956776399e+01 2.035692816241985864e-04 
-3.179069983696873880e+00 -1.304003248990722952e+00 1.223126780306611344e-01 3.322122908956776399e+01 2.035692816241985864e-04 
-2.763578973727707666e+00 -1.309155807960856732e+00 1.240494445557217829e-01 3.155889024605991722e+01 8.503938292104556637e-03 
-2.865581329319612180e+00 -1.377250315984770657e+00 1.252360458457082992e-01 2.694457924473996968e+01 8.503938292104556637e-03 
-2.667791977509113899e+00 -1.407506401716161148e+00 1.245020938518233422e-01 2.968564369767364752e+01 8.503938292104556637e-03 
-2.549366174887993441e+00 -1.367088466077059250e+00 1.223501247243787005e-01 2.929387197020078304e+01 8.503938292104556637e-03 
-2.366255511974138859e+00 -1.321693227222269451e+00 1.333038950768284936e-01 3.158434402109604378e+01 8.503938292104556637e-03 
-2.268272730291134298e+00 -1.280894724635026849e+00 1.377213838718578387e-01 3.321485550878891502e+01 1.373352976508507295e-04 
-2.268272730291134298e+00 -1.280894724635026849e+00 1.377213838718578387e-01 3.321485550878891502e+01 1.373352976508507295e-04 
-2.268272730291134298e+00 -1.280894724635026849e+00 1.377213838718578387e-01 3.321485550878891502e+01 1.373352976508507295e-04 
-2.064575490923287404e+00 -1.256719319373461152e+00 1.391778408925687938e-01 3.114544104868646102e+01 9.167538629635259978e-03 
-2.188719449180903442e+00 -1.251802418521430260e+00 1.389691282996332600e-01 3.424932693904443681e+01 3.446597990724070085e-03 
-2.188719449180903442e+00 -1.251802418521430260e+00 1.389691282996332600e-01 3.424932693904443681e+01 3.446597990724070085e-03 
-2.056148947132576232e+00 -1.286604287796141222e+00 1.408374935697386809e-01 3.255288409132464267e+01 1.497122259459370344e-02 
-2.056148947132576232e+00 -1.286604287796141222e+00 1.408374935697386809e-01 3.255288409132464267e+01 1.497122259459370344e-02 
-2.311586042621473158e+00 -1.299813882602588455e+00 1.436828487512210317e-01 3.526757956457024079e+01 4.273425693984073820e-02 
-2.276551845799882123e+00 -1.250054551439190753e+00 1.497009024582121872e-01 3.263549940742211675e+01 4.273425693984073820e-02 
-2.514198499879720217e+00 -1.279588212119363133e+00 1.606995612692657394e-01 2.803421153804026034e+01 4.273425693984073820e-02 
-2.118265909041344042e+00 -1.342078515118167559e+00 1.653110871906772195e-01 2.761587020446607710e+01 -2.188459082490751013e-03 
-2.158281912934072011e+00 -1.314007915780569302e+00 1.702834477242599620e-01 2.706496480451286502e+01 -2.188459082490751013e-03 
-2.131641266500865939e+00 -1.412260346224114782e+00 1.772959471731458680e-01 2.757407776609117178e+01 2.076992108094588910e-02 
-2.123909713993750614e+00 -1.437775131615391278e+00 1.837458107286273623e-01 2.624568152472861016e+01 2.698138459640022149e-02 
-1.957471990369392234e+00 -1.472224658497820471e+00 1.835888476990489571e-01 2.302026620270545720e+01 2.698138459640022149e-02 
-1.957471990369392234e+00 -1.472224658497820471e+00 1.835888476990489571e-01 2.302026620270545720e+01 2.698138459640022149e-02 
-1.791309202803219369e+00 -1.505679249780895068e+00 1.757229261914287355e-01 1.938676774668684644e+01 3.185925855331362549e-02 
-1.650106298446124997e+00 -1.465611168164820510e+00 1.646046445184101981e-01 2.111410344053324550e+01 3.185925855331362549e-02 
-1.887890634559791003e+00 -1.506119966858003867e+00 1.675372439999039398e-01 2.134772236340656448e+01 3.185925855331362549e-02 
-1.716460360872462898e+00 -1.530016986899702891e+00 1.647483460751142381e-01 1.564380642510293740e+01 1.437343908500672562e-02 
-1.716460360872462898e+00 -1.530016986899702891e+00 1.647483460751142381e-01 1.564380642510293740e+01 1.437343908500672562e-02 
-1.598727207427931063e+00 -1.514020471420044256e+00 1.646048172043707847e-01 1.094289154665709951e+01 1.582214639852447258e-02 
-1.598727207427931063e+00 -1.514020471420044256e+00 1.646048172043707847e-01 1.094289154665709951e+01 1.582214639852447258e-02 
-1.598727207427931063e+00 -1.514020471420044256e+00 1.646048172043707847e-01 1.094289154665709951e+01 1.582214639852447258e-02 
-1.544684812125979523e+00 -1.542752574676268917e+00 1.604763981431366060e-01 1.204731994541949192e+01 5.636289074131863031e-03 
-1.544684812125979523e+00 -1.542752574676268917e+00 1.604763981431366060e-01 1.204731994541949192e+01 5.636289074131863031e-03 
-1.544684812125979523e+00 -1.542752574676268917e+00 1.604763981431366060e-01 1.204731994541949192e+01 5.636289074131863031e-03 
