-3.542541214300735319e+00 -7.215283030166389500e-01 1.265686284058037125e-01 8.100162845696749514e+01 -8.285610165690246443e-02 
-1.918403520841133858e+00 -5.388041310185306410e-01 2.121647850968649829e-01 6.713490697794692608e+01 9.938913455035142119e-03 
-1.698859947434154360e+00 -4.917654803122484819e-01 2.045366493516624917e-01 6.513635802762057381e+01 1.308085826181106665e-02 
-1.716989892137245732e+00 -4.878318715091378155e-01 2.085993002548617026e-01 6.298763385766714151e+01 9.950791844665900221e-03 
-1.816583772337478475e+00 -4.300010055735360992e-01 2.000840066271923623e-01 6.447548844138856339e+01 6.132440624827211091e-03 
-1.816583772337478475e+00 -4.300010055735360992e-01 2.000840066271923623e-01 6.447548844138856339e+01 6.132440624827211091e-03 
-1.719109338773151530e+00 -4.380713468358986562e-01 1.984411675872356784e-01 6.459046068768822124e+01 6.444128665030423447e-03 
-1.577616031886871495e+00 -4.114269025690017179e-01 1.975511246636953433e-01 6.926001830861986264e+01 -7.290274069972837653e-03 
-1.508287352156665762e+00 -4.174724160177657462e-01 1.847132733731783327e-01 6.048439875060073945e+01 7.269559239631554273e-03 
-1.326845839105834868e+00 -3.633794764310273595e-01 1.851664225413519049e-01 5.880645848892572047e+01 6.538712806078140344e-03 
-1.488914401964101186e+00 -3.774695857229434237e-01 1.814788370242294002e-01 5.564758251590258453e+01 7.442307704833778584e-03 
-1.638470180460885439e+00 -3.649485169827702546e-01 1.822162744134060153e-01 5.585544579123291697e+01 8.017681119114892022e-03 
-1.464239403884200819e+00 -3.711152820835926236e-01 1.836031362166020975e-01 5.617914777082633293e+01 6.325687165276970905e-03 
-1.715329265323845664e+00 -4.039814803880267258e-01 1.752241701099937210e-01 6.048411130887650700e+01 6.260744926770289362e-03 
-1.798673288000845361e+00 -4.495201399321758773e-01 1.707564246156949295e-01 6.397778944656910483e+01 7.809768483453243502e-03 
-1.624110026335405577e+00 -4.484743802198715157e-01 1.730295483736273843e-01 6.887432311549115127e+01 7.658382379137624110e-03 
-1.647515937495944049e+00 -4.368782874330662813e-01 1.729077281533173416e-01 6.986085096089793467e+01 1.065575382525659615e-02 
-1.699709164172311882e+00 -3.958594986753389833e-01 1.655465738903721951e-01 6.287126286522615004e+01 4.378897939822498989e-03 
-1.699709164172311882e+00 -3.958594986753389833e-01 1.655465738903721951e-01 6.287126286522615004e+01 4.378897939822498989e-03 
-1.556957335546733212e+00 -3.793517792880644612e-01 1.727285198658318477e-01 6.876905471765461186e+01 5.952304926701829264e-03 
-1.469830767618105716e+00 -3.471376827431412182e-01 1.697359763725526105e-01 6.491740280971625054e+01 5.076368833977295582e-03 
-1.469830767618105716e+00 -3.471376827431412182e-01 1.697359763725526105e-01 6.491740280971625054e+01 5.076368833977295582e-03 
-1.469830767618105716e+00 -3.471376827431412182e-01 1.697359763725526105e-01 6.491740280971625054e+01 5.076368833977295582e-03 
-1.742180755405644987e+00 -3.222330898102551688e-01 1.548798475627924942e-01 6.625777042533077577e+01 4.768406782876557191e-03 
-1.897179467957049059e+00 -2.646574269362489962e-01 1.559072938131388641e-01 6.624877796238764915e+01 4.653078741318557483e-03 
-1.962915187388213800e+00 -3.246268607237721704e-01 1.527648056037670676e-01 6.359630070094451781e+01 5.768212194300354444e-03 
-2.182367191210844215e+00 -3.678430288825007000e-01 1.625727690296112082e-01 6.016564287603003436e+01 8.189204093089066244e-03 
-2.103700483084686379e+00 -3.750683536210753788e-01 1.686137030989354468e-01 6.071393599176803946e+01 1.029945406547527580e-02 
-1.858896958489292706e+00 -3.444473785636165686e-01 1.685601171633599460e-01 6.077438649524994929e+01 5.430553234141693303e-03 
-1.858896958489292706e+00 -3.444473785636165686e-01 1.685601171633599460e-01 6.077438649524994929e+01 5.430553234141693303e-03 
-1.858896958489292706e+00 -3.444473785636165686e-01 1.685601171633599460e-01 6.077438649524994929e+01 5.430553234141693303e-03 
-1.954182745699530654e+00 -3.586911989958764257e-01 1.652586014664506608e-01 6.233341064570824841e+01 4.094478161032559169e-03 
-1.954182745699530654e+00 -3.586911989958764257e-01 1.652586014664506608e-01 6.233341064570824841e+01 4.094478161032559169e-03 
-2.101776429324400564e+00 -3.561773643130582423e-01 1.568921642840962194e-01 6.972180087721397967e+01 5.964310253414317753e-03 
-2.205994979601341388e+00 -3.254043234719061206e-01 1.544593004277614590e-01 6.769967709947039225e+01 4.974935039124907948e-03 
-2.205994979601341388e+00 -3.254043234719061206e-01 1.544593004277614590e-01 6.769967709947039225e+01 4.974935039124907948e-03 
-2.149110309840644550e+00 -3.277805869055573917e-01 1.556807885400376401e-01 7.058164889733801317e+01 -6.500017204155209526e-04 
-2.020070711160148136e+00 -3.545304228958418569e-01 1.525217376598062835e-01 7.372271879496811664e+01 6.398438756376717551e-03 
-2.337120214563923604e+00 -3.407232931550095989e-01 1.607171441840119785e-01 6.896716347824724380e+01 3.412403901338754986e-03 
-2.643273977856420043e+00 -2.953100723693596885e-01 1.580473950561121221e-01 6.786532157570204049e+01 4.873785059314935178e-03 
-2.643273977856420043e+00 -2.953100723693596885e-01 1.580473950561121221e-01 6.786532157570204049e+01 4.873785059314935178e-03 
-2.596119910177580259e+00 -2.617723726584272881e-01 1.624763589357137994e-01 7.375264926965206769e+01 5.117645737040433553e-03 
-2.402536120445927015e+00 -2.608860208059350927e-01 1.674875784485078678e-01 6.861509154905711227e+01 5.119398856803185523e-03 
-2.537739347801286183e+00 -2.320156434873244800e-01 1.782585829611189054e-01 7.169694497084941531e+01 6.710326104544032250e-03 
-2.857115536052658999e+00 -2.192301593811545046e-01 1.989450904517563179e-01 7.114874287925253782e+01 6.822319195752004316e-03 
-2.684337799771486122e+00 -1.874382946591680588e-01 1.846124909092661803e-01 6.572901832789500531e+01 5.160126832842064533e-03 
-2.575692486391363278e+00 -2.495864721027397093e-01 1.884290633811252780e-01 6.574384828079273291e+01 4.122301060441597997e-03 
-2.602925279342890974e+00 -2.388348461012979318e-01 1.905905710009081211e-01 6.812225610829392508e+01 5.026934909553612378e-03 
-2.280315430135599453e+00 -2.346096862908244318e-01 2.009523446360985677e-01 6.651491901886900848e+01 8.347981179478939501e-03 
-2.317338138690993699e+00 -2.565140375852069665e-01 1.905930579277922421e-01 6.371306795548601798e+01 7.234251869332920457e-03 
-2.137832458141853742e+00 -2.849517572987904646e-01 1.881027875203215849e-01 6.769752547224828731e+01 7.714105412135401074e-03 
-2.255924859374752511e+00 -2.797695544560962477e-01 1.808628912547315948e-01 6.425317917084747421e+01 4.570198816079019608e-03 
-2.189414652135318384e+00 -2.716017183027058524e-01 1.849831532943755907e-01 6.595637579441968512e+01 6.039109562882246859e-03 
-2.189414652135318384e+00 -2.716017183027058524e-01 1.849831532943755907e-01 6.595637579441968512e+01 6.039109562882246859e-03 
-2.103557486542072752e+00 -2.748508624379115695e-01 1.816187100522126119e-01 6.419053209187975995e+01 5.643871386080289224e-03 
-2.337816634274541006e+00 -3.020357682800308696e-01 1.817112307420666317e-01 6.392113927286738573e+01 6.891435101169353719e-03 
-2.143811341402243720e+00 -2.797490083101191183e-01 1.849838210189213017e-01 6.616893755471829763e+01 5.459110483253219216e-03 
-2.132258250258292964e+00 -3.194918505191881031e-01 1.878868998569476478e-01 6.583684042889908028e+01 7.159190251393230189e-03 
-2.281139401845204251e+00 -3.521226610607153251e-01 1.813997451908296865e-01 6.179306684945669303e+01 1.322686516131236709e-02 
-2.471910940828734748e+00 -3.484474171670269849e-01 1.785384940781380159e-01 5.569491944138724904e+01 6.408376619743897176e-03 
-2.409481295546986868e+00 -3.963356846669292555e-01 1.793800425011147504e-01 5.841664053157058589e+01 2.455337257182654657e-03 
-2.409481295546986868e+00 -3.963356846669292555e-01 1.793800425011147504e-01 5.841664053157058589e+01 2.455337257182654657e-03 
-2.409481295546986868e+00 -3.963356846669292555e-01 1.793800425011147504e-01 5.841664053157058589e+01 2.455337257182654657e-03 
-2.409481295546986868e+00 -3.963356846669292555e-01 1.793800425011147504e-01 5.841664053157058589e+01 2.455337257182654657e-03 
-2.409481295546986868e+00 -3.963356846669292555e-01 1.793800425011147504e-01 5.841664053157058589e+01 2.455337257182654657e-03 
-2.409481295546986868e+00 -3.963356846669292555e-01 1.793800425011147504e-01 5.841664053157058589e+01 2.455337257182654657e-03 
-2.409481295546986868e+00 -3.963356846669292555e-01 1.793800425011147504e-01 5.841664053157058589e+01 2.455337257182654657e-03 
-2.409481295546986868e+00 -3.963356846669292555e-01 1.793800425011147504e-01 5.841664053157058589e+01 2.455337257182654657e-03 
-2.562234107372481695e+00 -4.289231909622597261e-01 1.782880201517314245e-01 4.847616342955711133e+01 -1.821813479779180178e-02 
-2.985198095810273067e+00 -4.698184832163639912e-01 1.888981444075837901e-01 4.374663977782245183e+01 1.025342952305670352e-02 
-3.101544875846903082e+00 -4.734424962973498574e-01 1.942130430314941703e-01 4.912951869346757405e+01 9.531921521732249908e-03 
-3.129614454233352383e+00 -4.828557963711875844e-01 1.960037854363075871e-01 4.630832341381005079e+01 3.761982362067152821e-03 
-3.129614454233352383e+00 -4.828557963711875844e-01 1.960037854363075871e-01 4.630832341381005079e+01 3.761982362067152821e-03 
-3.129614454233352383e+00 -4.828557963711875844e-01 1.960037854363075871e-01 4.630832341381005079e+01 3.761982362067152821e-03 
-3.129614454233352383e+00 -4.828557963711875844e-01 1.960037854363075871e-01 4.630832341381005079e+01 3.761982362067152821e-03 
-3.129614454233352383e+00 -4.828557963711875844e-01 1.960037854363075871e-01 4.630832341381005079e+01 3.761982362067152821e-03 
-3.129614454233352383e+00 -4.828557963711875844e-01 1.960037854363075871e-01 4.630832341381005079e+01 3.761982362067152821e-03 
-3.129614454233352383e+00 -4.828557963711875844e-01 1.960037854363075871e-01 4.630832341381005079e+01 3.761982362067152821e-03 
-3.129614454233352383e+00 -4.828557963711875844e-01 1.960037854363075871e-01 4.630832341381005079e+01 3.761982362067152821e-03 
-3.129614454233352383e+00 -4.828557963711875844e-01 1.960037854363075871e-01 4.630832341381005079e+01 3.761982362067152821e-03 
-3.129614454233352383e+00 -4.828557963711875844e-01 1.960037854363075871e-01 4.630832341381005079e+01 3.761982362067152821e-03 
-3.129614454233352383e+00 -4.828557963711875844e-01 1.960037854363075871e-01 4.630832341381005079e+01 3.761982362067152821e-03 
-3.129614454233352383e+00 -4.828557963711875844e-01 1.960037854363075871e-01 4.630832341381005079e+01 3.761982362067152821e-03 
-3.129614454233352383e+00 -4.828557963711875844e-01 1.960037854363075871e-01 4.630832341381005079e+01 3.761982362067152821e-03 
-3.129614454233352383e+00 -4.828557963711875844e-01 1.960037854363075871e-01 4.630832341381005079e+01 3.761982362067152821e-03 
-3.129614454233352383e+00 -4.828557963711875844e-01 1.960037854363075871e-01 4.630832341381005079e+01 3.761982362067152821e-03 
-3.360356271064702138e+00 -4.930764935926621462e-01 2.019687441878495748e-01 3.957263260533979832e+01 2.420740578299931250e-02 
-3.550980756253665049e+00 -4.845647635397701825e-01 2.008694243050408168e-01 3.037622934602671521e+01 -2.716062825665482294e-01 
-3.521838127716989675e+00 -4.851172802072254986e-01 1.958648001088852952e-01 2.354462599338208406e+01 -2.716062825665482294e-01 
-3.230319103828280802e+00 -5.559052243559186035e-01 1.901395037051425707e-01 2.157855053329416251e+01 -8.041888767437162938e-03 
-3.072367535461492327e+00 -5.752765032857068972e-01 1.934863874355434998e-01 2.378239833757452004e+01 -2.434094697879107729e-03 
-3.086693617495207320e+00 -5.173654982295068372e-01 1.761874102313388812e-01 2.489790529923113382e+01 -2.434094697879107729e-03 
-2.951928165950416627e+00 -4.921129360352634041e-01 1.768555542762965949e-01 2.626041633537712627e+01 1.325918434864763532e-02 
-2.951928165950416627e+00 -4.921129360352634041e-01 1.768555542762965949e-01 2.626041633537712627e+01 1.325918434864763532e-02 
-2.953268418837884823e+00 -5.144731151184314122e-01 1.873217622599376853e-01 3.021156201441495526e+01 1.891010846119866792e-02 
-3.072140966754521862e+00 -5.320949634926351868e-01 1.900876254424014311e-01 3.456676384837788873e+01 1.891010846119866792e-02 
-3.234412111885062835e+00 -5.101681059958025344e-01 1.989888700482154715e-01 3.096432014801941790e+01 1.358266711305306657e-02 
-3.008197464627039519e+00 -5.594681286252090047e-01 1.976618232323667512e-01 3.331600687802422556e+01 1.358266711305306657e-02 
-3.121385984377891720e+00 -5.888040579104296679e-01 2.027066169845340160e-01 3.368683582251896524e+01 1.358266711305306657e-02 
-3.121385984377891720e+00 -5.888040579104296679e-01 2.027066169845340160e-01 3.368683582251896524e+01 1.358266711305306657e-02 
-3.637529979968915583e+00 -5.315682863667489100e-01 2.044120203170105843e-01 3.872987384438302882e+01 0.000000000000000000e+00 
-3.637529979968915583e+00 -5.315682863667489100e-01 2.044120203170105843e-01 3.872987384438302882e+01 0.000000000000000000e+00 
-3.637529979968915583e+00 -5.315682863667489100e-01 2.044120203170105843e-01 3.872987384438302882e+01 0.000000000000000000e+00 
-3.797900078616693431e+00 -5.284605619469584514e-01 2.067394174358445635e-01 3.191652833544426215e+01 1.845957966634233505e-01 
-3.782011567900896765e+00 -5.287740878117691556e-01 2.114130195053108285e-01 3.291159428335317472e+01 0.000000000000000000e+00 
-3.782011567900896765e+00 -5.287740878117691556e-01 2.114130195053108285e-01 3.291159428335317472e+01 0.000000000000000000e+00 
-3.738936497165473050e+00 -5.574925207171936847e-01 2.189678677664380069e-01 3.146656995168645210e+01 0.000000000000000000e+00 
-3.738936497165473050e+00 -5.574925207171936847e-01 2.189678677664380069e-01 3.146656995168645210e+01 0.000000000000000000e+00 
-3.657060320184456703e+00 -5.607427505439154247e-01 2.216075079346049859e-01 2.494561605893763812e+01 0.000000000000000000e+00 
-3.657060320184456703e+00 -5.607427505439154247e-01 2.216075079346049859e-01 2.494561605893763812e+01 0.000000000000000000e+00 
-3.958998191871486050e+00 -6.221810473108059236e-01 2.218225667985225247e-01 2.552298157809504175e+01 0.000000000000000000e+00 
-3.958998191871486050e+00 -6.221810473108059236e-01 2.218225667985225247e-01 2.552298157809504175e+01 0.000000000000000000e+00 
-3.958998191871486050e+00 -6.221810473108059236e-01 2.218225667985225247e-01 2.552298157809504175e+01 0.000000000000000000e+00 
-3.958998191871486050e+00 -6.221810473108059236e-01 2.218225667985225247e-01 2.552298157809504175e+01 0.000000000000000000e+00 
-3.958998191871486050e+00 -6.221810473108059236e-01 2.218225667985225247e-01 2.552298157809504175e+01 0.000000000000000000e+00 
-4.211265960517974527e+00 -6.400288123491055803e-01 2.201499865366688125e-01 3.084083447545708268e+01 0.000000000000000000e+00 
-4.211265960517974527e+00 -6.400288123491055803e-01 2.201499865366688125e-01 3.084083447545708268e+01 0.000000000000000000e+00 
-4.167810071836544950e+00 -6.285405505946776161e-01 2.311682179829564754e-01 3.173654689732880740e+01 0.000000000000000000e+00 
-4.132620511862644008e+00 -6.713728646798194921e-01 2.290939782330031760e-01 3.602824066636011935e+01 0.000000000000000000e+00 
-4.252676918487247271e+00 -6.371667263332827513e-01 2.291311358292895395e-01 3.700277260440542904e+01 0.000000000000000000e+00 
-4.363174127072285025e+00 -6.556724022200213220e-01 2.322143714770435463e-01 3.442695297081819206e+01 0.000000000000000000e+00 
-4.303510183751122042e+00 -6.182053296990662750e-01 2.354923779322496136e-01 3.422370369091139253e+01 0.000000000000000000e+00 
-4.303510183751122042e+00 -6.182053296990662750e-01 2.354923779322496136e-01 3.422370369091139253e+01 0.000000000000000000e+00 
-4.303510183751122042e+00 -6.182053296990662750e-01 2.354923779322496136e-01 3.422370369091139253e+01 0.000000000000000000e+00 
-4.303510183751122042e+00 -6.182053296990662750e-01 2.354923779322496136e-01 3.422370369091139253e+01 0.000000000000000000e+00 
-4.303510183751122042e+00 -6.182053296990662750e-01 2.354923779322496136e-01 3.422370369091139253e+01 0.000000000000000000e+00 
-4.574107276962824820e+00 -5.553324989799072187e-01 2.246276997194680269e-01 3.549806736291686349e+01 0.000000000000000000e+00 
-4.574107276962824820e+00 -5.553324989799072187e-01 2.246276997194680269e-01 3.549806736291686349e+01 0.000000000000000000e+00 
-4.574107276962824820e+00 -5.553324989799072187e-01 2.246276997194680269e-01 3.549806736291686349e+01 0.000000000000000000e+00 
-4.473920416108640552e+00 -5.035050193832480980e-01 2.250125841372762336e-01 2.996256650083577355e+01 0.000000000000000000e+00 
-4.473920416108640552e+00 -5.035050193832480980e-01 2.250125841372762336e-01 2.996256650083577355e+01 0.000000000000000000e+00 
-4.506184046443110880e+00 -4.731072884468247586e-01 2.184408848547342019e-01 3.503182194946052164e+01 0.000000000000000000e+00 
-4.522333325126772330e+00 -4.284137008233748767e-01 2.194177338233726238e-01 3.474177139751812859e+01 0.000000000000000000e+00 
-4.522333325126772330e+00 -4.284137008233748767e-01 2.194177338233726238e-01 3.474177139751812859e+01 0.000000000000000000e+00 
-4.691828684076225109e+00 -3.728990935206989432e-01 2.093391226352548373e-01 2.922039859243911053e+01 0.000000000000000000e+00 
-4.605033257738782915e+00 -3.183300096834843496e-01 2.160568870772393013e-01 2.327958121521924184e+01 0.000000000000000000e+00 
-4.605033257738782915e+00 -3.183300096834843496e-01 2.160568870772393013e-01 2.327958121521924184e+01 0.000000000000000000e+00 
-4.605033257738782915e+00 -3.183300096834843496e-01 2.160568870772393013e-01 2.327958121521924184e+01 0.000000000000000000e+00 
-4.605033257738782915e+00 -3.183300096834843496e-01 2.160568870772393013e-01 2.327958121521924184e+01 0.000000000000000000e+00 
-4.605033257738782915e+00 -3.183300096834843496e-01 2.160568870772393013e-01 2.327958121521924184e+01 0.000000000000000000e+00 
-4.605033257738782915e+00 -3.183300096834843496e-01 2.160568870772393013e-01 2.327958121521924184e+01 0.000000000000000000e+00 
-4.605033257738782915e+00 -3.183300096834843496e-01 2.160568870772393013e-01 2.327958121521924184e+01 0.000000000000000000e+00 
-4.605033257738782915e+00 -3.183300096834843496e-01 2.160568870772393013e-01 2.327958121521924184e+01 0.000000000000000000e+00 
-4.584389501638410636e+00 -3.323932223871016722e-01 2.192748174266747063e-01 2.614730014536588953e+01 1.795006714715737320e-02 
-4.478804390424373949e+00 -3.456056617177216683e-01 2.059064679753384308e-01 2.897766707718676216e+01 1.795006714715737320e-02 
-4.349148228634086344e+00 -3.359776689066589772e-01 2.225672579105849591e-01 2.807581035553315374e+01 1.795006714715737320e-02 
-4.431573818572748458e+00 -3.287877056398475495e-01 2.244437011385809755e-01 3.236945783029126034e+01 1.795006714715737320e-02 
-4.408301379617188154e+00 -3.436252999152466514e-01 2.217266883257155430e-01 3.301786875056872361e+01 1.795006714715737320e-02 
-4.212492790647188734e+00 -3.170787606514348655e-01 2.288750831331371749e-01 3.364277411351634584e+01 0.000000000000000000e+00 
-4.013003850542131268e+00 -3.210954007148731915e-01 2.412702746306573109e-01 4.076166031578500792e+01 0.000000000000000000e+00 
-4.013003850542131268e+00 -3.210954007148731915e-01 2.412702746306573109e-01 4.076166031578500792e+01 0.000000000000000000e+00 
-4.106703727531018977e+00 -3.841130474508762660e-01 2.430275900261607835e-01 4.395704601622213659e+01 0.000000000000000000e+00 
-4.106703727531018977e+00 -3.841130474508762660e-01 2.430275900261607835e-01 4.395704601622213659e+01 0.000000000000000000e+00 
-4.106703727531018977e+00 -3.841130474508762660e-01 2.430275900261607835e-01 4.395704601622213659e+01 0.000000000000000000e+00 
-4.415642338830036095e+00 -3.463259324142894946e-01 2.576814885528287413e-01 4.449235556832144312e+01 0.000000000000000000e+00 
-4.327268419567125157e+00 -3.617560314930378107e-01 2.498201310965731947e-01 4.280495031186733712e+01 0.000000000000000000e+00 
-4.327268419567125157e+00 -3.617560314930378107e-01 2.498201310965731947e-01 4.280495031186733712e+01 0.000000000000000000e+00 
-4.193126272016317380e+00 -3.270832336341496505e-01 2.427781271215171122e-01 4.389460066725127518e+01 0.000000000000000000e+00 
-4.193126272016317380e+00 -3.270832336341496505e-01 2.427781271215171122e-01 4.389460066725127518e+01 0.000000000000000000e+00 
-4.193126272016317380e+00 -3.270832336341496505e-01 2.427781271215171122e-01 4.389460066725127518e+01 0.000000000000000000e+00 
-4.193126272016317380e+00 -3.270832336341496505e-01 2.427781271215171122e-01 4.389460066725127518e+01 0.000000000000000000e+00 
-4.037920176278619877e+00 -3.504486531725388709e-01 2.441871230935404591e-01 4.078002660526398415e+01 0.000000000000000000e+00 
-4.037920176278619877e+00 -3.504486531725388709e-01 2.441871230935404591e-01 4.078002660526398415e+01 0.000000000000000000e+00 
-4.011781208630618600e+00 -4.026349658570334555e-01 2.415399687868594880e-01 4.343918409123638469e+01 0.000000000000000000e+00 
-4.011781208630618600e+00 -4.026349658570334555e-01 2.415399687868594880e-01 4.343918409123638469e+01 0.000000000000000000e+00 
-4.011781208630618600e+00 -4.026349658570334555e-01 2.415399687868594880e-01 4.343918409123638469e+01 0.000000000000000000e+00 
-4.408759899970297269e+00 -3.405902667375643733e-01 2.385829322169292221e-01 4.162788918960651330e+01 0.000000000000000000e+00 
-4.408759899970297269e+00 -3.405902667375643733e-01 2.385829322169292221e-01 4.162788918960651330e+01 0.000000000000000000e+00 
-4.232818979358154543e+00 -3.913020448515798222e-01 2.380040706769012415e-01 4.419715707907002411e+01 5.941076573842271613e-02 
-4.290712579938619875e+00 -3.697041953800768166e-01 2.299381110901521363e-01 3.996609129125244664e+01 0.000000000000000000e+00 
-4.290712579938619875e+00 -3.697041953800768166e-01 2.299381110901521363e-01 3.996609129125244664e+01 0.000000000000000000e+00 
-4.399105391881321658e+00 -3.486285386296343880e-01 2.413217778278233250e-01 3.767823504505771837e+01 0.000000000000000000e+00 
-4.360943871142779038e+00 -3.531174449986593245e-01 2.325004019933162858e-01 3.155327636397699820e+01 0.000000000000000000e+00 
-4.298043687116435585e+00 -4.139634012775390004e-01 2.379101019280453477e-01 3.731530918802430108e+01 0.000000000000000000e+00 
-4.298700507002745752e+00 -4.966746361348454153e-01 2.423186476084336627e-01 3.894076847256695117e+01 0.000000000000000000e+00 
-4.298700507002745752e+00 -4.966746361348454153e-01 2.423186476084336627e-01 3.894076847256695117e+01 0.000000000000000000e+00 
-4.298700507002745752e+00 -4.966746361348454153e-01 2.423186476084336627e-01 3.894076847256695117e+01 0.000000000000000000e+00 
-4.385490518476102828e+00 -4.333979195383718119e-01 2.510123634120591252e-01 3.889081512522963635e+01 0.000000000000000000e+00 
-4.383550076824501041e+00 -4.262392629450325043e-01 2.523984468954720839e-01 4.495368237966066260e+01 0.000000000000000000e+00 
-4.383550076824501041e+00 -4.262392629450325043e-01 2.523984468954720839e-01 4.495368237966066260e+01 0.000000000000000000e+00 
-4.189512868868973783e+00 -3.844720033934092562e-01 2.497744107990190199e-01 4.423538319660450213e+01 0.000000000000000000e+00 
-4.116137919016519930e+00 -3.434337012768832187e-01 2.443769762581095850e-01 4.313263374507013026e+01 0.000000000000000000e+00 
-4.116137919016519930e+00 -3.434337012768832187e-01 2.443769762581095850e-01 4.313263374507013026e+01 0.000000000000000000e+00 
-4.116137919016519930e+00 -3.434337012768832187e-01 2.443769762581095850e-01 4.313263374507013026e+01 0.000000000000000000e+00 
-4.116137919016519930e+00 -3.434337012768832187e-01 2.443769762581095850e-01 4.313263374507013026e+01 0.000000000000000000e+00 
-4.116137919016519930e+00 -3.434337012768832187e-01 2.443769762581095850e-01 4.313263374507013026e+01 0.000000000000000000e+00 
-4.064886606140589720e+00 -3.356443510014901488e-01 2.466722869363198178e-01 4.240456986813858720e+01 0.000000000000000000e+00 
-3.888464343544498991e+00 -2.178669405712938545e-01 2.376969757807649297e-01 3.896672762785578215e+01 -3.564047189340572297e-01 
-3.853860976315246045e+00 -1.739498902891739029e-01 2.496940204948617237e-01 3.623053944183664044e+01 -3.564047189340572297e-01 
-3.886993483857692055e+00 -1.956000448611205922e-01 2.637862515370193450e-01 3.073793735833594809e+01 -3.564047189340572297e-01 
-3.851927203746002171e+00 -1.521812023795152125e-01 2.635559257275796874e-01 3.306860110928734287e+01 0.000000000000000000e+00 
-3.895257946250212822e+00 -1.777119396896640890e-01 2.569062310679404715e-01 3.138637539247543273e+01 0.000000000000000000e+00 
-3.950713173038796100e+00 -2.292943519868952118e-01 2.441438425661575373e-01 3.277435116677138183e+01 0.000000000000000000e+00 
-3.850802602994560786e+00 -2.541970541617981083e-01 2.427225235368551115e-01 3.012483986062419206e+01 0.000000000000000000e+00 
-3.879264048813213517e+00 -2.387782510203759478e-01 2.401568993653093176e-01 3.413519885625042605e+01 0.000000000000000000e+00 
-3.737319036937805095e+00 -2.783204419775980876e-01 2.373434641885923402e-01 2.931790538650959022e+01 0.000000000000000000e+00 
-3.737319036937805095e+00 -2.783204419775980876e-01 2.373434641885923402e-01 2.931790538650959022e+01 0.000000000000000000e+00 
-3.574720539809846276e+00 -2.963532932728061842e-01 2.381989043883329105e-01 3.697600652569055768e+01 0.000000000000000000e+00 
-3.574720539809846276e+00 -2.963532932728061842e-01 2.381989043883329105e-01 3.697600652569055768e+01 0.000000000000000000e+00 
-3.574720539809846276e+00 -2.963532932728061842e-01 2.381989043883329105e-01 3.697600652569055768e+01 0.000000000000000000e+00 
-3.574720539809846276e+00 -2.963532932728061842e-01 2.381989043883329105e-01 3.697600652569055768e+01 0.000000000000000000e+00 
-3.794695867194197270e+00 -2.507047388252769404e-01 2.431947194136825363e-01 3.270114722724557765e+01 0.000000000000000000e+00 
-3.794695867194197270e+00 -2.507047388252769404e-01 2.431947194136825363e-01 3.270114722724557765e+01 0.000000000000000000e+00 
-3.909491305828469265e+00 -2.197366215641479714e-01 2.440898407321303865e-01 3.140714352546130073e+01 0.000000000000000000e+00 
-3.909491305828469265e+00 -2.197366215641479714e-01 2.440898407321303865e-01 3.140714352546130073e+01 0.000000000000000000e+00 
-3.893104152411465346e+00 -2.034074278805076408e-01 2.421129164735782713e-01 3.559083036524547339e+01 0.000000000000000000e+00 
-3.893104152411465346e+00 -2.034074278805076408e-01 2.421129164735782713e-01 3.559083036524547339e+01 0.000000000000000000e+00 
-3.893104152411465346e+00 -2.034074278805076408e-01 2.421129164735782713e-01 3.559083036524547339e+01 0.000000000000000000e+00 
-3.865854740517466581e+00 -2.304981551574406817e-01 2.422831831224931398e-01 3.386713465242684862e+01 0.000000000000000000e+00 
-3.854636078693022494e+00 -2.242393340640627397e-01 2.341737825436976395e-01 3.437607308950870788e+01 0.000000000000000000e+00 
-3.854636078693022494e+00 -2.242393340640627397e-01 2.341737825436976395e-01 3.437607308950870788e+01 0.000000000000000000e+00 
-3.854636078693022494e+00 -2.242393340640627397e-01 2.341737825436976395e-01 3.437607308950870788e+01 0.000000000000000000e+00 
-3.756393565613890484e+00 -2.341706017590042543e-01 2.401711393698491570e-01 3.391638884230309969e+01 0.000000000000000000e+00 
-3.677441788075389795e+00 -2.634859836851108361e-01 2.406602438941473909e-01 3.872949515189506542e+01 0.000000000000000000e+00 
-3.708737891276585597e+00 -2.528871129280490515e-01 2.357135124814037919e-01 4.361195819202577439e+01 0.000000000000000000e+00 
-3.708737891276585597e+00 -2.528871129280490515e-01 2.357135124814037919e-01 4.361195819202577439e+01 0.000000000000000000e+00 
-3.450535914151866557e+00 -2.024454436626571541e-01 2.342006315478009915e-01 4.004802742128933346e+01 0.000000000000000000e+00 
-3.537615490049885736e+00 -1.530684446595935166e-01 2.380030400530887824e-01 4.020938285316873362e+01 0.000000000000000000e+00 
-3.735784211743799599e+00 -1.787173239850691486e-01 2.392312916439506554e-01 3.411387672445248143e+01 0.000000000000000000e+00 
-3.735784211743799599e+00 -1.787173239850691486e-01 2.392312916439506554e-01 3.411387672445248143e+01 0.000000000000000000e+00 
-3.689568179514134183e+00 -1.827302905067774708e-01 2.425223177282209708e-01 3.690213752983220985e+01 0.000000000000000000e+00 
-3.689568179514134183e+00 -1.827302905067774708e-01 2.425223177282209708e-01 3.690213752983220985e+01 0.000000000000000000e+00 
-3.689568179514134183e+00 -1.827302905067774708e-01 2.425223177282209708e-01 3.690213752983220985e+01 0.000000000000000000e+00 
-3.784920408989005391e+00 -1.428454698270236745e-01 2.279008465019688734e-01 3.869520417932256606e+01 0.000000000000000000e+00 
-3.784920408989005391e+00 -1.428454698270236745e-01 2.279008465019688734e-01 3.869520417932256606e+01 0.000000000000000000e+00 
-3.784920408989005391e+00 -1.428454698270236745e-01 2.279008465019688734e-01 3.869520417932256606e+01 0.000000000000000000e+00 
-3.993020897474945041e+00 -2.003563998650179645e-01 2.354525197513131773e-01 4.090259392577983988e+01 0.000000000000000000e+00 
-4.233212415656810279e+00 -1.933742133334012681e-01 2.391588672502298896e-01 4.187190283493561083e+01 0.000000000000000000e+00 
-4.514711836913371634e+00 -1.805745275228695657e-01 2.470782005693828443e-01 4.068329344004820314e+01 0.000000000000000000e+00 
-4.514711836913371634e+00 -1.805745275228695657e-01 2.470782005693828443e-01 4.068329344004820314e+01 0.000000000000000000e+00 
-4.308278493311378909e+00 -1.863832022872031757e-01 2.444246222082768760e-01 4.440232461309878431e+01 0.000000000000000000e+00 
-4.610762215981952572e+00 -1.636607288979521069e-01 2.434263414190527275e-01 3.937911443815913515e+01 0.000000000000000000e+00 
-4.684701318122113989e+00 -7.024859421786268376e-02 2.425707782276488589e-01 4.446179021998771930e+01 0.000000000000000000e+00 
-4.684701318122113989e+00 -7.024859421786268376e-02 2.425707782276488589e-01 4.446179021998771930e+01 0.000000000000000000e+00 
-4.670198543655696533e+00 5.774681982842852501e-03 2.410985167168679943e-01 4.969777907458033894e+01 2.794178202652027737e-02 
-4.519987079424617527e+00 1.760245340200669584e-02 2.471865091375206325e-01 4.487461842274768742e+01 2.794178202652027737e-02 
-4.685843447053061439e+00 -2.306480373452452631e-02 2.528487237623778805e-01 4.255782488522409324e+01 2.794178202652027737e-02 
-4.860647630459499879e+00 -6.852398039452917144e-02 2.417006665009381883e-01 3.953994805649309541e+01 2.794178202652027737e-02 
-4.320999785282734429e+00 -9.540234135983365060e-02 2.339333893761523508e-01 3.526016396288754606e+01 2.794178202652027737e-02 
-4.720877363239151414e+00 -1.318619693913097857e-01 2.401090925796545150e-01 4.625369156975732210e+01 2.536030932074856761e-02 
-4.723712614874714610e+00 -1.734899143996350424e-01 2.438356797093536310e-01 4.577868827070248869e+01 1.322678770437428313e-02 
-4.656480209753952160e+00 -1.578002554402206103e-01 2.409801212186142294e-01 4.092839877276637850e+01 1.322678770437428313e-02 
-4.656480209753952160e+00 -1.578002554402206103e-01 2.409801212186142294e-01 4.092839877276637850e+01 1.322678770437428313e-02 
-4.750798956931060246e+00 -1.804831452887998566e-01 2.404231281046352586e-01 4.347103513637408412e+01 2.065572490889502205e-02 
-4.789355837232979418e+00 -1.470865898637475078e-01 2.468414438748272044e-01 4.174815264743740073e+01 2.065572490889502205e-02 
-4.685324455891386464e+00 -1.596825935800772200e-01 2.371741808948235053e-01 4.803062589297697116e+01 1.823755309715519024e-02 
-4.638018751144125318e+00 -1.151969286674575654e-01 2.414805778256008673e-01 5.167665688889742626e+01 1.538122383352854769e-02 
-4.674252913155301670e+00 -1.319585337370521860e-01 2.429557610567098513e-01 4.991219031006714602e+01 1.538122383352854769e-02 
-4.520477934212825843e+00 -9.998660230437189655e-02 2.380690194805741289e-01 5.162333013148845851e+01 2.113675057135313423e-02 
-4.775860946974828991e+00 -1.544154427954282371e-01 2.607284164571943563e-01 5.384314870723419233e+01 1.800696102407505633e-02 
-5.116929130378753854e+00 -1.356749073642835313e-01 2.539428245291606157e-01 5.496237051944368091e+01 1.801918474330841888e-02 
-4.952083003485364898e+00 -1.604991146433597526e-01 2.449822374806810976e-01 5.774990212781361976e+01 1.897365196494427142e-02 
-4.750438024614053845e+00 -1.249057817478128884e-01 2.451119864156428574e-01 6.045615214113460212e+01 2.099889414330700227e-02 
-4.966886945089275862e+00 -9.596784127096529005e-02 2.406507773048064125e-01 5.755575214419958741e+01 1.953147521316811810e-02 
-5.235073612775402729e+00 -9.773898373964189090e-02 2.536275963682608214e-01 5.356135091350394362e+01 1.953147521316811810e-02 
-5.345231200425495821e+00 -2.415634036121472317e-02 2.511720514074105015e-01 5.396638661767839551e+01 0.000000000000000000e+00 
-5.494485564531083277e+00 -3.564174655486228999e-02 2.431556080271770059e-01 4.992784050465235879e+01 0.000000000000000000e+00 
-5.537745922786419861e+00 1.429036270140515014e-02 2.489217831918670853e-01 5.715893120842238773e+01 0.000000000000000000e+00 
-5.460053391246979082e+00 5.316278207446458598e-02 2.498521303582896536e-01 5.464613661227143382e+01 0.000000000000000000e+00 
-5.293986872527614018e+00 9.654124450180957828e-02 2.538845761366200771e-01 5.145468488881695635e+01 0.000000000000000000e+00 
-5.264872782747881175e+00 1.402542141457460700e-01 2.601143178016256940e-01 5.573070531040193742e+01 0.000000000000000000e+00 
-5.183029418261607013e+00 1.347482134928637831e-01 2.563916082912737204e-01 5.183245883630326745e+01 0.000000000000000000e+00 
-5.195929913640656927e+00 2.141857661568137283e-01 2.566013693555123099e-01 4.483012159888655646e+01 0.000000000000000000e+00 
-5.262163864395644097e+00 2.554758719126694055e-01 2.632070374962519610e-01 4.764918201899823202e+01 0.000000000000000000e+00 
-5.355110578865305726e+00 2.815203084336996842e-01 2.664896259565655012e-01 4.942847745034630691e+01 0.000000000000000000e+00 
-5.615408291075267400e+00 2.636697599923760182e-01 2.613339483130675545e-01 5.006220605911933319e+01 0.000000000000000000e+00 
-5.408655728586333922e+00 3.202437093064808837e-01 2.715639100501990311e-01 4.551449820415148650e+01 0.000000000000000000e+00 
-5.559461235072421736e+00 3.555740195024307271e-01 2.606359922181869515e-01 4.479039875645120361e+01 0.000000000000000000e+00 
-5.759153097891565487e+00 3.951256003201309985e-01 2.647616147320898117e-01 4.658734870137951134e+01 0.000000000000000000e+00 
-5.758750229433448276e+00 3.311374597050784629e-01 2.611883729409706367e-01 4.783707630862048887e+01 0.000000000000000000e+00 
-5.884965278315284820e+00 3.520578476652768685e-01 2.604642668987080523e-01 5.228161575773020076e+01 0.000000000000000000e+00 
-5.722610160376644828e+00 3.809264630759398584e-01 2.533456233037052474e-01 5.505464855051951645e+01 0.000000000000000000e+00 
-5.637877872555690395e+00 4.128055574019260376e-01 2.534946065141924221e-01 5.993916078056504659e+01 0.000000000000000000e+00 
-5.652881288849505026e+00 4.420894567310105772e-01 2.573424325220586839e-01 5.835661289799106299e+01 0.000000000000000000e+00 
-5.404786574128528365e+00 4.552313548822810585e-01 2.607477297023970686e-01 5.744467233666642159e+01 0.000000000000000000e+00 
-5.198418777322124207e+00 4.459524203562318379e-01 2.615385854362197171e-01 6.164742827213463272e+01 0.000000000000000000e+00 
-5.106715626060521096e+00 4.191619913375189688e-01 2.578039400363151268e-01 6.133925519764537881e+01 0.000000000000000000e+00 
-5.049557422162285647e+00 3.549673454898701896e-01 2.644342718885283050e-01 5.922408572323455189e+01 0.000000000000000000e+00 
-5.026807887203849745e+00 3.276974224358816801e-01 2.642916871810028212e-01 6.052863395701760396e+01 0.000000000000000000e+00 
-5.153459218685612520e+00 2.985206682615867968e-01 2.600025072135886406e-01 5.933991755421185132e+01 0.000000000000000000e+00 
-4.961434909140765903e+00 3.373106939594765485e-01 2.592228135103529230e-01 5.755406886871423922e+01 0.000000000000000000e+00 
-4.872077332497902091e+00 3.221330174403207458e-01 2.633494738050082828e-01 5.568208221627117638e+01 0.000000000000000000e+00 
-4.744497488883995473e+00 3.487594500268649256e-01 2.656477836748690202e-01 5.023577220143531008e+01 0.000000000000000000e+00 
-4.811589365322408440e+00 3.940547158667075944e-01 2.578274004281582155e-01 5.224370777345507122e+01 0.000000000000000000e+00 
-4.685858623943881085e+00 3.815704859977293584e-01 2.706420052882641536e-01 4.601754886183356774e+01 0.000000000000000000e+00 
-4.726446233647277673e+00 4.454119793666309612e-01 2.642478988585340027e-01 4.871534172435486454e+01 0.000000000000000000e+00 
-4.898498167764438804e+00 4.620004033722099335e-01 2.686654637187503858e-01 4.750425307315550327e+01 0.000000000000000000e+00 
-4.850019248513005365e+00 4.520056759486930642e-01 2.645074215815743091e-01 4.619360689692639710e+01 0.000000000000000000e+00 
-4.863514513704543241e+00 4.390601763273095925e-01 2.733417063905775879e-01 4.833925527304527492e+01 0.000000000000000000e+00 
-5.075966411455461902e+00 4.325433519134834759e-01 2.663777789509317317e-01 5.446826069276393412e+01 0.000000000000000000e+00 
-5.138488031600603634e+00 4.268519360556675690e-01 2.698872164088447767e-01 5.267870799681652016e+01 0.000000000000000000e+00 
-4.949699092339984396e+00 4.514651034642239158e-01 2.632744391010277130e-01 4.705420867330374790e+01 0.000000000000000000e+00 
-4.794908586829225605e+00 5.036761329113603747e-01 2.577983221881940401e-01 5.052922100664821414e+01 0.000000000000000000e+00 
-4.723282323901413449e+00 5.336134019028770936e-01 2.591523893395006328e-01 5.011598647106610116e+01 0.000000000000000000e+00 
-4.915850045055380590e+00 5.819777868781442765e-01 2.564784224715750960e-01 4.722865119317882687e+01 0.000000000000000000e+00 
-4.722442509537532196e+00 6.101466623039332182e-01 2.567168327447684750e-01 5.169183209686167402e+01 0.000000000000000000e+00 
-4.424330480827608270e+00 6.475826282880687845e-01 2.613507013578297289e-01 5.650113193003915057e+01 0.000000000000000000e+00 
-4.596632941480295109e+00 6.050553968479510658e-01 2.562080625748567875e-01 6.585279531382012408e+01 0.000000000000000000e+00 
-4.676607383139348428e+00 5.755450588217303487e-01 2.628271431453318985e-01 6.430312520542989319e+01 0.000000000000000000e+00 
-4.555543386285727969e+00 5.552853886240134429e-01 2.663863628289105945e-01 6.588526037576558281e+01 0.000000000000000000e+00 
-4.238091226244372400e+00 5.519061573234816942e-01 2.700138461901436249e-01 6.913841430893266704e+01 0.000000000000000000e+00 
-4.223632141584197086e+00 5.022998643353409065e-01 2.701464721866901897e-01 6.835267396953278762e+01 0.000000000000000000e+00 
-4.040623487590947249e+00 5.245523294701897044e-01 2.727812558013293920e-01 6.873199715480332372e+01 0.000000000000000000e+00 
-3.777908318214036054e+00 5.010728195518268091e-01 2.723528530119015412e-01 6.950975554951719459e+01 0.000000000000000000e+00 
-4.123145365386719163e+00 5.490541555125709738e-01 2.629816712926525413e-01 7.052806182429020510e+01 0.000000000000000000e+00 
-4.303442709307788050e+00 5.706433697417579998e-01 2.560071002472283364e-01 6.431527262004807710e+01 0.000000000000000000e+00 
-4.277218104737453785e+00 5.110772478666674168e-01 2.524592890482417751e-01 6.468683140428763068e+01 0.000000000000000000e+00 
-4.470012812024155124e+00 5.331234306673746648e-01 2.447267813855216467e-01 6.478839070173322057e+01 0.000000000000000000e+00 
-4.538809763164620925e+00 5.049598712979302961e-01 2.590272754340099959e-01 6.854843713119269921e+01 0.000000000000000000e+00 
-4.560819261943624525e+00 5.401164679352135067e-01 2.436788752640788591e-01 6.339213514986856524e+01 0.000000000000000000e+00 
-4.324840705440273325e+00 5.139870713045312511e-01 2.439974971606006515e-01 7.261060348916259954e+01 0.000000000000000000e+00 
-4.208075293070068668e+00 4.395086700702411364e-01 2.533620765306471845e-01 7.219723150219915908e+01 0.000000000000000000e+00 
-4.151744902515767777e+00 4.421327441540651715e-01 2.618017135494093428e-01 7.145041993655379997e+01 0.000000000000000000e+00 
-4.231311743478903153e+00 4.437560474686982337e-01 2.715177982744089169e-01 6.812596430700857297e+01 0.000000000000000000e+00 
-4.384984299301824429e+00 4.127395227887563633e-01 2.753347268562580386e-01 7.188963213337267177e+01 0.000000000000000000e+00 
-4.522184627436609539e+00 4.114301040946827803e-01 2.833146919375309492e-01 7.946882625166682601e+01 0.000000000000000000e+00 
-4.604367984151133797e+00 4.000552465265974078e-01 2.839225662816053375e-01 7.337490771205570184e+01 0.000000000000000000e+00 
-4.467874520133807259e+00 3.920016660628898308e-01 2.797213256705577966e-01 7.621073000919128049e+01 0.000000000000000000e+00 
-4.543255892743071733e+00 3.523634937957191848e-01 2.774240035113036962e-01 7.960785446995247128e+01 0.000000000000000000e+00 
-4.691080854021548063e+00 3.390909841176991124e-01 2.635230585241125634e-01 7.828104418085118255e+01 0.000000000000000000e+00 
-4.648228851908116077e+00 3.699737330147302994e-01 2.613160121069837416e-01 8.693940804530723199e+01 0.000000000000000000e+00 
-4.420771922724123115e+00 3.024482238030168357e-01 2.592976647462407191e-01 8.582425648261175866e+01 0.000000000000000000e+00 
-4.453011935599814564e+00 2.990766177560824080e-01 2.707799741709264740e-01 8.252896964154989234e+01 0.000000000000000000e+00 
-4.698410583286814379e+00 3.015302165792204114e-01 2.759554265687315100e-01 7.447275543177883605e+01 0.000000000000000000e+00 
-4.679402935451641987e+00 2.809422931406639345e-01 2.824038385455122091e-01 7.348696572088552159e+01 0.000000000000000000e+00 
-4.384701215876579461e+00 2.639126897460241650e-01 2.747298073432443144e-01 6.879587542097729624e+01 0.000000000000000000e+00 
-4.209215734229193373e+00 3.321124648529449330e-01 2.800953712764510661e-01 7.628025378197311568e+01 0.000000000000000000e+00 
-3.980159208892765310e+00 3.632472886723009387e-01 2.838554838138635517e-01 7.261561004737154690e+01 0.000000000000000000e+00 
-3.578038301155857415e+00 3.723416810882215211e-01 2.956492161635150828e-01 7.726504576311197070e+01 0.000000000000000000e+00 
-3.300967499766775504e+00 3.719803329765409838e-01 2.986580468357118989e-01 7.266180758285872798e+01 0.000000000000000000e+00 
-3.422342001302560721e+00 3.804080755116413526e-01 3.107048672111527576e-01 7.285043422409799518e+01 0.000000000000000000e+00 
-3.431137416772716886e+00 3.749141460942305715e-01 3.164260706418485780e-01 7.081367674834594084e+01 0.000000000000000000e+00 
-3.568642866167820227e+00 3.839985161332816199e-01 3.176562220590237740e-01 6.661805886502955332e+01 0.000000000000000000e+00 
-3.811768072474228664e+00 4.199729104941387625e-01 3.186472250795098771e-01 6.615728824835191801e+01 0.000000000000000000e+00 
-3.972713843746930262e+00 3.828748725314309875e-01 3.218136245205903134e-01 7.207561471838735656e+01 0.000000000000000000e+00 
-3.977825208789363742e+00 3.466333637191796879e-01 3.203622990281878580e-01 6.896825975727395530e+01 0.000000000000000000e+00 
-4.385479953894889427e+00 3.600277607639693622e-01 3.272232152153216056e-01 7.120639546900937944e+01 0.000000000000000000e+00 
-4.327743164900913264e+00 3.667363276649413528e-01 3.333185814386281365e-01 6.525354313354590374e+01 0.000000000000000000e+00 
-4.227041078197007806e+00 3.873657924951795506e-01 3.404589953374076439e-01 6.893220199453524799e+01 0.000000000000000000e+00 
-4.215883677865107870e+00 3.814615920956356820e-01 3.283142886978016595e-01 6.217516358901211504e+01 0.000000000000000000e+00 
-3.913586486860374691e+00 3.381176619015602292e-01 3.249833615764783357e-01 6.357903864987223841e+01 0.000000000000000000e+00 
-3.562863146177460916e+00 3.386375056806472661e-01 3.159064395945636039e-01 6.179671633382790930e+01 0.000000000000000000e+00 
-3.502219620309614534e+00 3.603397342311304152e-01 3.187053252648724966e-01 5.530944369313783682e+01 0.000000000000000000e+00 
-3.290118415151584763e+00 3.300893204017679716e-01 3.239038608144189646e-01 6.464710914388517438e+01 0.000000000000000000e+00 
-3.526476331448674006e+00 2.612085366824096200e-01 3.146865992597287498e-01 7.104033176803942240e+01 0.000000000000000000e+00 
-3.519054526174546282e+00 2.225539041692347064e-01 3.213878871618082167e-01 7.306502781202151198e+01 0.000000000000000000e+00 
-3.368637534119278243e+00 2.132300772476229955e-01 3.190299548449888611e-01 7.545712636791782302e+01 0.000000000000000000e+00 
-3.593910484451483534e+00 1.881009565744197753e-01 3.237496521676670458e-01 7.744770267212017245e+01 0.000000000000000000e+00 
-3.628346271649503851e+00 1.834506458716599342e-01 3.293850110035217993e-01 7.656156231669453405e+01 0.000000000000000000e+00 
-3.503572725317018577e+00 1.628612926354306989e-01 3.404978309784279511e-01 6.773145544736308921e+01 0.000000000000000000e+00 
-3.414277854636775356e+00 1.963732145364973647e-01 3.498224911898649703e-01 6.490278637497056025e+01 0.000000000000000000e+00 
-3.188592435982093409e+00 2.326931013599668474e-01 3.648046658572480228e-01 6.484424343125878920e+01 0.000000000000000000e+00 
-3.265168603077540865e+00 2.820567197215934074e-01 3.577265127530747657e-01 5.999923966812661291e+01 0.000000000000000000e+00 
-3.334226897155143643e+00 2.382761959418505382e-01 3.590474796976160787e-01 6.530927606600342017e+01 0.000000000000000000e+00 
-3.523176562290180058e+00 2.197350083777380170e-01 3.508222847467878380e-01 6.578651411858636777e+01 0.000000000000000000e+00 
-3.679043601650768380e+00 2.695675598321694566e-01 3.420261582833471481e-01 6.730487557011700517e+01 0.000000000000000000e+00 
-3.835058851135660252e+00 3.101675494419449675e-01 3.406717763796575649e-01 7.506428734393513480e+01 0.000000000000000000e+00 
-3.808902654512560382e+00 2.894811442778639776e-01 3.460020110041704955e-01 8.181551896384496558e+01 0.000000000000000000e+00 
-3.658773375136638695e+00 2.798948099859422944e-01 3.557703624642453710e-01 8.220433949327228618e+01 0.000000000000000000e+00 
-3.517040972653834530e+00 2.994611228590113305e-01 3.514513673649812264e-01 7.808266008227465704e+01 0.000000000000000000e+00 
-3.604604178836122497e+00 2.541740132038582400e-01 3.456682945254413997e-01 8.164954077098610696e+01 0.000000000000000000e+00 
-3.413548662453732785e+00 2.396164509828214162e-01 3.504895511726247581e-01 7.935185905192363975e+01 0.000000000000000000e+00 
-3.402549592106769882e+00 2.646915755224289457e-01 3.514110654605747674e-01 8.460865571609254232e+01 0.000000000000000000e+00 
-3.649724411489237763e+00 1.916938859916784699e-01 3.593732954307592986e-01 8.223789448239044475e+01 0.000000000000000000e+00 
-3.683948534976570599e+00 1.422191583091479694e-01 3.652611285933415330e-01 7.666034235535175867e+01 0.000000000000000000e+00 
-3.691087649242278168e+00 1.008709910123104514e-01 3.667615612808060033e-01 7.655080722679824135e+01 0.000000000000000000e+00 
-3.690532595256584170e+00 1.026203727210718702e-01 3.570815493308172606e-01 8.067202804459310528e+01 0.000000000000000000e+00 
-3.782456878316256432e+00 4.321257228191151267e-02 3.509594873672457482e-01 8.278662886266042165e+01 0.000000000000000000e+00 
-3.816815108775114762e+00 1.301882557048833836e-02 3.477197759139631916e-01 7.913224198952450195e+01 0.000000000000000000e+00 
-3.816815108775114762e+00 1.301882557048833836e-02 3.477197759139631916e-01 7.913224198952450195e+01 0.000000000000000000e+00 
-3.816815108775114762e+00 1.301882557048833836e-02 3.477197759139631916e-01 7.913224198952450195e+01 0.000000000000000000e+00 
-3.729026671140998950e+00 1.153231198950371503e-02 3.502692843843567272e-01 7.837631225996159401e+01 0.000000000000000000e+00 
-3.729026671140998950e+00 1.153231198950371503e-02 3.502692843843567272e-01 7.837631225996159401e+01 0.000000000000000000e+00 
-3.729026671140998950e+00 1.153231198950371503e-02 3.502692843843567272e-01 7.837631225996159401e+01 0.000000000000000000e+00 
-3.687353702548541445e+00 3.376478661297215023e-02 3.471470319167331842e-01 8.379224197786911077e+01 0.000000000000000000e+00 
-3.606412041720867379e+00 4.928092462060816581e-02 3.565376483889484693e-01 8.244860184975429718e+01 0.000000000000000000e+00 
-3.213017320627923556e+00 5.799430983657237471e-02 3.684322910671748441e-01 8.083179433154855076e+01 0.000000000000000000e+00 
-3.094427350931322707e+00 5.920836547960888624e-02 3.586914018858287090e-01 8.284132296371072357e+01 0.000000000000000000e+00 
-3.094427350931322707e+00 5.920836547960888624e-02 3.586914018858287090e-01 8.284132296371072357e+01 0.000000000000000000e+00 
-2.774657838246157304e+00 4.332362961825032832e-02 3.542784398687221503e-01 8.571805996280853890e+01 0.000000000000000000e+00 
-2.688015137584699676e+00 4.575349532848042161e-02 3.421801833695640727e-01 9.247740172471456788e+01 0.000000000000000000e+00 
-2.441516156132905735e+00 9.280350184409694170e-02 3.375446804099734854e-01 9.040503165999079727e+01 0.000000000000000000e+00 
-2.643188451640514636e+00 8.612389016723796809e-02 3.429868029902040094e-01 9.258512272006178989e+01 0.000000000000000000e+00 
-2.613147952984216538e+00 1.021657239151043950e-01 3.413207507752246683e-01 9.246969548239476921e+01 0.000000000000000000e+00 
-2.778916175292664548e+00 1.090681225203354032e-01 3.433312205332928468e-01 8.502140789809989485e+01 0.000000000000000000e+00 
-2.896476421577550919e+00 1.180751058475812132e-01 3.490059319873720645e-01 8.475672266560943058e+01 0.000000000000000000e+00 
-2.967800849075338476e+00 1.068428214487378569e-01 3.398086983399593031e-01 8.499074000883362601e+01 0.000000000000000000e+00 
-3.022829761414836280e+00 1.558509636228114781e-01 3.296471824767474579e-01 8.447621019864452308e+01 0.000000000000000000e+00 
-3.224849768342613388e+00 1.272323447289684384e-01 3.291106668214053288e-01 8.330091440228021327e+01 0.000000000000000000e+00 
-3.025452408733618537e+00 1.691906105740322019e-01 3.305908797626402884e-01 8.747478483696374951e+01 0.000000000000000000e+00 
-3.004359618158102041e+00 1.764777345308629619e-01 3.318572585453668511e-01 9.111410488208173319e+01 0.000000000000000000e+00 
-2.873640611393870170e+00 2.083942270267737373e-01 3.244490111434276125e-01 9.431862741595111288e+01 0.000000000000000000e+00 
-2.851980784776731781e+00 2.043587517872130777e-01 3.260702872869301050e-01 8.815026878433444324e+01 0.000000000000000000e+00 
-2.782489313438977430e+00 1.534066366483458621e-01 3.249225038050684855e-01 8.422795101705905552e+01 0.000000000000000000e+00 
-2.996493391176449972e+00 9.502273994484938813e-02 3.182020556371777387e-01 8.558758343080593534e+01 0.000000000000000000e+00 
-2.773477591638096484e+00 7.623804442622476862e-02 3.142833347185481352e-01 8.844097865904747380e+01 0.000000000000000000e+00 
-2.773477591638096484e+00 7.623804442622476862e-02 3.142833347185481352e-01 8.844097865904747380e+01 0.000000000000000000e+00 
-2.806206973093726020e+00 9.720955151813120976e-02 3.197886561623213830e-01 9.508158032709486918e+01 0.000000000000000000e+00 
-2.700944356726588058e+00 1.099024582428945462e-01 3.113085024972647719e-01 9.462927720193209780e+01 0.000000000000000000e+00 
-2.924843115097777613e+00 1.067519889940979350e-01 3.125189842055180467e-01 9.247885677141198357e+01 0.000000000000000000e+00 
-2.890398459980148438e+00 1.364856323372108104e-01 3.160561688861079910e-01 9.369426676365524997e+01 0.000000000000000000e+00 
-2.959823920114862172e+00 1.570107049964399870e-01 3.137696333829484985e-01 9.247546973089853850e+01 0.000000000000000000e+00 
-3.147031751526005117e+00 2.008496833094035039e-01 3.109270471532861180e-01 9.813226039910507836e+01 0.000000000000000000e+00 
-2.919016536758815672e+00 1.833146018952327150e-01 3.082577287178185355e-01 1.027393994736856371e+02 0.000000000000000000e+00 
-3.090196876087956568e+00 1.678812091897849690e-01 3.085438258342142470e-01 9.897914135983941719e+01 0.000000000000000000e+00 
-2.790524119169920159e+00 1.975736711560361070e-01 3.103765185631858770e-01 1.015133259811503592e+02 0.000000000000000000e+00 
-2.783519380597336390e+00 1.926696784774493687e-01 3.171034936838078022e-01 1.075750875746836925e+02 0.000000000000000000e+00 
-2.451530895462255444e+00 2.318894126961027480e-01 3.232741532627501635e-01 1.087144105710551543e+02 0.000000000000000000e+00 
-2.771485226910993749e+00 2.833744692210949934e-01 3.149506297337898997e-01 1.078555131595403509e+02 0.000000000000000000e+00 
-2.637083853564028857e+00 2.392875743045000947e-01 3.151384365838574841e-01 1.136324354146156139e+02 0.000000000000000000e+00 
-2.813581093592796734e+00 1.850678932817689248e-01 3.167686574348801409e-01 1.120608726519144511e+02 0.000000000000000000e+00 
-2.704725322981700764e+00 2.143397882559869849e-01 3.237352590149517595e-01 1.131569912771457211e+02 0.000000000000000000e+00 
-2.587724374903308089e+00 1.915012708040061962e-01 3.207409329562316280e-01 1.055108075725175070e+02 0.000000000000000000e+00 
-2.894690407105874552e+00 1.445444126320181710e-01 3.131897661718374692e-01 1.106633835145997864e+02 0.000000000000000000e+00 
-3.054050999342087014e+00 1.199918859628693324e-01 3.196239584286743596e-01 1.076373995187582011e+02 0.000000000000000000e+00 
-2.898674882600776659e+00 1.474860055515057611e-01 3.246113597058045697e-01 1.066086029070689136e+02 0.000000000000000000e+00 
-2.840403271067160063e+00 1.504260713674970829e-01 3.144688222220433649e-01 1.068900715185997967e+02 0.000000000000000000e+00 
-2.682309833336077531e+00 1.263794721429634671e-01 3.145516753295407031e-01 1.120770681207887662e+02 0.000000000000000000e+00 
-3.069742910672458525e+00 1.633494750293311149e-01 3.136158580975196841e-01 1.132129488170870957e+02 0.000000000000000000e+00 
-3.040334986028624620e+00 2.147496309927514058e-01 3.142896514816204689e-01 1.093527426683300803e+02 0.000000000000000000e+00 
-3.014189485917424971e+00 1.753854979470151343e-01 3.126089172916630687e-01 1.110394143888464953e+02 0.000000000000000000e+00 
-2.826901162855779859e+00 2.158190408520737902e-01 3.101078423824845109e-01 1.109924293289208777e+02 0.000000000000000000e+00 
-2.469755461096140969e+00 2.080292005335919459e-01 3.092427145285269741e-01 1.139451662572351722e+02 0.000000000000000000e+00 
-2.636769857096813219e+00 2.012404708279101062e-01 3.015105214266791123e-01 1.147957945026632842e+02 0.000000000000000000e+00 
-2.624712258182615443e+00 1.827070008394200140e-01 2.962927101315346867e-01 1.134858700512749294e+02 0.000000000000000000e+00 
-2.292144584370818361e+00 2.035160238082955320e-01 2.960770526186596308e-01 1.108977055057428345e+02 0.000000000000000000e+00 
-2.197585469249525136e+00 2.123716921675768143e-01 3.040679034900974909e-01 1.136852866495519834e+02 0.000000000000000000e+00 
-2.419530195588141641e+00 2.191244359184743307e-01 2.982102099512560223e-01 1.242564253894660879e+02 0.000000000000000000e+00 
-2.658510088998820464e+00 1.826666511326092979e-01 2.958378114373614864e-01 1.173601727549128810e+02 0.000000000000000000e+00 
-2.607373462283166354e+00 1.008527221948306990e-01 3.039159391257958975e-01 1.163700704549543872e+02 0.000000000000000000e+00 
-2.683062641005044657e+00 4.826749702924511276e-02 3.078708380539059153e-01 1.224645738505962669e+02 0.000000000000000000e+00 
-2.818907869320540271e+00 1.363644581639569808e-01 3.092875570249413175e-01 1.232742372624868921e+02 0.000000000000000000e+00 
-2.623274623479637579e+00 8.145110110170006301e-02 3.040087610215966851e-01 1.203180717198771106e+02 0.000000000000000000e+00 
-2.685375337037863019e+00 8.235622703133069211e-02 3.037551953949159111e-01 1.182749984278730722e+02 0.000000000000000000e+00 
-2.684081919875654698e+00 5.573691462329709995e-02 3.115821800935044683e-01 1.179418393781334373e+02 0.000000000000000000e+00 
-2.429661052771705965e+00 1.656002564122646681e-02 3.125027600523712090e-01 1.224283572478655060e+02 0.000000000000000000e+00 
-2.874942906331871662e+00 4.066070895921480161e-02 3.123660223545567383e-01 1.252555290798117511e+02 0.000000000000000000e+00 
-2.874942906331871662e+00 4.066070895921480161e-02 3.123660223545567383e-01 1.252555290798117511e+02 0.000000000000000000e+00 
-2.875261136047217114e+00 6.995153325390450483e-02 3.144819104075803340e-01 1.235994666089192293e+02 0.000000000000000000e+00 
-2.825058302176026270e+00 1.214439938752489151e-01 3.205959972390259871e-01 1.262240450252517832e+02 0.000000000000000000e+00 
-2.737335814354551200e+00 7.287978385967758266e-03 3.127283259419368910e-01 1.230745428414337397e+02 0.000000000000000000e+00 
-2.837786379639288814e+00 7.877893703423143046e-03 3.132739754634694673e-01 1.244482297952561254e+02 0.000000000000000000e+00 
-3.207305708958579693e+00 1.914197519049917057e-02 3.098126313544678490e-01 1.177219552682921346e+02 0.000000000000000000e+00 
-2.883685191390048530e+00 6.384691679479564952e-02 3.048251332461474616e-01 1.229784242753752608e+02 0.000000000000000000e+00 
-2.993312253361538389e+00 8.964378526141815462e-02 3.038631630128554306e-01 1.258984203605006371e+02 0.000000000000000000e+00 
-3.095417325143035470e+00 1.015591016071845931e-01 3.144829673182397145e-01 1.294152941763522335e+02 0.000000000000000000e+00 
-3.061813438406137511e+00 4.234644176102485974e-02 3.156129636897273549e-01 1.341276801484306986e+02 0.000000000000000000e+00 
-3.083913854246392638e+00 2.335187921793751772e-02 3.116978339658226793e-01 1.319322772166174218e+02 0.000000000000000000e+00 
-2.862705560606563004e+00 3.381106567063292545e-02 3.095227867377141062e-01 1.295502503760520483e+02 0.000000000000000000e+00 
-2.886798828005761930e+00 8.906839536275412694e-04 3.080530525554476817e-01 1.276773634366380037e+02 0.000000000000000000e+00 
-2.759448695355465553e+00 4.298880703018397725e-02 3.085639646054304519e-01 1.333913840399572734e+02 0.000000000000000000e+00 
-2.970582424720199732e+00 -1.767375902731599391e-02 3.018449755711434257e-01 1.288983739766564725e+02 -1.243741135837220652e-01 
-3.048918529612621775e+00 -3.621225115806490924e-02 3.107449433925023596e-01 1.271108341858720081e+02 4.096507363843552296e-01 
-2.805476874196181747e+00 -6.631285968496360150e-02 3.088262113771713113e-01 1.291037424250233414e+02 1.190575732208955587e-02 
-2.805476874196181747e+00 -6.631285968496360150e-02 3.088262113771713113e-01 1.291037424250233414e+02 1.190575732208955587e-02 
-2.981057628755409361e+00 -7.514065842441373932e-02 3.146990021548490835e-01 1.218933876634384745e+02 7.230696941264059749e-03 
-3.196667490891845986e+00 -3.128091841363866976e-02 3.134403592178222064e-01 1.234547650488853492e+02 0.000000000000000000e+00 
-3.196667490891845986e+00 -3.128091841363866976e-02 3.134403592178222064e-01 1.234547650488853492e+02 0.000000000000000000e+00 
-3.196667490891845986e+00 -3.128091841363866976e-02 3.134403592178222064e-01 1.234547650488853492e+02 0.000000000000000000e+00 
-3.196667490891845986e+00 -3.128091841363866976e-02 3.134403592178222064e-01 1.234547650488853492e+02 0.000000000000000000e+00 
-3.196667490891845986e+00 -3.128091841363866976e-02 3.134403592178222064e-01 1.234547650488853492e+02 0.000000000000000000e+00 
-3.196667490891845986e+00 -3.128091841363866976e-02 3.134403592178222064e-01 1.234547650488853492e+02 0.000000000000000000e+00 
-3.196667490891845986e+00 -3.128091841363866976e-02 3.134403592178222064e-01 1.234547650488853492e+02 0.000000000000000000e+00 
-3.196667490891845986e+00 -3.128091841363866976e-02 3.134403592178222064e-01 1.234547650488853492e+02 0.000000000000000000e+00 
-3.196667490891845986e+00 -3.128091841363866976e-02 3.134403592178222064e-01 1.234547650488853492e+02 0.000000000000000000e+00 
-3.196667490891845986e+00 -3.128091841363866976e-02 3.134403592178222064e-01 1.234547650488853492e+02 0.000000000000000000e+00 
-3.489214613359801653e+00 1.380151457981262236e-02 3.115662706620344613e-01 1.275211555965285868e+02 0.000000000000000000e+00 
-3.326779903602300248e+00 3.121829036156718515e-02 3.006644419882541497e-01 1.351114170746366483e+02 0.000000000000000000e+00 
-3.326779903602300248e+00 3.121829036156718515e-02 3.006644419882541497e-01 1.351114170746366483e+02 0.000000000000000000e+00 
-3.633867415416369262e+00 3.404420521915008102e-02 3.016259298924236498e-01 1.391708175911462604e+02 0.000000000000000000e+00 
-3.569349814928688414e+00 1.200496433114254385e-02 2.903371319354786095e-01 1.514005291240756890e+02 0.000000000000000000e+00 
-3.569349814928688414e+00 1.200496433114254385e-02 2.903371319354786095e-01 1.514005291240756890e+02 0.000000000000000000e+00 
-3.804855668288140702e+00 -1.319859934364219292e-03 2.955043617175467929e-01 1.510215123585163894e+02 0.000000000000000000e+00 
-4.042754163580465132e+00 -3.250249164733291785e-02 2.894170906040877123e-01 1.471904842047778743e+02 0.000000000000000000e+00 
-4.031349716555747698e+00 -1.129198393640853948e-03 2.847471168790613461e-01 1.483592337337337312e+02 0.000000000000000000e+00 
-4.031349716555747698e+00 -1.129198393640853948e-03 2.847471168790613461e-01 1.483592337337337312e+02 0.000000000000000000e+00 
-4.105425836315212074e+00 2.209630360486609588e-02 2.897534458567045945e-01 1.482779184660401484e+02 0.000000000000000000e+00 
-4.094377590836104197e+00 9.035367583566511485e-02 2.935539170028858558e-01 1.498453946987474410e+02 0.000000000000000000e+00 
-3.828000978968141954e+00 1.657807129361903165e-02 2.847940332944365327e-01 1.499182676796330895e+02 0.000000000000000000e+00 
-3.960807871768622590e+00 3.893276771087729460e-03 2.795825499896373301e-01 1.507440254948625125e+02 0.000000000000000000e+00 
-4.348825331206196410e+00 1.894373478202521222e-02 2.760345302107292675e-01 1.456031691296870747e+02 0.000000000000000000e+00 
-4.466324280112262457e+00 1.134647562519859945e-02 2.886165200953936805e-01 1.441370890744902056e+02 0.000000000000000000e+00 
-4.466324280112262457e+00 1.134647562519859945e-02 2.886165200953936805e-01 1.441370890744902056e+02 0.000000000000000000e+00 
-4.413653301746905733e+00 4.645533070400748032e-02 2.825576557099974129e-01 1.407078940470873931e+02 0.000000000000000000e+00 
-4.556365711917658601e+00 7.222209252036496108e-02 2.824226968429280893e-01 1.474325086039816313e+02 0.000000000000000000e+00 
-4.783171072517048650e+00 1.029794492753959984e-01 2.810510390096932487e-01 1.414205449547084470e+02 0.000000000000000000e+00 
-4.653900055473770614e+00 6.736766478322045448e-02 2.818317024389385694e-01 1.410426309035647421e+02 0.000000000000000000e+00 
-4.564329184572071263e+00 2.524206390093737540e-02 2.793938078208810794e-01 1.486151366820974999e+02 0.000000000000000000e+00 
-4.564329184572071263e+00 2.524206390093737540e-02 2.793938078208810794e-01 1.486151366820974999e+02 0.000000000000000000e+00 
-4.623215751447204092e+00 7.238391528780524498e-02 2.792064906328304286e-01 1.540996610655137715e+02 2.470937998761253696e-02 
-4.644407784253841598e+00 9.238715692856333539e-02 2.698070041651786100e-01 1.551412866036491494e+02 2.470937998761253696e-02 
-4.554404149398827428e+00 1.316144613344789049e-01 2.722023176221167184e-01 1.526756848676199922e+02 2.470937998761253696e-02 
-4.048594734965158537e+00 1.385801694291206587e-01 2.794452968620239619e-01 1.447990881039326609e+02 2.470937998761253696e-02 
-4.132552892175872294e+00 1.300085823220488990e-01 2.765236870753659537e-01 1.432441514188469114e+02 2.470937998761253696e-02 
-3.699708915677686782e+00 1.507834997672880539e-01 2.752044694622127752e-01 1.386392382229854832e+02 2.470937998761253696e-02 
-3.779121154783965597e+00 1.177301720917095645e-01 2.851295535578410312e-01 1.424243111113354701e+02 2.470937998761253696e-02 
-3.803193561001954048e+00 1.032211292560194227e-01 2.831779724932085296e-01 1.415083617362908797e+02 2.470937998761253696e-02 
-3.778345045529765578e+00 9.146285626001833535e-02 2.749227659435981019e-01 1.470901860534459615e+02 2.470937998761253696e-02 
-4.013184792173499105e+00 8.749358865669816521e-02 2.697319971780219872e-01 1.425219798089289895e+02 2.470937998761253696e-02 
-4.102193553432304185e+00 4.241679782008254268e-02 2.683183609070514675e-01 1.376438681163950832e+02 2.470937998761253696e-02 
-4.123608069264484755e+00 8.063663738185788965e-02 2.698190664158898744e-01 1.386702056231088420e+02 2.470937998761253696e-02 
-4.188474672458711190e+00 7.058746885272230986e-02 2.673459602351244135e-01 1.478214945541006102e+02 2.470937998761253696e-02 
-4.118043751527661556e+00 9.263337959419602752e-03 2.617770247373145120e-01 1.441056170837001105e+02 2.470937998761253696e-02 
-4.074394606417877540e+00 4.908921301833286954e-02 2.593775417847464237e-01 1.457403248666308002e+02 2.470937998761253696e-02 
-4.061238876174086521e+00 1.006524066362296799e-01 2.685914160692680630e-01 1.436357341776096064e+02 2.470937998761253696e-02 
-4.076009068173215510e+00 1.056424019845322165e-01 2.619340365895344580e-01 1.426415084587217734e+02 2.470937998761253696e-02 
-4.057656299651092091e+00 1.911010191248029011e-02 2.585995267941940678e-01 1.458335128319410501e+02 2.470937998761253696e-02 
-3.820580826103169070e+00 2.398918043370947342e-02 2.608030673216554796e-01 1.423265067319310049e+02 2.470937998761253696e-02 
-4.043285739456614181e+00 5.317491591134416995e-02 2.541172786783134074e-01 1.414306201975533952e+02 2.470937998761253696e-02 
-4.131460682697735365e+00 7.300310609461788114e-02 2.581055273172003228e-01 1.363820035384667335e+02 2.470937998761253696e-02 
-4.040159382160220858e+00 9.044776498629533701e-02 2.535786751187098509e-01 1.371909228110637855e+02 2.470937998761253696e-02 
-4.283497275690449690e+00 1.198568945027339433e-01 2.533884641305707563e-01 1.399696965148956735e+02 2.470937998761253696e-02 
-4.375921487694403922e+00 8.188037894160067609e-02 2.483222602868480344e-01 1.440958407709626385e+02 2.470937998761253696e-02 
-4.316650868093493187e+00 3.399609519654770567e-02 2.405984805063363374e-01 1.447350868359798426e+02 2.470937998761253696e-02 
-4.117847930191534722e+00 2.721826759436979382e-02 2.310075482256954971e-01 1.484164063840319727e+02 2.470937998761253696e-02 
-3.885649864243712059e+00 -9.072350834892162208e-03 2.426590041327175429e-01 1.446222522750164785e+02 0.000000000000000000e+00 
-3.885649864243712059e+00 -9.072350834892162208e-03 2.426590041327175429e-01 1.446222522750164785e+02 0.000000000000000000e+00 
-3.659934412945513582e+00 4.731667314345137237e-02 2.375460018134870621e-01 1.469666362607759424e+02 0.000000000000000000e+00 
-3.710944772725900176e+00 3.773576941187060940e-02 2.450317859878943239e-01 1.498040990451927996e+02 0.000000000000000000e+00 
-3.965571723624445433e+00 1.745000912881587013e-02 2.511232864822631750e-01 1.431639578030957409e+02 0.000000000000000000e+00 
-3.963977161059804466e+00 7.285670167742996917e-02 2.459783584324791994e-01 1.375648992552519871e+02 0.000000000000000000e+00 
-3.924404264494533834e+00 4.636887533844586545e-02 2.386022366480394230e-01 1.374588193107009033e+02 0.000000000000000000e+00 
-4.236737158991647156e+00 5.617157460498357208e-02 2.477896462435774105e-01 1.323310344615454142e+02 0.000000000000000000e+00 
-4.099755391041715491e+00 7.998369256490461821e-02 2.368446381615304519e-01 1.301841237903513502e+02 0.000000000000000000e+00 
-4.034903294896129644e+00 8.882131263507722641e-02 2.323675847040083953e-01 1.300701094996155405e+02 0.000000000000000000e+00 
-4.273266988040937520e+00 5.900270184993614692e-02 2.387360172519850943e-01 1.333809303116462956e+02 0.000000000000000000e+00 
-3.979284416944361524e+00 1.499837986077559582e-02 2.331293853512471370e-01 1.296791296781291294e+02 0.000000000000000000e+00 
-4.039947286446611940e+00 4.376084093722589635e-02 2.293572924208884256e-01 1.312256057977164119e+02 0.000000000000000000e+00 
-4.044881220640139219e+00 2.208824690163435286e-02 2.394246669879759315e-01 1.275377390196695728e+02 0.000000000000000000e+00 
-4.156205482430149978e+00 4.182934572273318274e-02 2.450937472645306203e-01 1.294120130800107233e+02 0.000000000000000000e+00 
-3.743196704420768572e+00 5.854614866264375161e-02 2.476735191432588024e-01 1.317727681190223450e+02 0.000000000000000000e+00 
-3.884834536633480884e+00 4.319654334130990786e-02 2.519724279930132815e-01 1.381239610496681678e+02 0.000000000000000000e+00 
-4.175292582672183173e+00 6.817863091652713592e-03 2.507717338347359437e-01 1.393227914847122975e+02 0.000000000000000000e+00 
-4.037931095569009976e+00 6.396626087085277579e-02 2.521359275682427681e-01 1.416198534642303173e+02 0.000000000000000000e+00 
-4.037931095569009976e+00 6.396626087085277579e-02 2.521359275682427681e-01 1.416198534642303173e+02 0.000000000000000000e+00 
-4.037931095569009976e+00 6.396626087085277579e-02 2.521359275682427681e-01 1.416198534642303173e+02 0.000000000000000000e+00 
-4.139879448640525261e+00 3.845941736789518228e-02 2.477797311125373159e-01 1.450400206004503616e+02 0.000000000000000000e+00 
-3.975155793412361582e+00 6.390208790024086427e-02 2.472902418752048193e-01 1.490644906226585533e+02 0.000000000000000000e+00 
-3.955078670219902559e+00 7.336264215966777080e-02 2.445128917657360679e-01 1.427630374826401862e+02 0.000000000000000000e+00 
-3.898221234299204419e+00 8.176583870982993829e-02 2.411016338539477000e-01 1.433201178324449074e+02 0.000000000000000000e+00 
-3.923387811148744575e+00 1.433970120102362744e-01 2.430603343610462097e-01 1.378060375870548171e+02 0.000000000000000000e+00 
-4.061953397097103569e+00 1.339443174966189198e-01 2.361824534030830536e-01 1.393497225766606959e+02 0.000000000000000000e+00 
-4.356787447380084721e+00 1.838379565117303216e-01 2.354058420558981513e-01 1.366892440240798123e+02 0.000000000000000000e+00 
-4.209312021332023868e+00 1.884534125688454298e-01 2.254319433416008267e-01 1.303258201376738725e+02 0.000000000000000000e+00 
-4.424772718608910971e+00 2.842171167803330678e-01 2.268334668915368557e-01 1.287422126415671073e+02 0.000000000000000000e+00 
-4.552086955747716601e+00 2.879171884050245600e-01 2.341154239590151065e-01 1.277639675540055890e+02 0.000000000000000000e+00 
-4.698120584534934530e+00 3.279813258037905799e-01 2.312984673955306159e-01 1.339534707362251709e+02 0.000000000000000000e+00 
-4.673906937817924323e+00 3.768078844709649156e-01 2.240697528081317946e-01 1.391645814671434778e+02 0.000000000000000000e+00 
-4.592766151216232551e+00 3.291196799999450140e-01 2.291004946010725685e-01 1.359980043085492696e+02 0.000000000000000000e+00 
-4.707245113017577864e+00 2.817985508648856996e-01 2.253427532085520435e-01 1.375984373566585646e+02 0.000000000000000000e+00 
-4.710047666670865496e+00 2.687939134713043798e-01 2.313193568296787739e-01 1.315805059819565201e+02 0.000000000000000000e+00 
-4.718641741290264591e+00 2.539705272053612850e-01 2.289877304317202988e-01 1.282725735238640539e+02 0.000000000000000000e+00 
-4.757238970804841038e+00 2.766646348680040224e-01 2.202023800969349632e-01 1.239466297254877531e+02 0.000000000000000000e+00 
-4.704385569907888254e+00 2.990886583565859347e-01 2.068313110336939264e-01 1.197872219462184802e+02 0.000000000000000000e+00 
-4.640673086978472028e+00 2.639337214032044798e-01 2.013479720784809301e-01 1.231838206753129157e+02 0.000000000000000000e+00 
-4.647589436268994234e+00 2.743058256872860645e-01 2.071148011615771556e-01 1.200448483663209629e+02 0.000000000000000000e+00 
-4.583794393253676880e+00 2.846746839285839714e-01 2.111960521163844251e-01 1.208310197481310695e+02 0.000000000000000000e+00 
-4.694458177339343230e+00 2.761873288945140281e-01 2.124444748242820258e-01 1.225999210122186298e+02 0.000000000000000000e+00 
-4.484100032648648870e+00 2.889909262001952861e-01 2.096248582628672530e-01 1.271204117857840146e+02 0.000000000000000000e+00 
-4.950546408945479371e+00 2.715146731438668470e-01 2.058128515752971899e-01 1.239834697035351354e+02 0.000000000000000000e+00 
-4.961564835958061970e+00 2.742237243851279316e-01 2.097278812486959576e-01 1.226441171263618486e+02 0.000000000000000000e+00 
-5.225448226562666498e+00 2.887703145842861474e-01 2.091231945064185305e-01 1.123770058755456915e+02 0.000000000000000000e+00 
-5.373233748644157259e+00 2.672192238082481408e-01 2.218150929098234581e-01 1.171003707278187278e+02 0.000000000000000000e+00 
-5.522772933393150119e+00 2.690497549499854535e-01 2.228648711684516337e-01 1.145505637125226741e+02 0.000000000000000000e+00 
-5.687489101744162667e+00 3.017716581122028563e-01 2.219298245846211270e-01 1.192413170502924373e+02 0.000000000000000000e+00 
-5.765876567938748920e+00 3.169302146256914865e-01 2.276480322250097610e-01 1.262427465002414380e+02 0.000000000000000000e+00 
-5.680873334801338714e+00 2.604398733796365883e-01 2.258148235696729178e-01 1.223731102729601901e+02 0.000000000000000000e+00 
-5.884969401032212666e+00 2.229840446740461446e-01 2.278112145457749649e-01 1.261062328166286761e+02 0.000000000000000000e+00 
-5.949902769813871117e+00 2.519151295373851518e-01 2.240763221522229787e-01 1.204758987280294065e+02 0.000000000000000000e+00 
-5.851059812642914082e+00 2.607773424433699194e-01 2.374552412914848198e-01 1.155298475427441929e+02 0.000000000000000000e+00 
-6.034871602211604902e+00 2.246784642027854773e-01 2.422161473978212409e-01 1.102735226759603080e+02 0.000000000000000000e+00 
-5.645435546947839889e+00 1.487114470022514456e-01 2.542540256550874789e-01 1.085532745065314373e+02 0.000000000000000000e+00 
-5.558610951882221762e+00 1.685262304368868591e-01 2.549718763328873150e-01 1.123201138940167993e+02 0.000000000000000000e+00 
-5.363386181165835431e+00 1.384639409205623561e-01 2.526550746692688976e-01 1.057440220455382445e+02 0.000000000000000000e+00 
-5.389552000201163651e+00 1.158786395293841254e-01 2.567031950570755616e-01 1.131443491164010737e+02 0.000000000000000000e+00 
-5.171502507125515180e+00 1.440735185564858689e-01 2.507570911930780411e-01 1.172500636256079218e+02 0.000000000000000000e+00 
-5.372052019547401081e+00 1.588642240654783433e-01 2.617368538659267663e-01 1.238396764030946144e+02 0.000000000000000000e+00 
-5.467980091831758038e+00 2.122994704420993473e-01 2.670573336754392124e-01 1.277222865221727517e+02 0.000000000000000000e+00 
-5.624988958131384997e+00 2.506062852199102964e-01 2.658818204304750354e-01 1.284917647776521221e+02 0.000000000000000000e+00 
-5.679896399805943297e+00 2.273929489456046893e-01 2.631258625817681773e-01 1.289968208466665374e+02 0.000000000000000000e+00 
-5.415848431691796527e+00 2.611167964761919591e-01 2.596257268483059266e-01 1.268213251947753832e+02 0.000000000000000000e+00 
-5.572591773341285304e+00 3.295309375903014426e-01 2.628115166913522760e-01 1.269018106092431282e+02 0.000000000000000000e+00 
-5.627976288249187498e+00 3.722911140979568989e-01 2.710138126946242121e-01 1.303797228594284547e+02 0.000000000000000000e+00 
-5.686858753860488669e+00 4.048845416096268357e-01 2.753597351209617905e-01 1.273002307584517752e+02 0.000000000000000000e+00 
-5.552316300643386882e+00 4.534838207383439235e-01 2.657478652359775984e-01 1.205638397033816887e+02 0.000000000000000000e+00 
-5.588723507945700497e+00 4.504682100228348252e-01 2.674023164968041266e-01 1.163236084917449489e+02 0.000000000000000000e+00 
-5.373703398955195887e+00 5.296807274690087386e-01 2.721198107265762611e-01 1.129222700756992310e+02 0.000000000000000000e+00 
-5.373969790241029720e+00 5.292498984382416616e-01 2.810652463062308093e-01 1.162533965759911752e+02 0.000000000000000000e+00 
-5.175159484177943803e+00 5.157559659646135941e-01 2.892239684100633146e-01 1.178029783886322264e+02 0.000000000000000000e+00 
-5.300337214378149753e+00 5.377555120262742516e-01 2.906949506781908998e-01 1.120067457430163103e+02 0.000000000000000000e+00 
-5.126908541595783575e+00 5.276792999492418978e-01 2.809540379065435522e-01 1.123057339951083975e+02 0.000000000000000000e+00 
-5.059614303398405788e+00 5.836386032105882471e-01 2.741480601466098066e-01 1.127529580560583469e+02 0.000000000000000000e+00 
-5.050415425581793016e+00 5.673101185460535101e-01 2.810793028208624644e-01 1.123170027500968473e+02 0.000000000000000000e+00 
-5.115624095347098610e+00 5.882295648033103452e-01 2.842611477519106367e-01 1.079681920447242760e+02 0.000000000000000000e+00 
-4.860432790976485506e+00 5.474755990979585096e-01 2.927791118924980562e-01 1.170723915841374776e+02 0.000000000000000000e+00 
-4.593454074316617231e+00 6.217165371583688316e-01 2.951553278958988225e-01 1.215663642412378067e+02 0.000000000000000000e+00 
-4.711943988426302354e+00 6.879843597944391709e-01 3.019337512535897328e-01 1.198001223983775247e+02 0.000000000000000000e+00 
-4.958900501854504483e+00 7.180434461427258608e-01 2.968933957534168888e-01 1.255894485517732164e+02 0.000000000000000000e+00 
-5.202737205056675585e+00 6.471734956445963638e-01 2.936567453646595771e-01 1.244648141305869444e+02 0.000000000000000000e+00 
-5.351634563301820968e+00 7.384536094288962627e-01 2.918261938984986759e-01 1.165178541598129129e+02 0.000000000000000000e+00 
-5.056818323194055331e+00 7.576858063598924664e-01 2.810127137394064500e-01 1.181041983202364207e+02 0.000000000000000000e+00 
-5.099945087771899033e+00 7.146288696974338883e-01 2.881121116245741742e-01 1.158619098405820296e+02 0.000000000000000000e+00 
-5.432751069443511049e+00 6.896132030302589699e-01 2.960094938865387992e-01 1.150926530158723580e+02 0.000000000000000000e+00 
-5.264642883621189817e+00 7.469040697955025010e-01 2.952758724441346128e-01 1.089293988908010391e+02 0.000000000000000000e+00 
-5.593584299823442407e+00 7.416999818391444288e-01 2.947702135229217646e-01 1.136530581765737935e+02 0.000000000000000000e+00 
-5.465406997185978888e+00 6.899798202373069733e-01 2.974241982452619504e-01 1.103224881448217189e+02 0.000000000000000000e+00 
-5.551813511399457113e+00 6.688806272892253713e-01 2.954230602730952837e-01 1.190653666703731233e+02 0.000000000000000000e+00 
-5.537242830683235084e+00 6.592540230273870039e-01 3.001741458438397792e-01 1.231660114165175059e+02 0.000000000000000000e+00 
-5.270345382815190050e+00 6.493746017270793924e-01 2.943470490351292601e-01 1.308621429487238288e+02 0.000000000000000000e+00 
-5.285165163236822394e+00 6.606835231463962232e-01 2.942149040374622548e-01 1.285027441476279932e+02 0.000000000000000000e+00 
-5.265294402898057946e+00 6.253027763935591343e-01 2.884151573635643784e-01 1.238003212405099589e+02 0.000000000000000000e+00 
-5.370599345397797819e+00 6.511829638653047203e-01 2.872107000667956100e-01 1.221723254855044445e+02 0.000000000000000000e+00 
-5.519591029414789851e+00 7.098110104251827979e-01 2.923126577994040742e-01 1.189294650125344930e+02 0.000000000000000000e+00 
-5.429708049080604226e+00 7.101159106776689933e-01 2.834158405135280279e-01 1.130212803427022550e+02 0.000000000000000000e+00 
-5.423104747405058212e+00 6.628938542019424673e-01 2.859869293389259437e-01 1.133736721501175424e+02 0.000000000000000000e+00 
-5.421806594791645395e+00 6.456131419702539898e-01 2.878099329685516738e-01 1.109932491481894772e+02 0.000000000000000000e+00 
-5.500394855464421973e+00 6.733215351838983675e-01 2.896491316696817586e-01 1.088978960575440169e+02 0.000000000000000000e+00 
-5.455609820680288102e+00 6.400937665073571647e-01 2.934021828008854804e-01 1.054813778188471645e+02 0.000000000000000000e+00 
-5.418165541145168795e+00 6.592957645663020116e-01 2.887253803711503086e-01 1.077848131647862147e+02 0.000000000000000000e+00 
-5.372633000849800666e+00 6.473209868548478463e-01 2.919783286541674516e-01 1.109693836814353460e+02 0.000000000000000000e+00 
-5.271977423062788937e+00 6.080164106791635659e-01 2.917471240288257439e-01 1.136971080263559770e+02 0.000000000000000000e+00 
-5.361058911143367745e+00 5.863501320370071435e-01 2.977455406795221360e-01 1.127667048081769252e+02 0.000000000000000000e+00 
-5.105546793276454665e+00 5.968267647712348634e-01 2.950924388548009647e-01 1.100456994554077284e+02 0.000000000000000000e+00 
-4.935513257494338113e+00 5.687610266586549113e-01 2.943283447757788496e-01 1.051865647979386864e+02 0.000000000000000000e+00 
-4.744290679422322299e+00 5.944609241106318942e-01 2.936525933293057666e-01 1.105783945387592837e+02 0.000000000000000000e+00 
-4.889321866478632650e+00 5.961133321832770005e-01 2.978553463833954473e-01 1.153677768197261742e+02 0.000000000000000000e+00 
-4.660306298550984216e+00 6.492215211598988400e-01 3.074403737360881239e-01 1.183116123748328050e+02 0.000000000000000000e+00 
-4.840219109913651785e+00 6.608332069952682630e-01 3.040537950621284291e-01 1.217326117552399580e+02 0.000000000000000000e+00 
-4.746921432979989142e+00 6.287268965948700217e-01 3.029592654806163021e-01 1.214914673294303498e+02 0.000000000000000000e+00 
-4.753404716594307189e+00 6.251633780989718225e-01 2.963742205836880639e-01 1.198995932400557365e+02 0.000000000000000000e+00 
-4.779526105550132797e+00 6.628821904647010932e-01 2.956154345744660961e-01 1.175639477791159067e+02 0.000000000000000000e+00 
-4.753683565275709455e+00 6.985520644864804396e-01 2.949293654467541881e-01 1.163476242129369069e+02 0.000000000000000000e+00 
-4.883924423820517724e+00 7.460632317460648144e-01 3.007149674443509446e-01 1.159396008012116965e+02 0.000000000000000000e+00 
-4.713375623090151123e+00 7.662884955248042695e-01 3.050108118236805610e-01 1.116898508667897829e+02 0.000000000000000000e+00 
-4.625429977128451497e+00 7.905814528629987459e-01 3.018813440004342041e-01 1.063728691015673178e+02 0.000000000000000000e+00 
-4.767927700604031038e+00 8.644158798445868985e-01 2.932994234572730008e-01 1.059908687989172620e+02 0.000000000000000000e+00 
-4.800194902897576554e+00 8.392895169771182884e-01 2.826525292529321609e-01 1.105994673713606460e+02 0.000000000000000000e+00 
-4.523527748852495201e+00 8.573988153815708113e-01 2.826724917051604558e-01 1.129503526277447207e+02 0.000000000000000000e+00 
-4.506552663920568413e+00 8.168472731089797545e-01 2.812287636607805341e-01 1.014793569041762566e+02 0.000000000000000000e+00 
-4.458294497042631477e+00 8.504130286728724952e-01 2.796257453210266308e-01 1.041005354928531119e+02 0.000000000000000000e+00 
-4.157021594572874790e+00 8.819910344277924752e-01 2.805974130909374975e-01 1.043746085462679503e+02 0.000000000000000000e+00 
-4.388597528349877486e+00 8.524266763076069342e-01 2.706090321151561895e-01 1.041060779877757909e+02 0.000000000000000000e+00 
-4.410399929602513147e+00 8.155561794559987865e-01 2.717355402829320088e-01 1.041875091460755556e+02 0.000000000000000000e+00 
-4.536647208968450862e+00 7.778318609828577257e-01 2.702536629814775160e-01 1.014362949381924324e+02 0.000000000000000000e+00 
-4.569124696915929817e+00 7.601255088417961936e-01 2.675517006029566880e-01 9.980601949734246148e+01 0.000000000000000000e+00 
-4.749089627326223528e+00 7.420478580356362208e-01 2.771181993677653832e-01 9.948704183824503389e+01 0.000000000000000000e+00 
-5.116332227046862080e+00 8.213451571744017077e-01 2.683911373534170197e-01 1.119717170182767774e+02 0.000000000000000000e+00 
-4.926500603564407221e+00 8.161280628516407454e-01 2.653348790950962321e-01 1.128667528481980042e+02 0.000000000000000000e+00 
-4.619415684868743099e+00 8.338144738519426280e-01 2.751045750201004947e-01 1.163120402110598661e+02 0.000000000000000000e+00 
-4.352589020281445009e+00 8.010153795068364335e-01 2.597901555169669918e-01 1.155971150224090991e+02 0.000000000000000000e+00 
-4.169703560526814456e+00 8.045351281358853468e-01 2.593447988020736172e-01 1.170279378566853978e+02 0.000000000000000000e+00 
-4.217781149450574141e+00 8.103895213671491460e-01 2.667807964898301631e-01 1.242020063241333077e+02 0.000000000000000000e+00 
-3.981274691816156341e+00 8.554681086263477008e-01 2.577659708527187399e-01 1.240966273141379332e+02 0.000000000000000000e+00 
-3.944225281519333492e+00 8.291668964847144219e-01 2.664811717789691836e-01 1.226255688853765662e+02 0.000000000000000000e+00 
-3.982911430985419443e+00 8.122985969779343840e-01 2.623685622166586628e-01 1.282846541888700642e+02 0.000000000000000000e+00 
-4.012165227300371839e+00 8.036754913505428366e-01 2.736068665991515658e-01 1.290370927422192437e+02 0.000000000000000000e+00 
-4.313049114815846963e+00 8.180127477680901871e-01 2.750336455732699248e-01 1.296029631215732536e+02 0.000000000000000000e+00 
-4.298853995094177982e+00 8.008441523094913528e-01 2.779202742002175319e-01 1.279914017306484624e+02 0.000000000000000000e+00 
-4.403347861441443634e+00 7.936694453434732788e-01 2.716211327626743000e-01 1.323030298093469526e+02 0.000000000000000000e+00 
-4.609809200460510681e+00 7.554374142094488764e-01 2.745869702718737870e-01 1.292228430645617721e+02 0.000000000000000000e+00 
-4.615010506425931247e+00 7.180940705612356423e-01 2.703248586887658789e-01 1.318395051946940271e+02 0.000000000000000000e+00 
-4.408997347035429115e+00 6.807568044233264226e-01 2.682986282595269945e-01 1.268608351583233116e+02 0.000000000000000000e+00 
-4.388084062138462471e+00 6.726960034845459457e-01 2.689792212082952050e-01 1.263421688375056107e+02 0.000000000000000000e+00 
-4.322729559063140492e+00 6.537086823498687860e-01 2.654516710602271012e-01 1.216522186327035939e+02 0.000000000000000000e+00 
-4.115794102946212618e+00 6.916273242199219018e-01 2.693749656193275555e-01 1.196738725852849825e+02 0.000000000000000000e+00 
-4.453866542971214315e+00 6.203300601439936113e-01 2.611757683661289353e-01 1.200665311568395452e+02 0.000000000000000000e+00 
-4.516104221064555446e+00 6.534990446654571628e-01 2.585440771035855678e-01 1.264489571495043094e+02 0.000000000000000000e+00 
-4.418728533782763535e+00 6.942890854874859130e-01 2.606679616965268953e-01 1.249574337508188648e+02 0.000000000000000000e+00 
-4.343828656783914610e+00 6.742891416651939362e-01 2.611497238869801563e-01 1.281115020135932525e+02 0.000000000000000000e+00 
-3.935092261255693558e+00 6.474071642991727771e-01 2.605706121706573564e-01 1.267081325180063374e+02 0.000000000000000000e+00 
-3.895164164425164000e+00 6.940323869068503182e-01 2.671509540481382672e-01 1.263776893889747868e+02 0.000000000000000000e+00 
-3.767606875120813381e+00 7.483584281012904960e-01 2.639088083032540832e-01 1.292739694673683175e+02 0.000000000000000000e+00 
-3.753046491184381050e+00 6.658583240847854023e-01 2.660588772263315360e-01 1.322929418484812061e+02 0.000000000000000000e+00 
-3.741203823239746651e+00 6.615511663763166128e-01 2.599316434488401217e-01 1.333857116801461302e+02 0.000000000000000000e+00 
-3.600494480861785807e+00 6.925350524389448648e-01 2.567223278454858204e-01 1.343142943305859376e+02 0.000000000000000000e+00 
-3.427622708000820584e+00 6.836131739196876778e-01 2.593799317202546972e-01 1.443633507413117911e+02 0.000000000000000000e+00 
-3.432034218027723238e+00 6.866653553232755502e-01 2.630173102506436766e-01 1.421823548524056946e+02 0.000000000000000000e+00 
-3.561014956316166380e+00 6.971364276224771839e-01 2.712811098674745569e-01 1.435810451447192406e+02 0.000000000000000000e+00 
-3.600031687498959521e+00 7.054631328615070807e-01 2.767740039670985586e-01 1.469968405428148515e+02 0.000000000000000000e+00 
-3.688189840939780417e+00 7.051804319608501181e-01 2.822448131947316585e-01 1.518170285076802486e+02 0.000000000000000000e+00 
-3.513027630134311519e+00 7.274094344883624830e-01 2.787450529968845125e-01 1.528511907639076242e+02 0.000000000000000000e+00 
-3.686995704708365906e+00 6.900290954566872248e-01 2.779538222551644622e-01 1.534910875017276055e+02 0.000000000000000000e+00 
-3.493211743855242801e+00 6.294875215623408904e-01 2.767429827859849700e-01 1.473519008571151403e+02 0.000000000000000000e+00 
-3.472517704936997518e+00 6.540182542175102531e-01 2.757741896619526067e-01 1.405020299629363763e+02 0.000000000000000000e+00 
-3.527070226659482444e+00 6.527801470415203200e-01 2.790348247415329053e-01 1.407361434344003328e+02 0.000000000000000000e+00 
-3.669841315761613210e+00 6.389478493287006344e-01 2.781809510899042048e-01 1.351424260368463308e+02 0.000000000000000000e+00 
-3.803917961259799085e+00 6.546261333137954885e-01 2.722821737487570171e-01 1.262805141668004580e+02 0.000000000000000000e+00 
-3.783026454502395719e+00 6.278739771556617333e-01 2.828789353327513800e-01 1.253973227136103361e+02 0.000000000000000000e+00 
-3.776958028774397569e+00 6.421513362594272190e-01 2.856156672436280797e-01 1.177955714827061371e+02 0.000000000000000000e+00 
-3.642687012400192437e+00 6.902754503176078416e-01 2.910918680837724648e-01 1.097497975480039543e+02 0.000000000000000000e+00 
-3.899627924577833138e+00 7.398310421034220985e-01 2.962765759095396523e-01 1.034158708616313334e+02 0.000000000000000000e+00 
-3.733293940824710333e+00 7.774816496991412418e-01 3.015589102837081259e-01 9.821160978325360702e+01 0.000000000000000000e+00 
-3.868868601590937928e+00 7.388777633500900333e-01 3.093659042251653002e-01 9.692480388987443973e+01 0.000000000000000000e+00 
-3.538477715622197817e+00 7.687616798740332102e-01 3.194197168115936458e-01 9.705994250098905241e+01 0.000000000000000000e+00 
-3.184022619113667130e+00 8.010739291465481804e-01 3.226644849263490267e-01 9.694037628480455737e+01 0.000000000000000000e+00 
-3.120151047616123385e+00 8.078278771966377336e-01 3.152131160281976818e-01 9.392788717057163694e+01 0.000000000000000000e+00 
-3.283881913950215115e+00 7.815784988944912692e-01 3.112260522482004355e-01 9.507626204343432619e+01 0.000000000000000000e+00 
-3.142611396426509440e+00 7.847177257646126280e-01 3.285564639035336576e-01 9.586448545385268005e+01 0.000000000000000000e+00 
-3.078062616693365783e+00 7.249760656434768302e-01 3.326124580907486306e-01 9.811284762713935947e+01 0.000000000000000000e+00 
-3.167784209020919395e+00 6.969628836858844378e-01 3.172177574740195349e-01 8.992758912257036741e+01 0.000000000000000000e+00 
-3.414479963422162534e+00 7.430328264965805340e-01 3.207751461815456229e-01 8.321456067147686042e+01 0.000000000000000000e+00 
-3.325898804403618847e+00 6.670941007936109779e-01 3.249217143401395558e-01 8.197443145090009864e+01 0.000000000000000000e+00 
-3.224951053677954871e+00 6.921061943307323938e-01 3.185909239578212371e-01 8.712401590287679198e+01 0.000000000000000000e+00 
-3.100779513998488390e+00 6.964409418159619447e-01 3.141316920446328154e-01 7.396095962610047536e+01 0.000000000000000000e+00 
-3.209739286298057159e+00 6.795851871893981988e-01 3.054581801780840156e-01 7.639227279562977913e+01 0.000000000000000000e+00 
-3.315128095696278532e+00 7.241589324261713534e-01 3.129447449185676078e-01 7.725835965075035006e+01 0.000000000000000000e+00 
-3.229870711896764224e+00 6.936275394086499624e-01 3.099905870067022340e-01 7.444973723915603614e+01 0.000000000000000000e+00 
-3.132578622573624738e+00 7.823564989296644123e-01 3.024323085716919546e-01 7.783378794415236257e+01 0.000000000000000000e+00 
